OpenTimeStamp,Open,High,Low,Close,Volume,CloseTimeStamp
1683417600000,28848.19000000,28861.82000000,28848.19000000,28856.06000000,40.15372000,1683417659999,1158708.13360650,764,26.93782000,777312.75528450,0
1683417660000,28856.06000000,28863.94000000,28850.78000000,28854.92000000,22.28992000,1683417719999,643226.57710300,504,10.45526000,301698.88186460,0
1683417720000,28854.91000000,28860.50000000,28854.91000000,28860.49000000,8.98938000,1683417779999,259400.87813780,452,6.46891000,186666.52211670,0
1683417780000,28860.49000000,28867.28000000,28860.49000000,28867.27000000,18.02459000,1683417839999,520276.30512030,428,10.09567000,291394.78366350,0
1683417840000,28867.27000000,28867.32000000,28867.27000000,28867.30000000,7.93853000,1683417899999,229163.92347810,284,3.04982000,88040.05031620,0
1683417900000,28867.30000000,28867.30000000,28867.29000000,28867.29000000,4.91224000,1683417959999,141803.09493600,265,3.83064000,110580.23407200,0
1683417960000,28867.30000000,28867.30000000,28847.62000000,28850.42000000,35.03699000,1683418019999,1011133.43317510,822,10.79776000,311514.30165850,0
1683418020000,28850.43000000,28850.43000000,28835.97000000,28839.49000000,12.58376000,1683418079999,362979.10852280,579,2.59391000,74814.53382190,0
1683418080000,28839.49000000,28845.23000000,28837.81000000,28837.81000000,10.63367000,1683418139999,306699.54728560,496,3.83932000,110729.56234020,0
1683418140000,28837.81000000,28837.82000000,28837.81000000,28837.81000000,3.85929000,1683418199999,111293.48917120,295,1.74163000,50224.81244660,0
1683418200000,28837.82000000,28837.82000000,28820.76000000,28831.59000000,14.90266000,1683418259999,429573.51022580,461,9.73083000,280466.95655810,0
1683418260000,28831.59000000,28846.47000000,28831.58000000,28846.47000000,5.70163000,1683418319999,164419.85821530,356,4.05666000,116977.74410690,0
1683418320000,28846.47000000,28846.47000000,28829.38000000,28834.61000000,10.02345000,1683418379999,289065.38591800,721,3.27345000,94392.02071350,0
1683418380000,28834.60000000,28839.38000000,28834.60000000,28836.52000000,3.91348000,1683418439999,112856.16665470,396,2.64070000,76151.55696560,0
1683418440000,28836.51000000,28840.82000000,28836.10000000,28839.87000000,8.46072000,1683418499999,244004.34619870,317,5.95540000,171749.23884630,0
1683418500000,28839.86000000,28839.87000000,28837.47000000,28837.49000000,5.56033000,1683418559999,160350.64628550,293,4.50933000,130041.05678010,0
1683418560000,28837.49000000,28837.49000000,28837.43000000,28837.43000000,2.91026000,1683418619999,83924.56665710,256,0.91458000,26374.18610720,0
1683418620000,28837.44000000,28837.44000000,28828.15000000,28834.48000000,9.61640000,1683418679999,277247.51857570,396,8.17762000,235761.40226440,0
1683418680000,28834.49000000,28834.49000000,28825.06000000,28825.06000000,4.46993000,1683418739999,128873.41921320,456,1.20869000,34848.07052620,0
1683418740000,28825.07000000,28825.07000000,28820.85000000,28820.85000000,12.01283000,1683418799999,346244.81593120,377,3.82828000,110339.05692220,0
1683418800000,28820.85000000,28864.22000000,28820.85000000,28864.21000000,57.06982000,1683418859999,1645870.13592170,1046,40.27849000,1161381.95691160,0
1683418860000,28864.22000000,28877.60000000,28817.47000000,28833.01000000,101.30326000,1683418919999,2922402.06721590,1711,46.58752000,1343460.88787810,0
1683418920000,28833.02000000,28835.73000000,28811.58000000,28824.34000000,54.03143000,1683418979999,1557272.14588990,914,26.25748000,756664.55739530,0
1683418980000,28824.33000000,28827.70000000,28824.33000000,28825.76000000,3.83390000,1683419039999,110514.24782910,257,2.20644000,63600.41852990,0
1683419040000,28825.76000000,28825.76000000,28819.47000000,28823.79000000,21.57349000,1683419099999,621796.93899350,521,5.94329000,171286.06085680,0
1683419100000,28823.78000000,28823.79000000,28814.42000000,28814.43000000,11.96855000,1683419159999,344918.48062390,364,3.69913000,106610.95378310,0
1683419160000,28814.42000000,28814.43000000,28810.17000000,28810.17000000,6.89714000,1683419219999,198723.80937880,413,0.75368000,21714.60485930,0
1683419220000,28810.17000000,28822.43000000,28809.35000000,28809.35000000,26.10400000,1683419279999,752210.37905470,733,16.42864000,473374.05022910,0
1683419280000,28809.36000000,28815.36000000,28804.11000000,28813.98000000,24.06234000,1683419339999,693195.36225050,613,10.96450000,315866.93268920,0
1683419340000,28813.99000000,28813.99000000,28809.65000000,28811.13000000,3.53097000,1683419399999,101729.33259750,197,1.86767000,53807.52337520,0
1683419400000,28811.12000000,28815.68000000,28811.12000000,28815.67000000,2.48022000,1683419459999,71466.16152710,290,1.46161000,42114.39454770,0
1683419460000,28815.68000000,28815.68000000,28815.67000000,28815.67000000,3.13358000,1683419519999,90296.21993310,227,1.27345000,36695.32769600,0
1683419520000,28815.68000000,28816.70000000,28815.67000000,28816.69000000,3.96662000,1683419579999,114303.14289520,244,2.66840000,76893.18197290,0
1683419580000,28816.70000000,28816.70000000,28816.69000000,28816.69000000,2.58897000,1683419639999,74605.55223950,189,0.63302000,18241.54743400,0
1683419640000,28816.70000000,28816.70000000,28811.92000000,28811.93000000,6.22140000,1683419699999,179275.78941490,323,0.99683000,28723.55024260,0
1683419700000,28811.93000000,28820.00000000,28811.92000000,28820.00000000,12.69622000,1683419759999,365838.49310050,512,10.36879000,298771.15573540,0
1683419760000,28819.99000000,28821.93000000,28819.99000000,28821.92000000,6.17131000,1683419819999,177859.90167020,368,4.95816000,142895.82069950,0
1683419820000,28821.93000000,28825.00000000,28805.08000000,28805.09000000,19.25250000,1683419879999,554819.55341530,575,3.99006000,114998.76779680,0
1683419880000,28805.09000000,28811.32000000,28791.85000000,28791.86000000,34.88498000,1683419939999,1004834.88074010,787,11.75726000,338663.79067510,0
1683419940000,28791.85000000,28804.15000000,28791.85000000,28804.15000000,5.08123000,1683419999999,146331.61130870,365,3.47382000,100038.49788650,0
1683420000000,28804.14000000,28809.47000000,28804.14000000,28806.72000000,11.07253000,1683420059999,318974.79833550,376,2.75175000,79267.91365710,0
1683420060000,28806.73000000,28806.73000000,28803.61000000,28803.61000000,6.05672000,1683420119999,174465.44731720,374,0.87350000,25161.28449220,0
1683420120000,28803.61000000,28813.39000000,28803.61000000,28813.38000000,6.64067000,1683420179999,191299.28744170,378,4.79096000,138008.02070580,0
1683420180000,28813.38000000,28819.33000000,28813.38000000,28819.32000000,3.42410000,1683420239999,98673.04222550,231,2.34202000,67488.67019110,0
1683420240000,28819.32000000,28833.00000000,28819.32000000,28833.00000000,4.96612000,1683420299999,143151.74783350,453,3.59897000,103736.95688770,0
1683420300000,28833.00000000,28901.76000000,28832.99000000,28890.94000000,70.42828000,1683420359999,2033577.08515130,1894,46.93650000,1355188.56433950,0
1683420360000,28890.95000000,28920.46000000,28887.89000000,28920.45000000,81.26513000,1683420419999,2349075.83697610,1783,52.88076000,1528714.17298480,0
1683420420000,28920.46000000,28920.46000000,28875.98000000,28875.98000000,72.90080000,1683420479999,2107483.09684730,1096,19.51318000,563884.40483210,0
1683420480000,28875.99000000,28903.02000000,28872.13000000,28898.85000000,59.45364000,1683420539999,1717344.73606340,1333,40.65756000,1174359.07852570,0
1683420540000,28898.84000000,28929.25000000,28894.03000000,28907.73000000,54.96399000,1683420599999,1589217.18297350,1562,33.36075000,964458.87086210,0
1683420600000,28907.72000000,28912.66000000,28902.23000000,28902.24000000,10.23909000,1683420659999,295981.64820810,477,6.59605000,190674.09006130,0
1683420660000,28902.23000000,28904.55000000,28893.38000000,28893.38000000,22.17795000,1683420719999,640960.30896720,632,7.16929000,207199.68787920,0
1683420720000,28893.38000000,28910.20000000,28893.34000000,28910.20000000,46.29500000,1683420779999,1338160.81118920,769,35.68253000,1031389.76688720,0
1683420780000,28910.19000000,28943.16000000,28905.34000000,28939.39000000,36.60623000,1683420839999,1058704.36346630,1448,25.20519000,728886.70723900,0
1683420840000,28939.40000000,28940.07000000,28920.01000000,28932.37000000,60.51219000,1683420899999,1750685.66880650,1070,27.47245000,794663.36341090,0
1683420900000,28932.38000000,28956.30000000,28925.28000000,28947.73000000,75.06790000,1683420959999,2172796.81241820,1714,39.72991000,1149855.90952830,0
1683420960000,28947.74000000,28947.74000000,28927.36000000,28940.00000000,35.72322000,1683421019999,1033646.16214090,807,15.62990000,452203.94334210,0
1683421020000,28940.00000000,28940.00000000,28916.78000000,28926.73000000,40.52884000,1683421079999,1172387.42582970,1017,20.57853000,595199.93413420,0
1683421080000,28926.74000000,28934.13000000,28921.01000000,28927.17000000,12.87193000,1683421139999,372355.02426140,562,7.79503000,225484.51204050,0
1683421140000,28927.17000000,28947.14000000,28927.16000000,28942.72000000,32.91925000,1683421199999,952639.70611750,756,18.40904000,532675.28219740,0
1683421200000,28942.73000000,28950.51000000,28942.72000000,28950.00000000,39.25563000,1683421259999,1136424.86539600,758,11.99634000,347269.12457160,0
1683421260000,28950.00000000,28950.51000000,28929.06000000,28934.29000000,44.25287000,1683421319999,1280958.78813070,631,7.11366000,205873.34393380,0
1683421320000,28934.28000000,28934.29000000,28934.26000000,28934.27000000,3.91548000,1683421379999,113291.57687410,249,0.38798000,11225.92304300,0
1683421380000,28934.26000000,28934.27000000,28914.67000000,28914.67000000,15.01702000,1683421439999,434371.80695740,638,3.90586000,112961.99766020,0
1683421440000,28914.67000000,28921.86000000,28902.08000000,28913.75000000,37.21120000,1683421499999,1075858.29354010,709,24.55649000,709944.31941380,0
1683421500000,28913.76000000,28913.76000000,28893.95000000,28896.66000000,13.86483000,1683421559999,400722.45352110,596,8.07000000,233233.41198070,0
1683421560000,28896.66000000,28896.84000000,28872.22000000,28874.60000000,18.89194000,1683421619999,545642.15090920,706,4.24347000,122536.91651290,0
1683421620000,28874.60000000,28874.60000000,28814.48000000,28827.92000000,71.83760000,1683421679999,2071499.02133000,1844,26.70069000,769683.27736610,0
1683421680000,28827.92000000,28851.62000000,28827.92000000,28840.96000000,16.70916000,1683421739999,481860.93492070,614,10.99845000,317162.37161580,0
1683421740000,28840.97000000,28844.11000000,28830.62000000,28838.25000000,16.41172000,1683421799999,473260.49227320,561,7.49458000,216106.55448610,0
1683421800000,28838.26000000,28839.19000000,28825.24000000,28825.24000000,14.17174000,1683421859999,408592.11549760,472,2.39226000,68979.60266950,0
1683421860000,28825.25000000,28839.36000000,28825.24000000,28838.10000000,16.38478000,1683421919999,472428.69659150,427,10.05502000,289902.78026550,0
1683421920000,28838.09000000,28838.10000000,28828.78000000,28828.78000000,17.60580000,1683421979999,507632.29108010,443,1.59737000,46056.31355030,0
1683421980000,28828.78000000,28838.84000000,28827.40000000,28837.84000000,31.87050000,1683422039999,918873.10281510,437,25.31251000,729763.38424660,0
1683422040000,28837.84000000,28846.16000000,28837.83000000,28846.15000000,8.36676000,1683422099999,241294.33115670,281,7.26218000,209431.81146170,0
1683422100000,28846.15000000,28846.17000000,28842.03000000,28842.03000000,13.57089000,1683422159999,391463.61569070,284,4.83967000,139604.58349370,0
1683422160000,28842.04000000,28847.00000000,28831.96000000,28847.00000000,17.28016000,1683422219999,498377.04659510,583,9.84335000,283887.81110620,0
1683422220000,28846.99000000,28849.97000000,28846.99000000,28849.38000000,5.91975000,1683422279999,170775.73866560,302,3.26236000,94113.20552710,0
1683422280000,28849.37000000,28874.56000000,28849.37000000,28874.55000000,5.90122000,1683422339999,170311.39917030,672,5.17184000,149258.00617810,0
1683422340000,28874.55000000,28920.00000000,28874.55000000,28919.37000000,23.97839000,1683422399999,693147.12257920,1009,16.05140000,463985.20166720,0
1683422400000,28919.38000000,28922.15000000,28907.90000000,28921.51000000,22.98692000,1683422459999,664689.94592670,666,16.61962000,480572.49291970,0
1683422460000,28921.51000000,28946.73000000,28921.51000000,28945.15000000,38.83973000,1683422519999,1123824.25953850,1023,22.77967000,659095.06355840,0
1683422520000,28945.15000000,29039.61000000,28934.04000000,29017.40000000,411.68760000,1683422579999,11937971.83549700,6354,233.59526000,6773346.41939090,0
1683422580000,29017.40000000,29046.74000000,29008.75000000,29010.33000000,87.46796000,1683422639999,2538887.42261610,1946,54.69620000,1587538.30651560,0
1683422640000,29010.32000000,29047.07000000,29005.64000000,29018.17000000,63.59394000,1683422699999,1845840.32655830,1388,37.12545000,1077510.55970930,0
1683422700000,29018.16000000,29059.99000000,29018.16000000,29040.79000000,115.64290000,1683422759999,3358417.04851880,1757,88.23043000,2562255.08437770,0
1683422760000,29040.78000000,29106.58000000,29040.78000000,29098.69000000,167.03989000,1683422819999,4857361.74794500,3838,113.95791000,3313990.20032170,0
1683422820000,29098.68000000,29138.29000000,29075.00000000,29099.25000000,224.61995000,1683422879999,6538010.73957320,3872,116.60937000,3394306.87650440,0
1683422880000,29099.25000000,29104.38000000,29085.49000000,29091.03000000,39.31965000,1683422939999,1143996.19741700,1006,18.98436000,552318.44080780,0
1683422940000,29091.03000000,29091.03000000,29076.34000000,29076.34000000,14.06640000,1683422999999,409148.24681360,548,4.72678000,137490.20933490,0
1683423000000,29076.34000000,29112.91000000,29076.34000000,29096.94000000,54.76781000,1683423059999,1593709.41184400,1276,40.54369000,1179705.13910980,0
1683423060000,29096.93000000,29099.61000000,29046.66000000,29046.79000000,32.10386000,1683423119999,933355.64973600,1085,10.65311000,309722.87327910,0
1683423120000,29046.78000000,29046.79000000,29023.95000000,29023.95000000,28.55110000,1683423179999,829071.04615010,959,12.77069000,370833.01870100,0
1683423180000,29023.96000000,29032.45000000,29023.95000000,29030.40000000,25.68403000,1683423239999,745537.46840400,606,15.09495000,438149.94255720,0
1683423240000,29030.40000000,29043.01000000,29026.89000000,29039.92000000,42.00465000,1683423299999,1219509.06930860,790,29.48614000,856041.28331960,0
1683423300000,29039.91000000,29039.92000000,29023.66000000,29023.66000000,26.02717000,1683423359999,755598.62205950,559,5.44700000,158139.53882120,0
1683423360000,29023.67000000,29023.67000000,29015.57000000,29019.75000000,15.25754000,1683423419999,442765.73825270,576,9.22708000,267758.39533870,0
1683423420000,29019.75000000,29019.75000000,29005.13000000,29005.81000000,18.53899000,1683423479999,537852.02380580,746,4.21830000,122369.21202750,0
1683423480000,29005.81000000,29017.17000000,28991.12000000,28991.49000000,46.81550000,1683423539999,1357785.93717820,1133,17.69395000,513174.20647220,0
1683423540000,28991.50000000,28995.28000000,28980.19000000,28980.19000000,37.26095000,1683423599999,1080206.65265050,770,11.58840000,335962.00117170,0
1683423600000,28980.19000000,28992.18000000,28980.19000000,28991.33000000,20.37605000,1683423659999,590655.58662360,372,15.48719000,448930.93942260,0
1683423660000,28991.33000000,28991.34000000,28979.78000000,28987.98000000,18.39377000,1683423719999,533155.41839910,432,5.38202000,155993.04440320,0
1683423720000,28987.99000000,29003.53000000,28987.98000000,28995.79000000,21.37964000,1683423779999,619972.49487320,521,9.04010000,262115.23372340,0
1683423780000,28995.79000000,29000.64000000,28993.43000000,29000.63000000,11.48585000,1683423839999,333045.39964730,397,8.41291000,243941.69918190,0
1683423840000,29000.63000000,29000.64000000,28999.43000000,28999.43000000,10.11327000,1683423899999,293282.40939530,245,0.60283000,17481.98721760,0
1683423900000,28999.44000000,28999.44000000,28970.01000000,28973.08000000,78.22747000,1683423959999,2267166.71152530,1185,43.33326000,1255769.31834290,0
1683423960000,28973.08000000,28973.09000000,28946.90000000,28946.91000000,21.64656000,1683424019999,626953.56538800,1062,3.57338000,103481.57901050,0
1683424020000,28946.90000000,28946.91000000,28925.01000000,28930.48000000,24.77620000,1683424079999,716953.40863380,1106,12.74162000,368685.38393220,0
1683424080000,28930.48000000,28945.03000000,28930.47000000,28938.61000000,9.47296000,1683424139999,274151.03852290,477,4.89963000,141791.51974780,0
1683424140000,28938.61000000,28953.67000000,28937.67000000,28953.61000000,10.79149000,1683424199999,312325.54778020,457,6.03022000,174530.59830740,0
1683424200000,28953.62000000,28958.87000000,28953.61000000,28958.87000000,7.06436000,1683424259999,204545.60847500,344,6.10861000,176872.05844190,0
1683424260000,28958.87000000,28966.58000000,28954.05000000,28954.05000000,10.18757000,1683424319999,295057.63796680,470,3.52324000,102034.22401900,0
1683424320000,28954.05000000,28954.06000000,28929.90000000,28930.88000000,22.57347000,1683424379999,653285.96433180,576,5.20925000,150742.82860010,0
1683424380000,28930.88000000,28947.58000000,28930.88000000,28943.33000000,10.50729000,1683424439999,304107.35385990,518,4.80918000,139178.53619860,0
1683424440000,28943.32000000,28943.32000000,28883.61000000,28883.61000000,42.66090000,1683424499999,1233157.22613490,1874,9.09446000,262807.07444200,0
1683424500000,28883.61000000,28884.43000000,28866.41000000,28878.59000000,43.88690000,1683424559999,1267293.49092400,1344,16.22638000,468520.48631020,0
1683424560000,28878.59000000,28888.15000000,28878.58000000,28886.77000000,21.16715000,1683424619999,611426.25759300,539,6.99830000,202140.46577060,0
1683424620000,28886.77000000,28886.78000000,28853.13000000,28876.47000000,30.68746000,1683424679999,885844.83810650,1086,11.63570000,335820.39928550,0
1683424680000,28876.46000000,28881.77000000,28851.08000000,28859.30000000,56.33156000,1683424739999,1626008.36880540,1140,25.75388000,743215.21473510,0
1683424740000,28859.29000000,28887.79000000,28859.29000000,28887.79000000,10.32475000,1683424799999,298163.92994010,590,7.09457000,204874.30410970,0
1683424800000,28887.78000000,28898.29000000,28887.78000000,28898.28000000,9.11122000,1683424859999,263245.03629910,446,4.87333000,140805.92977660,0
1683424860000,28898.28000000,28906.39000000,28898.28000000,28906.39000000,9.81395000,1683424919999,283658.30875230,391,9.14470000,264315.77731890,0
1683424920000,28906.39000000,28919.93000000,28906.38000000,28919.92000000,7.95049000,1683424979999,229875.96617030,422,5.76757000,166752.64694510,0
1683424980000,28919.92000000,28921.52000000,28918.04000000,28918.05000000,39.44248000,1683425039999,1140677.88957960,439,5.34397000,154547.42405720,0
1683425040000,28918.04000000,28918.05000000,28906.01000000,28906.02000000,34.16457000,1683425099999,987886.79013420,503,5.76411000,166679.75104910,0
1683425100000,28906.01000000,28906.02000000,28892.72000000,28892.81000000,25.12542000,1683425159999,726067.23888760,529,7.68875000,222161.60078500,0
1683425160000,28892.80000000,28908.22000000,28892.80000000,28908.22000000,9.51704000,1683425219999,275019.49980200,448,8.37517000,242017.45320190,0
1683425220000,28908.22000000,28911.58000000,28907.57000000,28907.57000000,8.17607000,1683425279999,236369.61535980,233,4.63258000,133925.74346850,0
1683425280000,28907.57000000,28926.88000000,28907.57000000,28926.87000000,10.20512000,1683425339999,295124.24387110,436,9.58184000,277097.47812750,0
1683425340000,28926.88000000,28937.81000000,28926.87000000,28935.14000000,18.37295000,1683425399999,531631.79773950,1184,10.81989000,313067.14058590,0
1683425400000,28935.14000000,28945.48000000,28935.13000000,28945.47000000,6.31533000,1683425459999,182771.20340700,361,5.13687000,148664.76607630,0
1683425460000,28945.47000000,28945.48000000,28937.54000000,28938.50000000,11.49674000,1683425519999,332754.76700150,271,2.66907000,77249.57635250,0
1683425520000,28938.50000000,28941.87000000,28929.48000000,28929.48000000,11.16973000,1683425579999,323237.04522190,398,4.22618000,122302.19676260,0
1683425580000,28929.49000000,28939.26000000,28928.83000000,28939.26000000,10.27779000,1683425639999,297396.38532250,319,6.36371000,184132.17666840,0
1683425640000,28939.25000000,28939.26000000,28900.00000000,28900.01000000,27.77968000,1683425699999,803228.39473080,833,3.07131000,88805.93594200,0
1683425700000,28900.01000000,28925.03000000,28900.00000000,28925.02000000,6.80019000,1683425759999,196594.48047230,445,5.85450000,169252.92936440,0
1683425760000,28925.03000000,28925.03000000,28864.20000000,28864.20000000,55.04845000,1683425819999,1590633.81296940,1306,11.85814000,342601.01081560,0
1683425820000,28864.21000000,28864.91000000,28830.07000000,28839.02000000,48.89139000,1683425879999,1410341.48343470,1684,17.72059000,511140.94601290,0
1683425880000,28839.02000000,28850.00000000,28827.95000000,28849.99000000,55.34615000,1683425939999,1595989.36415930,1234,31.58205000,910734.53239900,0
1683425940000,28849.99000000,28866.58000000,28846.58000000,28865.00000000,16.97958000,1683425999999,489977.64358530,546,10.16699000,293386.82819720,0
1683426000000,28865.00000000,28887.80000000,28865.00000000,28870.62000000,40.13625000,1683426059999,1158978.95610690,1055,27.17087000,784565.86377630,0
1683426060000,28870.62000000,28887.04000000,28870.62000000,28887.04000000,15.37179000,1683426119999,443955.98234890,491,6.63255000,191541.16902120,0
1683426120000,28887.04000000,28894.49000000,28887.03000000,28894.09000000,11.85583000,1683426179999,342535.01198320,438,8.20405000,237020.11635030,0
1683426180000,28894.08000000,28900.98000000,28894.08000000,28898.85000000,6.98223000,1683426239999,201782.81521500,379,2.43678000,70419.00778710,0
1683426240000,28898.86000000,28899.98000000,28874.01000000,28874.01000000,30.94612000,1683426299999,894059.08910250,578,2.23661000,64618.91189340,0
1683426300000,28874.01000000,28884.51000000,28874.01000000,28884.50000000,12.86566000,1683426359999,371535.42890980,301,12.35098000,356670.77573350,0
1683426360000,28884.50000000,28896.93000000,28884.50000000,28893.34000000,12.71969000,1683426419999,367500.03254000,453,9.41227000,271928.36894390,0
1683426420000,28893.35000000,28895.76000000,28890.87000000,28890.87000000,5.72696000,1683426479999,165480.33022710,312,2.15948000,62397.69058610,0
1683426480000,28890.96000000,28893.15000000,28889.45000000,28890.01000000,9.21082000,1683426539999,266114.03645190,368,4.35760000,125894.17176720,0
1683426540000,28890.02000000,28890.02000000,28890.01000000,28890.02000000,2.36690000,1683426599999,68379.78017210,200,1.55031000,44788.48690620,0
1683426600000,28890.02000000,28896.42000000,28890.01000000,28895.57000000,11.36302000,1683426659999,328313.08601090,396,8.47432000,244843.80015980,0
1683426660000,28895.56000000,28895.57000000,28895.56000000,28895.57000000,1.85619000,1683426719999,53635.65829190,168,0.87755000,25357.30745350,0
1683426720000,28895.57000000,28909.08000000,28895.56000000,28909.08000000,17.98578000,1683426779999,519859.50876320,418,17.08201000,493733.56844340,0
1683426780000,28909.08000000,28914.49000000,28909.07000000,28914.49000000,12.62155000,1683426839999,364915.08005750,393,11.29716000,326621.33950360,0
1683426840000,28914.48000000,28914.49000000,28900.29000000,28900.30000000,9.72404000,1683426899999,281139.19277770,400,2.75484000,79649.82677710,0
1683426900000,28900.30000000,28900.30000000,28870.00000000,28870.00000000,12.87466000,1683426959999,371882.75862860,615,1.27859000,36922.74051960,0
1683426960000,28870.00000000,28886.10000000,28868.64000000,28886.09000000,17.33661000,1683427019999,500574.47452000,491,16.03625000,463024.48331130,0
1683427020000,28886.09000000,28886.10000000,28880.61000000,28880.61000000,3.15942000,1683427079999,91260.81935690,256,0.86562000,25004.21369690,0
1683427080000,28880.62000000,28888.25000000,28880.61000000,28888.25000000,3.01285000,1683427139999,87020.04496690,203,2.22375000,64227.64966440,0
1683427140000,28888.25000000,28888.25000000,28855.73000000,28855.73000000,17.09737000,1683427199999,493613.69675730,752,2.19375000,63341.78763950,0
1683427200000,28855.73000000,28888.25000000,28848.48000000,28888.25000000,31.42949000,1683427259999,906979.06529210,766,16.44697000,474622.68922740,0
1683427260000,28888.24000000,28890.56000000,28884.94000000,28888.59000000,8.30884000,1683427319999,240018.15682650,403,3.96539000,114545.84180030,0
1683427320000,28888.23000000,28888.23000000,28865.75000000,28865.76000000,11.78478000,1683427379999,340326.10463620,519,0.57867000,16706.58188160,0
1683427380000,28865.76000000,28868.08000000,28844.54000000,28844.55000000,30.97647000,1683427439999,893906.92865970,624,16.63680000,480085.99027380,0
1683427440000,28844.55000000,28846.79000000,28837.18000000,28846.03000000,22.26682000,1683427499999,642209.07482350,693,10.53765000,303909.55591360,0
1683427500000,28846.04000000,28857.35000000,28837.48000000,28837.49000000,22.72994000,1683427559999,655705.92125150,683,12.23331000,352921.23498110,0
1683427560000,28837.49000000,28838.31000000,28826.86000000,28838.30000000,27.54176000,1683427619999,794155.48345490,701,10.89411000,314110.37365680,0
1683427620000,28838.31000000,28864.62000000,28838.30000000,28864.61000000,15.91435000,1683427679999,459229.44346780,560,14.75296000,425718.41073040,0
1683427680000,28864.62000000,28870.00000000,28863.38000000,28863.39000000,7.12072000,1683427739999,205561.32590040,425,1.52689000,44077.03001770,0
1683427740000,28863.39000000,28863.39000000,28859.09000000,28863.20000000,5.20740000,1683427799999,150291.34443280,237,3.08788000,89116.54093920,0
1683427800000,28863.21000000,28870.53000000,28855.95000000,28855.96000000,24.64043000,1683427859999,711205.01060040,630,6.75485000,194952.53398640,0
1683427860000,28855.96000000,28855.96000000,28855.90000000,28855.91000000,2.72900000,1683427919999,78747.82078660,200,1.33018000,38383.57987260,0
1683427920000,28855.91000000,28855.91000000,28833.35000000,28833.36000000,22.75313000,1683427979999,656274.11438390,687,5.89196000,169920.20347360,0
1683427980000,28833.35000000,28843.60000000,28824.33000000,28824.33000000,36.65686000,1683428039999,1057091.56551130,680,14.54890000,419518.25845290,0
1683428040000,28824.33000000,28843.23000000,28822.29000000,28843.23000000,22.49225000,1683428099999,648355.82951980,602,11.77995000,339571.77671550,0
1683428100000,28843.22000000,28843.58000000,28841.24000000,28841.24000000,4.97093000,1683428159999,143371.16394920,242,0.83908000,24200.53128990,0
1683428160000,28841.24000000,28841.25000000,28834.85000000,28834.86000000,5.66734000,1683428219999,163438.35551710,292,0.69338000,19996.34972150,0
1683428220000,28834.85000000,28834.86000000,28823.13000000,28823.14000000,16.53882000,1683428279999,476815.62292380,454,5.64932000,162858.71588270,0
1683428280000,28823.13000000,28823.14000000,28815.79000000,28815.79000000,20.54957000,1683428339999,592227.98465630,630,11.43407000,329515.30507050,0
1683428340000,28815.80000000,28825.49000000,28813.82000000,28816.20000000,23.39212000,1683428399999,674154.85223910,694,13.41001000,386456.90221740,0
1683428400000,28816.20000000,28834.08000000,28814.48000000,28826.70000000,29.36507000,1683428459999,846388.28089300,885,22.26566000,641724.67372680,0
1683428460000,28826.71000000,28826.71000000,28816.20000000,28817.19000000,10.79103000,1683428519999,311008.53863050,432,1.61282000,46478.25066910,0
1683428520000,28817.19000000,28835.56000000,28817.18000000,28831.78000000,18.31257000,1683428579999,527877.23774800,520,12.84134000,370123.25348720,0
1683428580000,28831.78000000,28831.79000000,28744.98000000,28785.87000000,155.30703000,1683428639999,4469199.34617960,3305,63.76408000,1834427.04679340,0
1683428640000,28785.87000000,28805.21000000,28780.85000000,28792.20000000,47.47636000,1683428699999,1367019.45464910,863,25.85965000,744605.20826510,0
1683428700000,28792.20000000,28816.42000000,28792.20000000,28811.39000000,31.40939000,1683428759999,904811.51705510,834,17.32645000,499037.34379680,0
1683428760000,28811.39000000,28811.40000000,28801.93000000,28801.93000000,8.77778000,1683428819999,252847.15971140,313,5.98048000,172270.52882550,0
1683428820000,28801.93000000,28808.09000000,28801.93000000,28807.54000000,10.35586000,1683428879999,298295.29537180,376,7.32765000,211066.63942180,0
1683428880000,28807.55000000,28820.38000000,28807.54000000,28820.37000000,15.20224000,1683428939999,438038.94064600,442,11.87989000,342309.11355430,0
1683428940000,28820.38000000,28821.36000000,28801.05000000,28801.06000000,14.03026000,1683428999999,404232.02422460,536,2.45390000,70686.40799050,0
1683429000000,28801.05000000,28805.99000000,28799.72000000,28805.99000000,15.42246000,1683429059999,444196.12204020,412,10.27266000,295873.45077920,0
1683429060000,28805.99000000,28818.41000000,28805.72000000,28815.62000000,14.53139000,1683429119999,418696.06048770,348,7.67142000,221025.57038580,0
1683429120000,28815.61000000,28821.36000000,28815.39000000,28820.35000000,8.61955000,1683429179999,248388.25380520,312,4.96960000,143204.90637210,0
1683429180000,28820.35000000,28821.07000000,28818.72000000,28820.96000000,11.06769000,1683429239999,318970.53096930,329,4.19317000,120844.16319660,0
1683429240000,28820.97000000,28845.63000000,28820.96000000,28845.61000000,45.28730000,1683429299999,1305666.99465590,616,41.56178000,1198259.18396920,0
1683429300000,28845.62000000,28845.62000000,28842.57000000,28842.58000000,6.43778000,1683429359999,185686.11258850,252,2.34784000,67717.91786520,0
1683429360000,28842.58000000,28843.54000000,28842.57000000,28843.22000000,5.16928000,1683429419999,149098.52206070,268,2.66262000,76798.49271230,0
1683429420000,28843.23000000,28843.23000000,28785.58000000,28789.65000000,34.68519000,1683429479999,999601.18601270,882,3.42267000,98584.35813720,0
1683429480000,28789.65000000,28815.83000000,28789.64000000,28809.00000000,17.73891000,1683429539999,510997.82731960,608,8.95622000,257957.48113850,0
1683429540000,28808.99000000,28809.00000000,28791.46000000,28793.37000000,6.62986000,1683429599999,190922.69013200,325,3.44413000,99167.92141100,0
1683429600000,28793.38000000,28798.04000000,28780.00000000,28787.49000000,43.26168000,1683429659999,1245313.61404020,560,26.13842000,752351.11896030,0
1683429660000,28787.48000000,28792.79000000,28779.99000000,28779.99000000,30.93274000,1683429719999,890355.84405460,400,23.40390000,673624.81722260,0
1683429720000,28780.00000000,28780.00000000,28770.52000000,28771.39000000,18.78189000,1683429779999,540474.10899140,568,7.77759000,223801.19131010,0
1683429780000,28771.39000000,28792.74000000,28771.39000000,28785.66000000,152.23429000,1683429839999,4381417.10507960,678,144.77354000,4166613.16329310,0
1683429840000,28785.67000000,28788.48000000,28779.90000000,28779.91000000,14.38359000,1683429899999,414038.54279010,577,5.11681000,147290.84262290,0
1683429900000,28779.90000000,28787.04000000,28769.90000000,28771.98000000,32.21744000,1683429959999,927139.25510260,667,13.87251000,399177.33093330,0
1683429960000,28771.98000000,28775.45000000,28769.99000000,28775.45000000,23.59115000,1683430019999,678791.18944560,486,8.55814000,246246.75032030,0
1683430020000,28775.44000000,28783.62000000,28775.01000000,28777.29000000,21.28687000,1683430079999,612591.61480310,449,11.54370000,332201.78871810,0
1683430080000,28777.29000000,28780.06000000,28777.28000000,28780.06000000,5.25335000,1683430139999,151190.45897390,252,3.70008000,106487.32101360,0
1683430140000,28780.05000000,28780.06000000,28771.10000000,28771.10000000,9.14567000,1683430199999,263167.16510650,336,1.18333000,34046.13273840,0
1683430200000,28771.11000000,28771.93000000,28766.79000000,28766.80000000,15.32119000,1683430259999,440797.25347670,572,7.74714000,222889.66224800,0
1683430260000,28766.80000000,28766.80000000,28744.08000000,28744.08000000,28.48937000,1683430319999,819311.38070880,831,11.02419000,317025.92695320,0
1683430320000,28744.09000000,28770.71000000,28744.08000000,28756.18000000,19.73892000,1683430379999,567667.22059320,706,11.45658000,329433.25980710,0
1683430380000,28756.19000000,28760.73000000,28753.08000000,28753.09000000,13.56656000,1683430439999,390104.28068380,453,9.89231000,284453.11079710,0
1683430440000,28753.09000000,28777.61000000,28745.78000000,28774.93000000,11.14509000,1683430499999,320540.26006230,642,7.83748000,225416.47739080,0
1683430500000,28774.93000000,28794.68000000,28774.76000000,28786.24000000,14.62637000,1683430559999,421071.44633700,583,7.77453000,223811.45139410,0
1683430560000,28786.24000000,28804.40000000,28780.33000000,28780.33000000,42.43903000,1683430619999,1222166.53527490,731,27.30924000,786453.32649390,0
1683430620000,28780.33000000,28785.19000000,28768.55000000,28785.19000000,31.05053000,1683430679999,893536.05711370,737,23.88191000,687234.89685030,0
1683430680000,28785.18000000,28785.19000000,28768.40000000,28771.00000000,34.98176000,1683430739999,1006580.08605550,567,13.07636000,376235.04504710,0
1683430740000,28771.01000000,28772.27000000,28763.45000000,28763.45000000,7.45268000,1683430799999,214401.39443710,344,2.19409000,63120.07109430,0
1683430800000,28763.45000000,28776.74000000,28763.45000000,28776.73000000,7.21585000,1683430859999,207589.24086240,350,6.85348000,197163.41579690,0
1683430860000,28776.73000000,28787.78000000,28776.73000000,28786.38000000,9.60297000,1683430919999,276407.89278140,424,4.79141000,137910.02729580,0
1683430920000,28786.39000000,28790.17000000,28786.38000000,28788.98000000,7.92527000,1683430979999,228157.67607510,406,4.59467000,132271.04327530,0
1683430980000,28788.98000000,28788.99000000,28767.68000000,28767.68000000,12.20984000,1683431039999,351421.11394210,393,2.90298000,83560.52668790,0
1683431040000,28767.68000000,28772.01000000,28767.68000000,28769.61000000,7.45878000,1683431099999,214590.29301700,261,3.32869000,95762.44765190,0
1683431100000,28769.61000000,28774.85000000,28765.24000000,28765.25000000,11.37574000,1683431159999,327269.98771620,442,6.79667000,195517.81240040,0
1683431160000,28765.25000000,28782.36000000,28765.24000000,28782.36000000,11.74937000,1683431219999,338069.74087270,440,9.90287000,284943.21303420,0
1683431220000,28782.35000000,28788.11000000,28782.35000000,28783.14000000,9.48694000,1683431279999,273094.27054880,363,2.15273000,61962.75308200,0
1683431280000,28783.15000000,28795.25000000,28779.01000000,28780.56000000,31.16950000,1683431339999,897338.28426340,521,13.35874000,384600.98165260,0
1683431340000,28780.56000000,28794.68000000,28780.41000000,28794.67000000,21.51546000,1683431399999,619313.94758980,332,20.70556000,595999.34333440,0
1683431400000,28794.67000000,28804.41000000,28794.67000000,28803.17000000,8.66834000,1683431459999,249663.77849430,327,5.56487000,160277.42572030,0
1683431460000,28803.18000000,28803.18000000,28795.92000000,28795.93000000,21.00473000,1683431519999,604947.29333000,377,3.17808000,91530.65291170,0
1683431520000,28795.92000000,28802.40000000,28793.96000000,28802.39000000,12.98137000,1683431579999,373840.25098350,370,5.41525000,155949.23295240,0
1683431580000,28802.39000000,28804.88000000,28800.16000000,28800.17000000,20.58137000,1683431639999,592801.70285400,387,3.45172000,99419.06784760,0
1683431640000,28800.17000000,28819.85000000,28800.16000000,28817.34000000,12.70422000,1683431699999,366005.60089140,616,10.58509000,304937.34717960,0
1683431700000,28817.34000000,28817.35000000,28803.49000000,28803.50000000,21.02452000,1683431759999,605714.22661220,396,3.08903000,88986.19129100,0
1683431760000,28803.50000000,28804.23000000,28793.83000000,28797.46000000,23.94921000,1683431819999,689763.16561610,472,8.40385000,242021.93057280,0
1683431820000,28797.18000000,28800.00000000,28794.05000000,28799.99000000,12.93103000,1683431879999,372382.57706740,375,3.76425000,108400.11438020,0
1683431880000,28799.99000000,28812.27000000,28799.99000000,28808.10000000,7.55547000,1683431939999,217656.33794350,404,3.90828000,112578.16230980,0
1683431940000,28808.09000000,28808.10000000,28795.75000000,28798.56000000,14.67246000,1683431999999,422574.43011140,425,4.50749000,129802.03266160,0
1683432000000,28798.57000000,28802.23000000,28798.56000000,28802.22000000,4.22684000,1683432059999,121738.99984350,288,1.83770000,52926.75651880,0
1683432060000,28802.22000000,28816.56000000,28802.22000000,28816.56000000,14.08857000,1683432119999,405887.96046660,362,11.93850000,343960.52442290,0
1683432120000,28816.55000000,28816.56000000,28796.65000000,28798.55000000,18.80992000,1683432179999,541852.45110940,370,4.60347000,132622.45514270,0
1683432180000,28798.56000000,28802.67000000,28798.55000000,28800.94000000,9.67489000,1683432239999,278649.12431020,236,2.86966000,82645.25615310,0
1683432240000,28800.94000000,28809.56000000,28800.93000000,28809.56000000,7.73703000,1683432299999,222864.18698970,311,5.68580000,163769.52167050,0
1683432300000,28809.56000000,28816.11000000,28809.55000000,28816.10000000,4.66799000,1683432359999,134502.01555340,199,3.74683000,107958.13373610,0
1683432360000,28816.11000000,28816.11000000,28812.87000000,28812.88000000,5.90586000,1683432419999,170180.97299610,206,1.32142000,38076.96735460,0
1683432420000,28812.87000000,28819.69000000,28812.87000000,28819.69000000,10.01860000,1683432479999,288699.86321020,270,9.74955000,280946.64884120,0
1683432480000,28819.68000000,28822.33000000,28819.68000000,28820.27000000,7.14074000,1683432539999,205807.41371870,291,2.26444000,65263.13279840,0
1683432540000,28820.26000000,28828.39000000,28820.26000000,28828.38000000,7.09577000,1683432599999,204528.43342200,333,6.54719000,188714.93599230,0
1683432600000,28828.39000000,28828.39000000,28824.11000000,28824.79000000,5.00491000,1683432659999,144270.59742930,183,3.70283000,106734.39308270,0
1683432660000,28824.79000000,28824.79000000,28810.50000000,28810.50000000,16.31874000,1683432719999,470268.00009200,324,0.99871000,28778.94456870,0
1683432720000,28810.50000000,28810.51000000,28800.00000000,28803.49000000,23.98050000,1683432779999,690740.73431610,416,5.20310000,149858.32451830,0
1683432780000,28803.49000000,28813.69000000,28800.01000000,28813.69000000,29.65040000,1683432839999,854048.07755160,412,27.36895000,788337.40718670,0
1683432840000,28813.69000000,28813.69000000,28809.48000000,28809.48000000,6.59533000,1683432899999,190026.24730570,260,0.81850000,23581.59781850,0
1683432900000,28809.49000000,28817.54000000,28803.61000000,28817.45000000,9.67329000,1683432959999,278695.66183590,438,6.23274000,179575.72202700,0
1683432960000,28817.45000000,28823.83000000,28816.13000000,28823.82000000,6.25505000,1683433019999,180266.49596920,385,4.99233000,143878.57035500,0
1683433020000,28823.83000000,28853.28000000,28823.82000000,28853.22000000,33.40992000,1683433079999,963630.08406000,932,26.83543000,773966.07456080,0
1683433080000,28853.23000000,28853.23000000,28845.67000000,28845.67000000,7.81902000,1683433139999,225570.80938820,338,2.36064000,68095.58021410,0
1683433140000,28845.68000000,28845.68000000,28827.30000000,28827.31000000,15.03197000,1683433199999,433501.65685140,423,3.69241000,106471.26234490,0
1683433200000,28827.31000000,28827.31000000,28821.34000000,28821.35000000,4.71519000,1683433259999,135905.65510220,254,1.66508000,47990.45292870,0
1683433260000,28821.34000000,28844.16000000,28821.34000000,28835.73000000,26.83729000,1683433319999,773769.76040240,629,18.18258000,524145.69683510,0
1683433320000,28835.74000000,28835.74000000,28823.11000000,28826.44000000,12.31007000,1683433379999,354912.63562660,448,3.42584000,98756.61495700,0
1683433380000,28826.45000000,28830.98000000,28826.11000000,28826.12000000,3.32699000,1683433439999,95913.74989860,343,0.45319000,13064.59724420,0
1683433440000,28826.11000000,28826.12000000,28822.49000000,28822.50000000,3.52993000,1683433499999,101752.49748530,248,1.58926000,45811.68478500,0
1683433500000,28822.50000000,28826.12000000,28822.49000000,28826.12000000,4.36103000,1683433559999,125705.08769960,343,3.38685000,97623.75178730,0
1683433560000,28826.11000000,28829.59000000,28820.24000000,28829.58000000,10.46422000,1683433619999,301631.86751830,475,3.98391000,114837.32847820,0
1683433620000,28829.58000000,28829.59000000,28822.06000000,28822.07000000,3.25082000,1683433679999,93711.64900970,266,1.40334000,40453.12044620,0
1683433680000,28822.06000000,28822.07000000,28813.73000000,28813.74000000,16.57122000,1683433739999,477565.73773020,434,2.57525000,74209.06079360,0
1683433740000,28813.73000000,28813.74000000,28812.00000000,28812.00000000,5.80171000,1683433799999,167163.07865790,284,1.43627000,41382.92861020,0
1683433800000,28812.01000000,28814.38000000,28812.00000000,28812.37000000,5.53237000,1683433859999,159405.25340250,312,3.88707000,111997.57886290,0
1683433860000,28812.38000000,28815.64000000,28812.26000000,28813.44000000,11.75676000,1683433919999,338746.28995870,326,2.54448000,73315.33452140,0
1683433920000,28813.44000000,28813.44000000,28800.00000000,28804.66000000,21.96903000,1683433979999,632853.10874170,471,2.91078000,83835.97802100,0
1683433980000,28804.67000000,28806.02000000,28787.02000000,28797.34000000,38.77905000,1683434039999,1116679.01702160,708,10.05294000,289453.71629760,0
1683434040000,28797.34000000,28812.24000000,28797.34000000,28809.14000000,21.26825000,1683434099999,612545.88451070,386,19.96720000,575068.76126800,0
1683434100000,28809.14000000,28811.93000000,28806.55000000,28811.92000000,4.95318000,1683434159999,142694.66471470,309,2.79154000,80420.02519090,0
1683434160000,28811.93000000,28814.38000000,28807.80000000,28807.81000000,6.71994000,1683434219999,193617.56615520,342,0.84210000,24263.12568830,0
1683434220000,28807.80000000,28807.81000000,28787.66000000,28792.59000000,26.34703000,1683434279999,758742.42737310,645,4.54493000,130848.01637320,0
1683434280000,28792.59000000,28796.39000000,28792.58000000,28795.14000000,7.13530000,1683434339999,205450.52613670,221,6.41034000,184574.57802500,0
1683434340000,28795.15000000,28809.69000000,28795.14000000,28806.58000000,16.04842000,1683434399999,462295.09845070,493,5.59156000,161050.24150160,0
1683434400000,28806.59000000,28818.43000000,28800.09000000,28818.43000000,7.48172000,1683434459999,215514.20569030,503,5.72237000,164839.86219040,0
1683434460000,28818.43000000,28824.27000000,28818.42000000,28819.83000000,6.71798000,1683434519999,193615.61879530,350,4.52708000,130470.07238930,0
1683434520000,28819.84000000,28819.84000000,28806.29000000,28806.40000000,12.86125000,1683434579999,370501.42952860,364,7.67746000,221160.45447250,0
1683434580000,28806.39000000,28809.13000000,28806.39000000,28809.11000000,13.13819000,1683434639999,378472.97638920,335,11.20455000,322768.87650180,0
1683434640000,28809.12000000,28818.69000000,28809.11000000,28818.68000000,4.18496000,1683434699999,120582.16183500,292,2.92641000,84320.82172590,0
1683434700000,28818.68000000,28829.78000000,28818.68000000,28829.77000000,18.08312000,1683434759999,521180.81302250,355,17.58945000,506953.04467930,0
1683434760000,28829.78000000,28845.66000000,28829.77000000,28845.65000000,17.49926000,1683434819999,504650.44102720,449,14.27656000,411700.65939140,0
1683434820000,28845.65000000,28846.56000000,28844.57000000,28846.56000000,17.25559000,1683434879999,497746.04338450,333,6.72847000,194090.53939350,0
1683434880000,28846.55000000,28846.56000000,28837.62000000,28837.63000000,7.24771000,1683434939999,209038.43274180,311,2.37999000,68647.71377690,0
1683434940000,28837.63000000,28837.63000000,28834.03000000,28834.03000000,4.65111000,1683434999999,134123.34168420,210,2.44978000,70644.97793870,0
1683435000000,28834.04000000,28834.04000000,28825.11000000,28828.71000000,10.67062000,1683435059999,307596.33199580,462,8.09156000,233243.71051060,0
1683435060000,28828.72000000,28839.19000000,28828.72000000,28836.39000000,7.21201000,1683435119999,207975.33575120,330,3.63296000,104759.84941300,0
1683435120000,28836.39000000,28837.82000000,28836.39000000,28837.81000000,3.55250000,1683435179999,102442.50525780,212,3.02893000,87343.94972800,0
1683435180000,28837.82000000,28837.82000000,28827.57000000,28828.75000000,10.75824000,1683435239999,310190.50173460,368,2.28780000,65953.09635350,0
1683435240000,28828.75000000,28829.73000000,28828.74000000,28829.72000000,3.46661000,1683435299999,99939.76501660,192,1.73792000,50102.22131760,0
1683435300000,28829.72000000,28829.73000000,28829.00000000,28829.01000000,7.49625000,1683435359999,216113.86286440,244,3.40408000,98138.31880790,0
1683435360000,28829.00000000,28829.01000000,28828.74000000,28828.74000000,1.41418000,1683435419999,40769.14405620,181,0.40197000,11588.32148770,0
1683435420000,28828.74000000,28830.46000000,28826.67000000,28830.46000000,6.39625000,1683435479999,184390.96597580,291,4.16198000,119982.32137150,0
1683435480000,28830.47000000,28834.72000000,28829.10000000,28834.72000000,8.26225000,1683435539999,238207.32064140,385,4.83696000,139454.02990430,0
1683435540000,28834.71000000,28840.04000000,28834.71000000,28840.03000000,6.44654000,1683435599999,185896.29926800,306,3.35455000,96736.55237100,0
1683435600000,28840.03000000,28844.12000000,28831.27000000,28836.03000000,22.79005000,1683435659999,657273.82193510,609,5.17456000,149231.99021440,0
1683435660000,28836.03000000,28836.04000000,28832.25000000,28832.25000000,7.06779000,1683435719999,203794.48704720,264,1.28790000,37134.51728380,0
1683435720000,28832.26000000,28835.72000000,28832.25000000,28835.72000000,5.39806000,1683435779999,155646.96376680,264,4.57741000,131983.16666650,0
1683435780000,28835.71000000,28838.39000000,28832.79000000,28832.79000000,32.30884000,1683435839999,931670.76694700,473,5.33145000,153738.49914340,0
1683435840000,28832.79000000,28850.62000000,28827.13000000,28847.35000000,103.76743000,1683435899999,2992603.15830520,1121,63.60432000,1834293.40397300,0
1683435900000,28847.35000000,28857.67000000,28842.75000000,28851.56000000,39.91273000,1683435959999,1151543.12369210,717,22.23686000,641548.12520840,0
1683435960000,28851.55000000,28851.56000000,28839.11000000,28839.11000000,6.87528000,1683436019999,198313.64707510,350,1.40608000,40556.54972320,0
1683436020000,28839.11000000,28856.57000000,28839.11000000,28856.56000000,24.32066000,1683436079999,701553.66388700,510,23.13350000,667297.90246660,0
1683436080000,28856.57000000,28858.65000000,28852.26000000,28858.65000000,17.15162000,1683436139999,494926.46216130,496,10.66597000,307770.43603890,0
1683436140000,28858.65000000,28862.60000000,28852.09000000,28852.10000000,25.31673000,1683436199999,730607.64921190,506,15.25421000,440221.58886270,0
1683436200000,28852.10000000,28854.18000000,28840.98000000,28840.99000000,18.22349000,1683436259999,525747.64356090,452,3.29609000,95097.19658000,0
1683436260000,28840.98000000,28842.02000000,28840.98000000,28842.01000000,4.88061000,1683436319999,140765.03049830,281,3.63017000,104699.88309270,0
1683436320000,28842.02000000,28842.02000000,28834.66000000,28834.66000000,11.21419000,1683436379999,323413.79665790,411,2.00939000,57947.40155280,0
1683436380000,28834.67000000,28838.30000000,28834.66000000,28838.29000000,9.00276000,1683436439999,259609.67269010,372,7.80690000,225123.80557980,0
1683436440000,28838.30000000,28853.12000000,28838.29000000,28853.11000000,13.49234000,1683436499999,389247.02550270,438,8.46378000,244168.01108700,0
1683436500000,28853.12000000,28853.12000000,28845.96000000,28845.97000000,5.31711000,1683436559999,153387.44387630,428,2.27768000,65703.79756430,0
1683436560000,28845.96000000,28847.03000000,28837.81000000,28846.96000000,32.94694000,1683436619999,950266.93386270,557,22.26928000,642263.50006540,0
1683436620000,28846.96000000,28846.97000000,28826.35000000,28833.09000000,39.53326000,1683436679999,1139982.21616510,715,5.60573000,161632.00915670,0
1683436680000,28833.10000000,28834.85000000,28833.09000000,28834.85000000,4.11068000,1683436739999,118527.74678840,290,3.27635000,94470.87489720,0
1683436740000,28834.85000000,28835.93000000,28834.77000000,28834.77000000,7.38285000,1683436799999,212886.54990020,302,2.79170000,80498.48787930,0
1683436800000,28834.78000000,28834.78000000,28827.97000000,28827.97000000,6.84427000,1683436859999,197342.17375160,383,2.10740000,60763.47922240,0
1683436860000,28827.97000000,28832.64000000,28827.97000000,28829.36000000,9.76067000,1683436919999,281410.07423010,383,4.44651000,128196.72441450,0
1683436920000,28829.36000000,28829.37000000,28829.36000000,28829.36000000,2.19330000,1683436979999,63231.44841260,204,1.31246000,37837.39495020,0
1683436980000,28829.36000000,28833.23000000,28824.88000000,28825.84000000,22.62218000,1683437039999,652181.82046270,651,7.83725000,225919.20051180,0
1683437040000,28825.85000000,28826.07000000,28825.84000000,28826.06000000,4.55545000,1683437099999,131315.19913010,240,2.28842000,65965.84250770,0
1683437100000,28826.06000000,28836.53000000,28826.06000000,28836.52000000,12.03247000,1683437159999,346914.97654260,380,11.48376000,331092.60149300,0
1683437160000,28836.53000000,28851.99000000,28833.42000000,28848.42000000,13.36425000,1683437219999,385474.47931200,666,10.67506000,307899.00495860,0
1683437220000,28848.42000000,28852.37000000,28848.42000000,28852.37000000,4.90538000,1683437279999,141525.04703900,375,3.46712000,100028.71433090,0
1683437280000,28852.37000000,28852.37000000,28829.28000000,28831.72000000,16.21348000,1683437339999,467651.81797650,516,2.39327000,69012.21472690,0
1683437340000,28830.89000000,28834.48000000,28830.89000000,28834.48000000,7.81204000,1683437399999,225245.73155520,347,4.81512000,138834.29428960,0
1683437400000,28834.47000000,28849.12000000,28834.47000000,28849.12000000,11.77085000,1683437459999,339505.34151680,463,10.69598000,308500.56841530,0
1683437460000,28849.12000000,28877.83000000,28849.11000000,28877.83000000,45.26549000,1683437519999,1306379.32738800,939,38.26567000,1104349.63748860,0
1683437520000,28877.82000000,28882.88000000,28865.97000000,28879.08000000,26.41506000,1683437579999,762781.34112280,856,10.77037000,311008.84998320,0
1683437580000,28879.07000000,28897.23000000,28875.00000000,28896.69000000,26.55447000,1683437639999,767013.65927150,1132,18.09946000,522802.77957670,0
1683437640000,28896.68000000,28903.49000000,28880.00000000,28884.74000000,38.24154000,1683437699999,1105050.42575650,1009,17.52086000,506293.23507060,0
1683437700000,28884.74000000,28884.75000000,28871.21000000,28872.13000000,13.43627000,1683437759999,387989.34855870,529,6.09822000,176080.10111350,0
1683437760000,28872.14000000,28872.14000000,28869.69000000,28869.69000000,2.54176000,1683437819999,73381.49481660,232,1.38564000,40003.52494640,0
1683437820000,28869.69000000,28869.70000000,28869.69000000,28869.69000000,3.19433000,1683437879999,92219.33884870,245,2.19910000,63487.35727000,0
1683437880000,28869.70000000,28874.98000000,28869.69000000,28874.98000000,5.12412000,1683437939999,147947.58552940,308,3.10141000,89543.46954180,0
1683437940000,28874.97000000,28874.98000000,28871.10000000,28873.51000000,6.35785000,1683437999999,183566.09266850,383,4.52222000,130565.46981470,0
1683438000000,28873.51000000,28897.94000000,28871.00000000,28897.93000000,16.85665000,1683438059999,486800.11217950,798,11.32198000,326979.48586650,0
1683438060000,28897.94000000,28897.94000000,28881.08000000,28889.75000000,16.64052000,1683438119999,480702.28514850,600,8.39231000,242398.83697600,0
1683438120000,28889.75000000,28889.75000000,28878.48000000,28881.25000000,8.66639000,1683438179999,250314.69534360,412,4.37603000,126388.55912200,0
1683438180000,28881.24000000,28894.87000000,28881.24000000,28894.86000000,7.85638000,1683438239999,226959.48812460,478,6.89869000,199298.23992210,0
1683438240000,28894.86000000,28896.42000000,28889.32000000,28893.96000000,18.63440000,1683438299999,538403.72689290,605,11.13464000,321703.74710610,0
1683438300000,28893.95000000,28906.24000000,28893.95000000,28900.33000000,19.54752000,1683438359999,564968.98499670,723,10.56211000,305264.48893550,0
1683438360000,28900.32000000,28911.05000000,28897.82000000,28902.56000000,104.95636000,1683438419999,3033970.01966010,1197,32.74429000,946403.48339680,0
1683438420000,28902.56000000,28902.57000000,28890.22000000,28890.22000000,14.07510000,1683438479999,406723.80147200,567,9.64119000,278596.67369330,0
1683438480000,28890.22000000,28893.11000000,28888.66000000,28892.91000000,15.47116000,1683438539999,446970.37843290,594,8.65916000,250162.40883030,0
1683438540000,28892.90000000,28892.91000000,28888.66000000,28890.09000000,21.22706000,1683438599999,613246.89147170,584,12.92307000,373342.43344350,0
1683438600000,28890.08000000,28890.09000000,28878.48000000,28878.48000000,17.29004000,1683438659999,499427.39647920,699,2.71415000,78391.79018190,0
1683438660000,28878.49000000,28880.28000000,28878.48000000,28880.27000000,4.26123000,1683438719999,123060.89859730,296,2.90361000,83853.86630910,0
1683438720000,28880.27000000,28889.82000000,28880.27000000,28887.38000000,17.30858000,1683438779999,499990.34700860,462,8.53147000,246431.37888120,0
1683438780000,28887.38000000,28890.00000000,28855.79000000,28863.64000000,43.21437000,1683438839999,1247615.27383710,1187,12.72350000,367299.79434920,0
1683438840000,28863.64000000,28871.02000000,28863.63000000,28871.02000000,9.13361000,1683438899999,263674.96558990,315,8.36047000,241356.72518250,0
1683438900000,28871.02000000,28878.98000000,28869.52000000,28871.40000000,21.25042000,1683438959999,613568.20068820,508,13.99780000,404159.08810860,0
1683438960000,28871.41000000,28880.00000000,28869.03000000,28880.00000000,8.15377000,1683439019999,235424.44271060,424,5.73452000,165576.37512160,0
1683439020000,28880.00000000,28880.23000000,28870.89000000,28870.89000000,11.63002000,1683439079999,335836.77047000,380,3.30747000,95512.00116470,0
1683439080000,28870.90000000,28882.11000000,28870.89000000,28881.55000000,4.50986000,1683439139999,130220.87659320,352,2.94922000,85159.37603310,0
1683439140000,28881.55000000,28890.01000000,28881.54000000,28890.00000000,18.98052000,1683439199999,548294.76191310,357,13.52371000,390648.17674770,0
1683439200000,28890.00000000,28907.70000000,28890.00000000,28897.88000000,64.79408000,1683439259999,1872253.72103970,722,59.09157000,1707442.49258120,0
1683439260000,28897.88000000,28897.88000000,28883.40000000,28883.40000000,19.46850000,1683439319999,562454.43395070,573,2.08575000,60252.59708360,0
1683439320000,28883.41000000,28883.41000000,28878.54000000,28878.54000000,9.97473000,1683439379999,288077.67234330,454,4.09310000,118206.92168810,0
1683439380000,28878.55000000,28880.53000000,28878.54000000,28879.05000000,10.67436000,1683439439999,308265.30276700,344,8.06976000,233045.39647250,0
1683439440000,28879.05000000,28879.06000000,28872.52000000,28875.88000000,11.79752000,1683439499999,340683.03398710,429,2.02711000,58533.43639500,0
1683439500000,28875.89000000,28877.75000000,28873.32000000,28877.74000000,8.75932000,1683439559999,252934.07133450,318,5.24017000,151315.60585960,0
1683439560000,28877.75000000,28877.75000000,28870.00000000,28874.81000000,19.24685000,1683439619999,555719.95059720,505,6.91474000,199654.18203060,0
1683439620000,28874.80000000,28895.04000000,28874.80000000,28891.83000000,21.37051000,1683439679999,617294.95177420,571,19.46413000,562218.28945910,0
1683439680000,28891.83000000,28896.90000000,28891.83000000,28896.89000000,6.72307000,1683439739999,194256.96555340,285,5.96935000,172477.68728330,0
1683439740000,28896.89000000,28897.04000000,28890.91000000,28890.92000000,16.32679000,1683439799999,471772.37946990,540,5.59799000,161760.00950190,0
1683439800000,28890.92000000,28892.15000000,28888.85000000,28892.14000000,13.44416000,1683439859999,388392.90257960,384,9.70989000,280513.14831100,0
1683439860000,28892.15000000,28892.15000000,28885.14000000,28885.14000000,11.30367000,1683439919999,326545.98589620,431,1.76873000,51094.48520900,0
1683439920000,28885.15000000,28897.64000000,28885.14000000,28897.63000000,8.00855000,1683439979999,231373.00187080,335,6.92653000,200108.64537410,0
1683439980000,28897.63000000,28897.64000000,28886.15000000,28886.16000000,8.54725000,1683440039999,246938.86171080,481,2.21131000,63882.49058590,0
1683440040000,28886.16000000,28887.62000000,28886.15000000,28887.61000000,6.58222000,1683440099999,190137.45794430,321,4.26996000,123343.91927650,0
1683440100000,28887.62000000,28894.89000000,28887.61000000,28894.29000000,11.36634000,1683440159999,328407.13828150,409,8.81701000,254746.29118190,0
1683440160000,28894.29000000,28900.11000000,28894.29000000,28900.10000000,6.42232000,1683440219999,185582.09664750,444,5.27530000,152437.94373610,0
1683440220000,28900.10000000,28907.45000000,28900.10000000,28907.45000000,11.08864000,1683440279999,320492.25802440,440,9.93761000,287224.89438140,0
1683440280000,28907.45000000,28908.48000000,28900.67000000,28905.88000000,12.37603000,1683440339999,357743.70171350,529,4.28670000,123911.63231080,0
1683440340000,28905.88000000,28912.60000000,28905.88000000,28912.59000000,10.96866000,1683440399999,317117.25254240,403,8.40023000,242862.42496490,0
1683440400000,28912.59000000,28928.08000000,28912.59000000,28917.81000000,24.66506000,1683440459999,713361.76224930,1262,10.81893000,312891.39784770,0
1683440460000,28917.81000000,28917.82000000,28910.48000000,28911.18000000,9.82035000,1683440519999,283930.93973320,473,5.24200000,151553.96897410,0
1683440520000,28911.19000000,28916.13000000,28911.18000000,28916.13000000,5.49544000,1683440579999,158890.03014980,449,4.27765000,123679.23770300,0
1683440580000,28916.12000000,28917.26000000,28916.12000000,28917.25000000,6.58158000,1683440639999,190318.93833820,373,5.96333000,172441.09439820,0
1683440640000,28917.26000000,28930.01000000,28917.25000000,28930.01000000,7.67524000,1683440699999,221983.11282070,650,5.76178000,166641.60437770,0
1683440700000,28930.01000000,28936.00000000,28917.07000000,28926.81000000,40.57117000,1683440759999,1173705.80075950,1309,28.06577000,811918.33131020,0
1683440760000,28926.81000000,28926.82000000,28906.71000000,28906.71000000,17.53037000,1683440819999,506907.98030460,869,4.46927000,129209.57298130,0
1683440820000,28906.71000000,28911.64000000,28885.14000000,28889.30000000,30.93865000,1683440879999,894122.94855780,759,11.20127000,323664.57197280,0
1683440880000,28889.29000000,28889.30000000,28851.78000000,28871.51000000,56.20857000,1683440939999,1622693.73344100,1173,15.80868000,456434.85717260,0
1683440940000,28871.52000000,28881.77000000,28871.51000000,28874.29000000,21.50486000,1683440999999,620976.99588140,509,16.39436000,473395.43537830,0
1683441000000,28874.29000000,28878.42000000,28870.77000000,28870.78000000,23.00784000,1683441059999,664329.08141840,769,12.06518000,348366.63282900,0
1683441060000,28870.78000000,28870.78000000,28869.41000000,28869.42000000,12.74840000,1683441119999,368049.61505460,354,3.31622000,95738.19601110,0
1683441120000,28869.41000000,28874.88000000,28869.06000000,28874.88000000,8.09983000,1683441179999,233843.70855170,520,5.99834000,173174.03666840,0
1683441180000,28874.88000000,28882.28000000,28874.87000000,28882.28000000,7.08420000,1683441239999,204591.01280890,465,3.20789000,92637.33964530,0
1683441240000,28882.28000000,28882.28000000,28881.00000000,28881.00000000,2.61208000,1683441299999,75441.26527610,303,1.15685000,33412.19719540,0
1683441300000,28881.01000000,28895.66000000,28881.00000000,28895.39000000,9.64254000,1683441359999,278549.95310580,673,5.52980000,159723.33381600,0
1683441360000,28895.40000000,28904.62000000,28892.03000000,28892.47000000,31.56799000,1683441419999,912272.78598110,835,8.82706000,255068.14390870,0
1683441420000,28892.46000000,28904.84000000,28858.77000000,28895.62000000,118.91940000,1683441479999,3435090.51191850,1347,66.02827000,1907471.99164230,0
1683441480000,28895.63000000,28904.12000000,28891.15000000,28903.74000000,27.80551000,1683441539999,803447.75522460,665,20.50393000,592465.45304580,0
1683441540000,28903.73000000,28903.74000000,28901.88000000,28901.88000000,5.07408000,1683441599999,146657.29622930,357,2.70297000,78124.53242810,0
1683441600000,28901.88000000,28909.66000000,28901.88000000,28909.66000000,6.03510000,1683441659999,174442.95346570,482,4.66359000,134799.19702250,0
1683441660000,28909.65000000,28909.74000000,28909.65000000,28909.74000000,4.60807000,1683441719999,133217.80084040,315,3.02074000,87328.60322270,0
1683441720000,28909.73000000,28920.00000000,28909.73000000,28919.99000000,9.70194000,1683441779999,280542.06706950,499,6.03653000,174549.28388960,0
1683441780000,28919.99000000,28928.82000000,28913.19000000,28913.19000000,27.18102000,1683441839999,786146.48341880,673,4.58890000,132731.48598310,0
1683441840000,28913.19000000,28930.88000000,28898.19000000,28925.73000000,128.16198000,1683441899999,3705760.90065240,1183,75.95592000,2196419.72118420,0
1683441900000,28925.72000000,28935.74000000,28925.72000000,28935.73000000,9.85166000,1683441959999,285022.89708810,552,6.16920000,178483.88399420,0
1683441960000,28935.73000000,28935.77000000,28923.06000000,28924.75000000,26.82895000,1683442019999,776204.59746240,666,8.24675000,238575.57996810,0
1683442020000,28924.76000000,28924.76000000,28895.11000000,28902.41000000,19.24574000,1683442079999,556366.12949850,613,6.00653000,173626.65635100,0
1683442080000,28902.42000000,28927.45000000,28902.41000000,28926.43000000,23.75416000,1683442139999,686916.76272430,757,19.92363000,576119.04673060,0
1683442140000,28926.44000000,28927.79000000,28926.22000000,28927.78000000,5.93402000,1683442199999,171652.69373290,337,3.12111000,90284.56911790,0
1683442200000,28927.78000000,28928.13000000,28927.78000000,28928.12000000,8.08536000,1683442259999,233892.04879130,300,6.34030000,183411.14151210,0
1683442260000,28928.13000000,28931.62000000,28928.12000000,28931.62000000,4.74533000,1683442319999,137282.86038880,297,2.96460000,85765.77606220,0
1683442320000,28931.62000000,28931.86000000,28931.61000000,28931.86000000,3.02770000,1683442379999,87596.84247670,328,1.39639000,40400.08560040,0
1683442380000,28931.85000000,28931.86000000,28920.13000000,28920.14000000,11.72666000,1683442439999,339235.38484770,640,1.39763000,40433.85254240,0
1683442440000,28920.14000000,28920.21000000,28920.13000000,28920.20000000,2.43434000,1683442499999,70401.46916110,225,1.80807000,52289.64878580,0
1683442500000,28920.21000000,28929.41000000,28920.00000000,28929.40000000,18.38270000,1683442559999,531645.39719140,514,9.93671000,287380.13999670,0
1683442560000,28929.40000000,28935.94000000,28920.00000000,28920.00000000,15.73707000,1683442619999,455285.24951200,712,8.12083000,234951.74719710,0
1683442620000,28920.00000000,28920.01000000,28918.37000000,28918.38000000,1.56655000,1683442679999,45302.86862580,261,0.74196000,21456.43426060,0
1683442680000,28918.38000000,28918.38000000,28912.74000000,28912.75000000,3.17644000,1683442739999,91854.79722680,292,0.95127000,27507.45746880,0
1683442740000,28912.75000000,28917.81000000,28912.61000000,28914.55000000,10.18935000,1683442799999,294616.06557880,333,5.84816000,169090.83745140,0
1683442800000,28914.56000000,28932.30000000,28914.27000000,28932.29000000,16.42397000,1683442859999,475082.11087740,748,12.56575000,363481.44027820,0
1683442860000,28932.30000000,28932.30000000,28915.49000000,28917.25000000,16.68814000,1683442919999,482710.27398820,594,4.18239000,120958.88684930,0
1683442920000,28917.25000000,28917.25000000,28912.10000000,28912.10000000,8.42370000,1683442979999,243568.78055320,458,2.54525000,73591.54692140,0
1683442980000,28912.10000000,28925.39000000,28912.10000000,28924.86000000,14.63886000,1683443039999,423317.75078530,498,11.48584000,332154.03467830,0
1683443040000,28924.85000000,28926.71000000,28915.90000000,28915.91000000,8.14311000,1683443099999,235514.26384260,471,2.50294000,72389.84229770,0
1683443100000,28915.90000000,28915.91000000,28915.90000000,28915.91000000,6.24650000,1683443159999,180623.18281980,347,1.34698000,38949.15245180,0
1683443160000,28915.90000000,28915.91000000,28915.90000000,28915.91000000,2.84636000,1683443219999,82305.06628370,326,0.51597000,14919.74208270,0
1683443220000,28915.90000000,28915.91000000,28911.21000000,28912.72000000,7.67153000,1683443279999,221801.49009590,388,5.50934000,159284.85511460,0
1683443280000,28912.71000000,28913.88000000,28912.71000000,28913.87000000,5.87902000,1683443339999,169979.06262770,387,3.17127000,91690.31059040,0
1683443340000,28913.87000000,28918.09000000,28913.87000000,28918.09000000,4.36498000,1683443399999,126214.63622760,334,3.69839000,106939.84223470,0
1683443400000,28918.08000000,28923.74000000,28918.08000000,28923.39000000,13.15714000,1683443459999,380511.78486480,423,7.67468000,221957.39052300,0
1683443460000,28923.40000000,28927.56000000,28923.39000000,28927.56000000,10.60286000,1683443519999,306678.81996680,385,8.21950000,237739.90377550,0
1683443520000,28927.55000000,28927.56000000,28922.35000000,28922.36000000,7.69761000,1683443579999,222651.81810800,477,1.41897000,41042.44368660,0
1683443580000,28922.36000000,28927.44000000,28922.35000000,28927.44000000,5.40252000,1683443639999,156267.47667070,372,3.62402000,104821.51739620,0
1683443640000,28927.44000000,28930.97000000,28920.00000000,28920.01000000,25.96472000,1683443699999,751124.33042740,909,4.41284000,127646.87557450,0
1683443700000,28920.00000000,28923.23000000,28920.00000000,28923.22000000,2.89470000,1683443759999,83716.81483350,333,1.18914000,34391.03877040,0
1683443760000,28923.22000000,28930.00000000,28923.22000000,28930.00000000,19.86671000,1683443819999,574665.25623580,645,14.06679000,406894.93251940,0
1683443820000,28930.00000000,28930.24000000,28921.44000000,28921.45000000,20.66621000,1683443879999,597815.40688910,453,1.46315000,42318.78572380,0
1683443880000,28921.44000000,28921.45000000,28917.51000000,28917.51000000,10.70033000,1683443939999,309441.77104090,435,1.94058000,56117.67738070,0
1683443940000,28917.52000000,28917.52000000,28911.79000000,28914.02000000,16.20530000,1683443999999,468562.80355370,483,9.43348000,272754.39189530,0
1683444000000,28914.02000000,28914.03000000,28913.18000000,28914.01000000,6.04768000,1683444059999,174858.89565980,394,4.19562000,121309.45537760,0
1683444060000,28914.01000000,28914.02000000,28914.01000000,28914.02000000,2.93437000,1683444119999,84844.42010480,285,1.65811000,47942.62570220,0
1683444120000,28914.01000000,28935.77000000,28914.01000000,28935.76000000,24.71892000,1683444179999,714948.42260120,675,23.49583000,679567.42647590,0
1683444180000,28935.76000000,28952.56000000,28935.76000000,28948.84000000,21.29674000,1683444239999,616499.67758400,935,13.36084000,386765.00842440,0
1683444240000,28948.85000000,28950.56000000,28941.49000000,28941.49000000,6.99716000,1683444299999,202537.01683540,499,1.61910000,46869.62450760,0
1683444300000,28941.49000000,28941.50000000,28933.91000000,28933.92000000,7.59919000,1683444359999,219906.36312550,403,2.90021000,83920.84907780,0
1683444360000,28933.92000000,28933.92000000,28915.18000000,28915.19000000,12.47990000,1683444419999,361012.97707590,576,4.87318000,140972.46034090,0
1683444420000,28915.19000000,28915.19000000,28910.02000000,28913.76000000,12.50268000,1683444479999,361480.27759030,476,6.09094000,176096.71824080,0
1683444480000,28913.75000000,28913.76000000,28901.88000000,28901.88000000,10.97751000,1683444539999,317338.29862650,544,2.16805000,62676.66582740,0
1683444540000,28901.89000000,28901.89000000,28892.04000000,28892.05000000,10.73567000,1683444599999,310259.40398050,469,2.37696000,68696.73883530,0
1683444600000,28892.05000000,28910.00000000,28892.04000000,28909.99000000,21.82936000,1683444659999,630825.32193850,604,18.13330000,524020.05217860,0
1683444660000,28910.00000000,28910.00000000,28908.05000000,28908.06000000,5.22290000,1683444719999,150991.53095960,283,0.84588000,24454.13879400,0
1683444720000,28908.06000000,28908.06000000,28901.85000000,28906.89000000,9.19733000,1683444779999,265830.72084770,464,8.03376000,232197.95747550,0
1683444780000,28906.89000000,28913.75000000,28904.98000000,28904.99000000,14.12868000,1683444839999,408459.86868540,521,7.72286000,223255.62831770,0
1683444840000,28904.98000000,28923.58000000,28904.65000000,28922.95000000,15.28949000,1683444899999,442068.26154160,595,11.89309000,343850.33301070,0
1683444900000,28922.95000000,28922.95000000,28917.09000000,28917.09000000,6.16818000,1683444959999,178377.27260610,313,3.41526000,98762.52525660,0
1683444960000,28917.09000000,28932.65000000,28917.09000000,28932.65000000,9.52880000,1683445019999,275634.72191900,577,7.91702000,229005.74988980,0
1683445020000,28932.65000000,28945.27000000,28932.64000000,28934.05000000,9.75163000,1683445079999,282223.33977910,577,3.16758000,91666.77671990,0
1683445080000,28934.06000000,28934.06000000,28928.23000000,28928.24000000,3.88171000,1683445139999,112301.14033330,352,1.03706000,30001.38470390,0
1683445140000,28928.23000000,28928.24000000,28910.12000000,28910.12000000,16.65759000,1683445199999,481677.21649800,534,4.27359000,123554.92063630,0
1683445200000,28910.12000000,28920.31000000,28910.12000000,28916.70000000,13.70157000,1683445259999,396203.00511010,574,10.73277000,310346.78726920,0
1683445260000,28916.70000000,28923.87000000,28916.56000000,28923.86000000,7.72140000,1683445319999,223295.73947240,433,6.98615000,202034.25481070,0
1683445320000,28923.87000000,28936.21000000,28923.86000000,28936.20000000,4.95557000,1683445379999,143357.94022300,553,4.08995000,118317.35515140,0
1683445380000,28936.22000000,28941.43000000,28932.53000000,28934.75000000,50.70400000,1683445439999,1467262.95860100,818,43.75824000,1266266.81796540,0
1683445440000,28934.75000000,28934.75000000,28919.16000000,28919.16000000,9.35750000,1683445499999,270676.69398000,498,0.94187000,27242.49137620,0
1683445500000,28919.16000000,28920.99000000,28919.16000000,28920.98000000,7.51680000,1683445559999,217382.58281830,351,3.87789000,112147.10827470,0
1683445560000,28920.98000000,28920.99000000,28916.64000000,28918.71000000,10.07767000,1683445619999,291431.08126020,383,4.30133000,124385.12773180,0
1683445620000,28918.72000000,28930.00000000,28918.71000000,28929.99000000,4.81443000,1683445679999,139246.25515510,329,4.04922000,117115.28699850,0
1683445680000,28929.98000000,28929.99000000,28922.55000000,28922.56000000,8.96374000,1683445739999,259291.30671560,561,2.02691000,58625.77018550,0
1683445740000,28922.55000000,28927.77000000,28922.55000000,28927.77000000,4.78395000,1683445799999,138377.95801360,351,4.07050000,117739.95519550,0
1683445800000,28927.77000000,28927.77000000,28916.45000000,28916.46000000,9.54340000,1683445859999,276015.35203360,527,3.15204000,91157.32355160,0
1683445860000,28916.46000000,28928.26000000,28916.45000000,28928.26000000,7.59742000,1683445919999,219742.47505710,484,6.35350000,183761.05463090,0
1683445920000,28928.26000000,28928.28000000,28917.77000000,28917.78000000,15.38193000,1683445979999,444935.08300570,502,1.50569000,43551.64803130,0
1683445980000,28917.77000000,28917.78000000,28901.34000000,28907.83000000,11.69518000,1683446039999,338080.93405180,615,5.83695000,168721.15928530,0
1683446040000,28907.83000000,28925.20000000,28907.82000000,28925.20000000,12.84367000,1683446099999,371407.28282650,531,10.96052000,316940.17642030,0
1683446100000,28925.19000000,28925.20000000,28910.99000000,28911.12000000,6.63096000,1683446159999,191757.92860920,515,1.59578000,46141.74846530,0
1683446160000,28911.13000000,28913.13000000,28911.12000000,28913.12000000,4.37019000,1683446219999,126354.67972670,285,2.55909000,73990.48860540,0
1683446220000,28913.13000000,28913.13000000,28907.80000000,28907.80000000,5.15327000,1683446279999,148989.85077590,413,0.57385000,16591.71559650,0
1683446280000,28907.80000000,28928.12000000,28903.83000000,28908.88000000,38.71277000,1683446339999,1119318.34227250,928,23.33588000,674660.71385060,0
1683446340000,28908.88000000,28910.96000000,28908.88000000,28910.41000000,4.59051000,1683446399999,132712.31150110,353,3.11809000,90143.67045160,0
1683446400000,28910.42000000,28922.53000000,28910.00000000,28922.52000000,26.37102000,1683446459999,762512.49611770,767,17.72614000,512549.66677980,0
1683446460000,28922.52000000,28939.01000000,28918.38000000,28938.98000000,45.35321000,1683446519999,1312103.77641710,1003,31.48135000,910757.12836070,0
1683446520000,28938.97000000,28943.77000000,28930.00000000,28930.00000000,29.80926000,1683446579999,862613.92854300,855,7.97363000,230730.34646770,0
1683446580000,28930.01000000,28943.76000000,28930.00000000,28943.76000000,11.25855000,1683446639999,325779.97761870,355,9.84707000,284940.90214030,0
1683446640000,28943.76000000,28946.26000000,28932.68000000,28946.26000000,27.57787000,1683446699999,798121.66139850,671,7.82733000,226514.41901360,0
1683446700000,28946.26000000,28947.37000000,28946.25000000,28947.36000000,5.10882000,1683446759999,147883.36216790,254,3.74038000,108271.65874680,0
1683446760000,28947.37000000,28947.49000000,28941.73000000,28941.75000000,18.92975000,1683446819999,547901.15822250,431,5.38230000,155781.05483360,0
1683446820000,28941.76000000,28942.76000000,28941.75000000,28941.76000000,7.97607000,1683446879999,230845.67979170,276,2.31645000,67043.45152030,0
1683446880000,28941.76000000,28943.23000000,28941.75000000,28943.23000000,7.05979000,1683446939999,204329.48407480,266,5.95764000,172430.90486760,0
1683446940000,28943.23000000,28945.79000000,28943.22000000,28945.79000000,8.98614000,1683446999999,260098.82516990,244,7.53112000,217983.84049700,0
1683447000000,28945.78000000,28960.03000000,28945.78000000,28949.53000000,21.25042000,1683447059999,615239.00483350,650,14.59386000,422505.87539650,0
1683447060000,28949.53000000,28954.62000000,28949.53000000,28952.66000000,14.39169000,1683447119999,416665.87150950,335,10.82520000,313403.14298110,0
1683447120000,28952.66000000,28957.07000000,28952.65000000,28955.78000000,5.77371000,1683447179999,167179.25208390,333,2.62835000,76104.74072670,0
1683447180000,28955.78000000,28955.79000000,28936.45000000,28936.45000000,14.63917000,1683447239999,423749.89614860,523,1.85536000,53709.55649280,0
1683447240000,28936.46000000,28936.46000000,28936.45000000,28936.45000000,3.13035000,1683447299999,90581.23695350,209,2.06960000,59886.89761600,0
1683447300000,28936.45000000,28937.88000000,28930.72000000,28937.87000000,18.05392000,1683447359999,522360.32480440,492,13.16491000,380890.48226810,0
1683447360000,28937.88000000,28943.60000000,28937.87000000,28943.59000000,8.76753000,1683447419999,253731.79510270,283,6.69358000,193708.34132010,0
1683447420000,28943.60000000,28956.53000000,28943.59000000,28956.52000000,11.12123000,1683447479999,321956.78509590,423,9.21606000,266802.38744170,0
1683447480000,28956.52000000,28956.53000000,28949.11000000,28953.46000000,29.74367000,1683447539999,861196.97249690,604,11.60772000,336069.43233050,0
1683447540000,28953.46000000,28953.47000000,28935.49000000,28935.50000000,11.89824000,1683447599999,344372.14772260,488,1.64767000,47679.72209410,0
1683447600000,28935.49000000,28935.50000000,28935.49000000,28935.49000000,1.85945000,1683447659999,53804.10446010,197,0.75796000,21931.95158000,0
1683447660000,28935.49000000,28945.17000000,28935.49000000,28935.92000000,15.41116000,1683447719999,445986.69539170,462,8.28925000,239870.77840110,0
1683447720000,28935.92000000,28935.93000000,28924.91000000,28926.43000000,10.77934000,1683447779999,311835.20423760,480,2.41558000,69873.83991740,0
1683447780000,28926.43000000,28927.81000000,28926.42000000,28927.81000000,7.34017000,1683447839999,212333.67869150,315,1.95517000,56557.71509810,0
1683447840000,28927.81000000,28929.18000000,28927.80000000,28928.84000000,6.96219000,1683447899999,201408.74946940,255,3.51563000,101702.81143440,0
1683447900000,28928.84000000,28932.78000000,28926.42000000,28932.78000000,16.79788000,1683447959999,485935.45861400,442,6.64944000,192353.06840510,0
1683447960000,28932.78000000,28933.01000000,28929.53000000,28929.54000000,10.76921000,1683448019999,311576.82662540,409,2.85391000,82566.81572560,0
1683448020000,28929.53000000,28936.45000000,28929.50000000,28932.14000000,13.13441000,1683448079999,380029.97920620,475,6.55577000,189676.75486080,0
1683448080000,28932.14000000,28932.14000000,28932.00000000,28932.00000000,1.85271000,1683448139999,53602.62268300,215,0.87223000,25235.37153350,0
1683448140000,28932.00000000,28932.01000000,28920.75000000,28921.93000000,10.17812000,1683448199999,294417.84887500,387,0.33797000,9776.14636490,0
1683448200000,28921.93000000,28926.12000000,28914.03000000,28914.03000000,8.19861000,1683448259999,237117.84102690,471,3.84035000,111071.82350720,0
1683448260000,28914.04000000,28914.04000000,28904.25000000,28904.26000000,33.74914000,1683448319999,975617.25857390,707,13.58809000,392787.52790020,0
1683448320000,28904.26000000,28904.26000000,28900.37000000,28901.83000000,10.25492000,1683448379999,296391.83656270,418,6.12588000,177049.28051820,0
1683448380000,28901.83000000,28901.84000000,28890.01000000,28890.01000000,11.75765000,1683448439999,339757.35630310,719,3.90711000,112905.89566670,0
1683448440000,28890.02000000,28890.02000000,28868.46000000,28868.46000000,31.05493000,1683448499999,896785.72390050,1191,10.53803000,304311.64962790,0
1683448500000,28868.46000000,28895.34000000,28868.46000000,28893.86000000,23.58435000,1683448559999,681209.50029130,690,15.23830000,440093.29911810,0
1683448560000,28893.87000000,28893.87000000,28881.22000000,28881.22000000,17.44674000,1683448619999,503964.39044310,512,6.38736000,184491.72518360,0
1683448620000,28881.23000000,28884.87000000,28869.74000000,28870.64000000,13.13861000,1683448679999,379397.80723410,593,5.27324000,152268.13533530,0
1683448680000,28870.63000000,28870.64000000,28843.76000000,28860.69000000,47.15268000,1683448739999,1360598.51066540,1058,15.43673000,445392.61658020,0
1683448740000,28860.69000000,28866.93000000,28860.69000000,28864.69000000,12.52693000,1683448799999,361579.92740030,469,5.97830000,172551.29452820,0
1683448800000,28864.69000000,28869.67000000,28863.91000000,28867.36000000,20.64256000,1683448859999,595897.74453550,540,10.45686000,301859.49899790,0
1683448860000,28867.36000000,28867.36000000,28849.99000000,28859.99000000,24.45597000,1683448919999,705701.05168640,680,11.53927000,332966.15958550,0
1683448920000,28860.00000000,28865.12000000,28851.34000000,28851.35000000,14.50896000,1683448979999,418740.03559770,603,6.44340000,185963.92718020,0
1683448980000,28851.35000000,28854.49000000,28845.83000000,28849.14000000,26.50614000,1683449039999,764764.12847520,610,8.29633000,239353.71881070,0
1683449040000,28849.15000000,28854.63000000,28847.33000000,28852.13000000,19.74517000,1683449099999,569642.17725200,478,6.81006000,196461.98043150,0
1683449100000,28852.13000000,28865.30000000,28851.20000000,28865.29000000,12.75757000,1683449159999,368149.94862830,383,11.54058000,333033.59055220,0
1683449160000,28865.29000000,28865.30000000,28865.29000000,28865.30000000,3.80239000,1683449219999,109757.09843150,197,0.83884000,24213.36825200,0
1683449220000,28865.30000000,28865.30000000,28854.17000000,28854.18000000,17.48947000,1683449279999,504764.83624140,433,0.82555000,23823.15085000,0
1683449280000,28854.17000000,28857.92000000,28854.17000000,28857.91000000,8.27091000,1683449339999,238664.58193200,306,6.25425000,180471.12336260,0
1683449340000,28857.91000000,28857.92000000,28856.62000000,28856.62000000,5.69353000,1683449399999,164299.48805300,307,3.24657000,93686.69487550,0
1683449400000,28856.62000000,28863.17000000,28855.27000000,28863.16000000,17.15775000,1683449459999,495136.66524650,377,10.87514000,313835.29628960,0
1683449460000,28863.17000000,28863.17000000,28863.10000000,28863.10000000,7.05307000,1683449519999,203573.70067850,233,3.57866000,103291.32147760,0
1683449520000,28863.11000000,28875.76000000,28863.10000000,28863.66000000,13.03524000,1683449579999,376303.51026890,475,8.93340000,257887.05693070,0
1683449580000,28863.66000000,28866.02000000,28863.66000000,28866.02000000,5.36460000,1683449639999,154849.00566270,257,2.70300000,78021.40096220,0
1683449640000,28866.01000000,28870.18000000,28866.01000000,28870.17000000,9.47620000,1683449699999,273564.30384040,336,8.34586000,240932.31098330,0
1683449700000,28870.17000000,28877.62000000,28870.16000000,28877.61000000,11.58335000,1683449759999,334430.65113700,284,10.63086000,306926.13738550,0
1683449760000,28877.61000000,28877.62000000,28874.19000000,28874.20000000,9.26327000,1683449819999,267492.61192800,280,2.38728000,68935.76360960,0
1683449820000,28874.19000000,28874.20000000,28873.31000000,28874.19000000,8.84942000,1683449879999,255517.60464590,241,3.64148000,105143.65416340,0
1683449880000,28874.18000000,28877.49000000,28870.18000000,28870.19000000,11.17408000,1683449939999,322653.74897910,394,4.50294000,130021.61005400,0
1683449940000,28870.19000000,28870.19000000,28857.06000000,28857.06000000,24.64949000,1683449999999,711456.70344540,464,1.18654000,34245.09462140,0
1683450000000,28857.06000000,28861.89000000,28857.06000000,28861.30000000,25.23450000,1683450059999,728256.41070520,466,19.56944000,564753.80107600,0
1683450060000,28861.30000000,28861.30000000,28853.75000000,28853.75000000,9.65960000,1683450119999,278733.50692290,394,2.96824000,85650.54917660,0
1683450120000,28853.75000000,28858.04000000,28848.61000000,28848.62000000,48.61108000,1683450179999,1402475.80457190,739,27.21263000,785079.70583790,0
1683450180000,28848.61000000,28848.62000000,28835.76000000,28835.76000000,38.97954000,1683450239999,1124281.54950450,812,14.51370000,418593.65834160,0
1683450240000,28835.76000000,28848.78000000,28831.77000000,28847.89000000,45.09703000,1683450299999,1300643.07285290,842,28.31805000,816669.80419840,0
1683450300000,28847.88000000,28858.43000000,28845.98000000,28856.39000000,15.16041000,1683450359999,437422.81516390,630,8.03439000,231796.14377670,0
1683450360000,28856.39000000,28856.40000000,28843.97000000,28843.97000000,14.15942000,1683450419999,408468.96205150,456,1.88263000,54307.45712710,0
1683450420000,28843.97000000,28843.98000000,28840.00000000,28841.61000000,14.50819000,1683450479999,418439.07827150,357,5.91014000,170455.63085980,0
1683450480000,28841.61000000,28841.61000000,28812.66000000,28823.22000000,69.63770000,1683450539999,2007393.71931370,954,20.94175000,603621.62035370,0
1683450540000,28823.22000000,28823.22000000,28806.39000000,28810.88000000,44.80096000,1683450599999,1290965.60078400,752,17.01114000,490190.94874300,0
1683450600000,28810.89000000,28830.79000000,28810.88000000,28824.56000000,34.64834000,1683450659999,998586.10333970,906,21.49157000,619343.33689490,0
1683450660000,28824.56000000,28824.56000000,28815.78000000,28817.43000000,9.59543000,1683450719999,276535.56036650,432,4.54940000,131100.88184500,0
1683450720000,28817.43000000,28817.44000000,28814.29000000,28816.38000000,12.98033000,1683450779999,374042.26638170,326,3.50140000,100892.03915880,0
1683450780000,28816.37000000,28832.47000000,28816.37000000,28832.46000000,11.05484000,1683450839999,318654.46396720,668,7.73147000,222857.13995970,0
1683450840000,28832.47000000,28832.47000000,28825.69000000,28825.69000000,6.05672000,1683450899999,174615.39922890,373,1.27765000,36831.33554000,0
1683450900000,28825.69000000,28834.62000000,28825.69000000,28829.27000000,14.84609000,1683450959999,427989.60415700,673,12.37183000,356654.83982470,0
1683450960000,28829.27000000,28829.27000000,28791.68000000,28791.68000000,37.50734000,1683451019999,1080436.02293080,1179,6.35577000,183025.56722140,0
1683451020000,28791.68000000,28792.21000000,28787.18000000,28791.99000000,29.68630000,1683451079999,854637.43395760,671,10.05073000,289342.32964500,0
1683451080000,28792.00000000,28799.84000000,28790.00000000,28795.43000000,14.47358000,1683451139999,416770.54161710,599,6.62863000,190875.08403350,0
1683451140000,28795.43000000,28795.43000000,28790.11000000,28790.12000000,6.41468000,1683451199999,184691.11290520,285,2.20550000,63500.44812150,0
1683451200000,28790.11000000,28790.12000000,28778.88000000,28779.68000000,23.88229000,1683451259999,687417.06273700,763,6.17015000,177586.13674040,0
1683451260000,28779.68000000,28784.80000000,28777.65000000,28777.65000000,12.72285000,1683451319999,366202.87575120,505,3.62267000,104268.50821610,0
1683451320000,28777.66000000,28777.66000000,28769.39000000,28770.23000000,21.29225000,1683451379999,612649.17990740,570,4.20856000,121087.89530680,0
1683451380000,28770.22000000,28793.62000000,28757.38000000,28793.62000000,50.55127000,1683451439999,1454376.06243990,1355,23.91750000,688188.08331060,0
1683451440000,28793.79000000,28799.95000000,28790.28000000,28790.28000000,9.65241000,1683451499999,277946.28527360,445,3.94219000,113514.48949800,0
1683451500000,28790.29000000,28813.80000000,28789.36000000,28813.80000000,27.40504000,1683451559999,789289.17563730,713,19.21876000,553524.73282720,0
1683451560000,28813.80000000,28838.50000000,28813.79000000,28837.00000000,39.93985000,1683451619999,1151422.00647000,1033,31.56569000,909982.47904380,0
1683451620000,28837.00000000,28852.62000000,28836.99000000,28843.05000000,31.99754000,1683451679999,923024.36515440,829,21.03213000,606682.15366110,0
1683451680000,28843.05000000,28851.15000000,28843.05000000,28848.31000000,14.30231000,1683451739999,412589.59214870,468,10.05922000,290186.04850390,0
1683451740000,28848.31000000,28857.48000000,28846.71000000,28857.47000000,9.70837000,1683451799999,280101.93092630,543,6.89307000,198879.81831840,0
1683451800000,28857.47000000,28857.48000000,28842.32000000,28844.20000000,34.03996000,1683451859999,982079.89772720,543,7.13472000,205809.81900380,0
1683451860000,28844.19000000,28864.16000000,28844.19000000,28864.16000000,18.06012000,1683451919999,521132.97372430,849,15.52078000,447859.39676030,0
1683451920000,28864.15000000,28881.64000000,28864.15000000,28880.16000000,35.58989000,1683451979999,1027687.90382400,1119,23.45758000,677337.09775120,0
1683451980000,28880.16000000,28889.99000000,28877.47000000,28877.85000000,48.02405000,1683452039999,1387162.95995230,1111,28.29332000,817236.30078940,0
1683452040000,28877.86000000,28880.70000000,28877.85000000,28880.69000000,13.56804000,1683452099999,391839.93267400,354,5.21970000,150743.20712570,0
1683452100000,28880.70000000,28890.77000000,28870.10000000,28870.10000000,23.94894000,1683452159999,691778.37460950,815,10.74336000,310340.14147870,0
1683452160000,28870.10000000,28872.91000000,28849.39000000,28849.40000000,11.84499000,1683452219999,341880.79708260,557,3.31833000,95780.24871550,0
1683452220000,28849.40000000,28849.40000000,28829.45000000,28830.59000000,8.96760000,1683452279999,258586.11330510,466,3.11215000,89741.82365860,0
1683452280000,28830.60000000,28830.60000000,28813.07000000,28813.07000000,10.45438000,1683452339999,301328.32672640,474,2.86005000,82430.58439570,0
1683452340000,28813.08000000,28813.08000000,28802.01000000,28810.33000000,14.61517000,1683452399999,421015.04144590,539,8.12583000,234069.23295620,0
1683452400000,28810.33000000,28832.05000000,28810.32000000,28822.14000000,21.78197000,1683452459999,627859.64572070,734,8.60229000,247920.91340040,0
1683452460000,28822.14000000,28830.76000000,28819.63000000,28830.76000000,13.71383000,1683452519999,395287.93311280,469,8.63461000,248877.33146780,0
1683452520000,28830.75000000,28831.36000000,28829.55000000,28831.36000000,8.55985000,1683452579999,246786.54236420,377,6.35605000,183248.77376040,0
1683452580000,28831.36000000,28836.14000000,28802.82000000,28802.82000000,30.41863000,1683452639999,876862.06996540,931,9.58103000,276174.26899640,0
1683452640000,28802.82000000,28812.37000000,28791.90000000,28811.89000000,21.85133000,1683452699999,629299.82940930,811,12.23778000,352448.41603860,0
1683452700000,28812.36000000,28819.88000000,28800.26000000,28806.80000000,24.54606000,1683452759999,707184.62874270,659,7.25112000,208871.85963990,0
1683452760000,28806.79000000,28806.80000000,28801.86000000,28801.86000000,10.31068000,1683452819999,297007.49227860,275,0.67085000,19323.19939190,0
1683452820000,28801.87000000,28809.05000000,28800.14000000,28802.79000000,22.18050000,1683452879999,638907.47453160,533,7.57057000,218061.07254670,0
1683452880000,28802.80000000,28811.75000000,28801.78000000,28801.79000000,17.98167000,1683452939999,518004.43143120,521,7.30198000,210344.07290450,0
1683452940000,28801.79000000,28804.25000000,28800.01000000,28804.16000000,11.22409000,1683452999999,323273.66971350,414,4.49839000,129560.47173550,0
1683453000000,28804.16000000,28822.09000000,28804.15000000,28821.16000000,22.64586000,1683453059999,652516.14906750,633,19.29816000,556042.43543620,0
1683453060000,28821.17000000,28821.36000000,28813.70000000,28813.70000000,8.22169000,1683453119999,236951.04760230,392,3.64566000,105071.77188430,0
1683453120000,28813.71000000,28813.71000000,28813.70000000,28813.71000000,2.45234000,1683453179999,70661.00037140,218,1.13134000,32598.10267140,0
1683453180000,28813.71000000,28821.34000000,28813.70000000,28821.34000000,8.21718000,1683453239999,236790.88030500,452,4.15154000,119630.09531920,0
1683453240000,28821.34000000,28821.34000000,28815.50000000,28815.50000000,9.84261000,1683453299999,283652.30419490,317,1.37836000,39719.99933860,0
1683453300000,28815.50000000,28815.51000000,28815.50000000,28815.51000000,3.94004000,1683453359999,113534.23808120,210,1.54612000,44552.23632120,0
1683453360000,28815.50000000,28823.96000000,28815.50000000,28819.83000000,8.25237000,1683453419999,237844.02441720,511,5.60879000,161650.50154790,0
1683453420000,28819.83000000,28819.84000000,28813.41000000,28813.42000000,5.88638000,1683453479999,169629.84553530,298,2.53181000,72957.10014460,0
1683453480000,28813.42000000,28813.42000000,28811.71000000,28811.71000000,4.26036000,1683453539999,122753.56778990,266,2.76099000,79552.34213480,0
1683453540000,28811.72000000,28815.77000000,28811.71000000,28815.77000000,5.07849000,1683453599999,146335.57383360,265,3.28073000,94533.00418100,0
1683453600000,28815.77000000,28820.46000000,28815.16000000,28820.45000000,9.07155000,1683453659999,261427.94234930,482,3.37149000,97160.25469010,0
1683453660000,28820.46000000,28825.77000000,28820.45000000,28825.12000000,5.93006000,1683453719999,170923.94284780,381,3.12999000,90212.22534420,0
1683453720000,28825.12000000,28827.19000000,28825.12000000,28827.19000000,8.00157000,1683453779999,230649.20269860,301,5.49668000,158444.20191850,0
1683453780000,28827.19000000,28827.19000000,28825.12000000,28825.12000000,9.77742000,1683453839999,281844.96908570,266,3.10077000,89380.99241740,0
1683453840000,28825.13000000,28830.10000000,28810.01000000,28810.01000000,31.12992000,1683453899999,897300.64176380,619,9.62311000,277367.97615360,0
1683453900000,28810.02000000,28810.02000000,28810.01000000,28810.01000000,4.05019000,1683453959999,116686.03771700,241,2.33151000,67170.84973020,0
1683453960000,28810.01000000,28810.02000000,28805.17000000,28805.18000000,6.37607000,1683454019999,183678.33241210,279,0.69414000,19996.43200970,0
1683454020000,28805.17000000,28818.85000000,28798.21000000,28818.85000000,25.97297000,1683454079999,748176.71570230,551,18.30700000,527374.30025770,0
1683454080000,28818.84000000,28818.85000000,28807.11000000,28807.12000000,11.50947000,1683454139999,331648.30024060,351,1.75671000,50625.08436400,0
1683454140000,28807.11000000,28807.12000000,28799.61000000,28799.61000000,8.42846000,1683454199999,242752.46498170,300,1.06087000,30554.48304450,0
1683454200000,28799.62000000,28809.09000000,28799.57000000,28809.08000000,5.22292000,1683454259999,150433.96330120,357,4.14233000,119309.18599120,0
1683454260000,28809.09000000,28809.09000000,28794.89000000,28794.90000000,14.39159000,1683454319999,414515.10250760,437,1.09418000,31515.76703800,0
1683454320000,28794.89000000,28806.72000000,28794.89000000,28804.28000000,16.53858000,1683454379999,476290.25410430,378,10.73375000,309120.41001840,0
1683454380000,28804.28000000,28804.65000000,28804.28000000,28804.64000000,4.34834000,1683454439999,125252.16001700,209,2.21483000,63797.31823420,0
1683454440000,28804.65000000,28804.65000000,28804.64000000,28804.64000000,1.96508000,1683454499999,56603.43673450,203,1.47633000,42525.16893450,0
1683454500000,28804.65000000,28821.88000000,28795.31000000,28816.82000000,40.83914000,1683454559999,1176677.28783380,669,18.45654000,531704.59686160,0
1683454560000,28816.82000000,28821.09000000,28816.24000000,28816.25000000,6.97555000,1683454619999,201020.88610510,349,3.05173000,87942.40467300,0
1683454620000,28816.24000000,28816.25000000,28808.79000000,28812.61000000,8.11277000,1683454679999,233729.57739930,297,3.61995000,104287.71445970,0
1683454680000,28812.61000000,28832.73000000,28812.61000000,28832.73000000,23.01745000,1683454739999,663465.56049750,503,19.27173000,555486.25448270,0
1683454740000,28832.73000000,28832.73000000,28821.30000000,28821.30000000,12.71692000,1683454799999,366600.49503370,389,3.36049000,96871.97764470,0
1683454800000,28821.31000000,28823.83000000,28821.27000000,28823.82000000,8.91363000,1683454859999,256906.50918300,222,6.92704000,199647.68615880,0
1683454860000,28823.82000000,28823.83000000,28818.72000000,28818.73000000,8.00987000,1683454919999,230858.37048020,287,1.01536000,29262.37601560,0
1683454920000,28818.72000000,28819.79000000,28813.53000000,28819.79000000,19.85881000,1683454979999,572249.60048220,400,17.89396000,515630.44158090,0
1683454980000,28819.78000000,28819.79000000,28810.67000000,28818.56000000,21.78640000,1683455039999,627785.13552890,395,3.43585000,98997.23873570,0
1683455040000,28818.56000000,28824.82000000,28818.56000000,28824.81000000,5.48799000,1683455099999,158175.98692030,347,4.68662000,135078.43810130,0
1683455100000,28824.82000000,28827.19000000,28824.81000000,28827.19000000,2.95285000,1683455159999,85115.89738990,223,2.27874000,65684.56314030,0
1683455160000,28827.18000000,28827.37000000,28827.18000000,28827.36000000,5.73093000,1683455219999,165207.19989870,234,3.60981000,104060.95644960,0
1683455220000,28827.37000000,28827.37000000,28818.00000000,28819.19000000,17.04443000,1683455279999,491293.09378410,566,5.69847000,164239.60367580,0
1683455280000,28819.20000000,28822.11000000,28819.19000000,28822.10000000,4.28194000,1683455339999,123407.42403330,283,2.21964000,63970.70738480,0
1683455340000,28822.10000000,28825.04000000,28822.10000000,28825.03000000,4.18014000,1683455399999,120485.80442590,264,3.08621000,88955.20114200,0
1683455400000,28825.03000000,28832.72000000,28825.03000000,28832.72000000,3.83910000,1683455459999,110682.05103730,385,2.92747000,84398.25418030,0
1683455460000,28832.72000000,28832.72000000,28830.15000000,28830.16000000,6.10567000,1683455519999,176033.40778060,256,2.46078000,70944.99727020,0
1683455520000,28830.15000000,28830.16000000,28827.91000000,28827.92000000,3.63395000,1683455579999,104762.73357130,260,1.79636000,51785.55523220,0
1683455580000,28827.92000000,28829.00000000,28827.91000000,28828.99000000,2.79324000,1683455639999,80525.85971040,208,0.81253000,23424.05881630,0
1683455640000,28828.99000000,28829.00000000,28828.99000000,28829.00000000,3.62174000,1683455699999,104411.13296420,196,2.67216000,77035.70064000,0
1683455700000,28829.00000000,28836.56000000,28828.99000000,28832.49000000,9.34340000,1683455759999,269404.30304380,368,5.50439000,158704.56070040,0
1683455760000,28832.49000000,28832.50000000,28831.96000000,28831.96000000,3.04628000,1683455819999,87831.27341330,169,0.90997000,26236.40865560,0
1683455820000,28831.96000000,28831.97000000,28831.96000000,28831.97000000,5.19430000,1683455879999,149761.86803580,194,1.82078000,52496.67433660,0
1683455880000,28831.97000000,28837.09000000,28830.32000000,28830.32000000,47.59665000,1683455939999,1372405.45132240,791,24.75027000,713623.99463810,0
1683455940000,28830.32000000,28831.91000000,28830.32000000,28831.90000000,5.23511000,1683455999999,150932.85559060,315,3.68713000,106303.06298560,0
1683456000000,28831.91000000,28831.92000000,28830.51000000,28830.51000000,3.54753000,1683456059999,102280.87097240,188,1.31755000,37986.68988040,0
1683456060000,28830.52000000,28830.52000000,28823.68000000,28827.69000000,27.09708000,1683456119999,781097.59156570,522,17.13545000,493925.09584290,0
1683456120000,28827.70000000,28827.70000000,28811.01000000,28811.01000000,5.38803000,1683456179999,155283.16338610,352,1.61434000,46520.22547760,0
1683456180000,28811.01000000,28825.91000000,28810.95000000,28825.90000000,12.45647000,1683456239999,358932.30599680,447,11.70260000,337203.56130300,0
1683456240000,28825.90000000,28825.91000000,28822.15000000,28822.15000000,10.08210000,1683456299999,290618.32060730,257,0.37520000,10815.10552070,0
1683456300000,28822.16000000,28827.19000000,28822.15000000,28827.18000000,6.43127000,1683456359999,185375.22829740,307,4.88874000,140908.61398930,0
1683456360000,28827.18000000,28829.77000000,28824.88000000,28829.76000000,10.32421000,1683456419999,297617.88663390,464,6.54412000,188648.63559490,0
1683456420000,28829.77000000,28834.32000000,28829.76000000,28831.20000000,13.02851000,1683456479999,375647.49561620,400,2.80546000,80884.28354590,0
1683456480000,28831.20000000,28831.20000000,28831.19000000,28831.20000000,3.61881000,1683456539999,104334.60149960,164,0.28157000,8118.00098400,0
1683456540000,28831.20000000,28831.20000000,28831.19000000,28831.20000000,3.62960000,1683456599999,104645.69860740,246,1.13834000,32819.70820800,0
1683456600000,28831.20000000,28837.82000000,28831.19000000,28837.82000000,16.90789000,1683456659999,487547.41363870,463,14.31121000,412667.31581040,0
1683456660000,28837.81000000,28847.59000000,28837.81000000,28845.47000000,13.42886000,1683456719999,387345.53790430,437,6.09439000,175773.36997140,0
1683456720000,28845.48000000,28845.48000000,28827.18000000,28827.18000000,34.99862000,1683456779999,1009380.57466380,541,2.47863000,71479.25401500,0
1683456780000,28827.18000000,28859.69000000,28827.18000000,28859.69000000,47.08115000,1683456839999,1357871.30863850,813,41.99421000,1211131.74135990,0
1683456840000,28859.69000000,28863.75000000,28859.68000000,28860.69000000,12.46265000,1683456899999,359685.22194250,404,8.88665000,256473.79757520,0
1683456900000,28860.69000000,28860.70000000,28849.85000000,28849.85000000,15.26720000,1683456959999,440550.00406360,506,1.13905000,32865.86941300,0
1683456960000,28849.85000000,28849.86000000,28843.91000000,28843.91000000,5.53898000,1683457019999,159791.29378040,302,1.71314000,49422.02306400,0
1683457020000,28843.92000000,28854.79000000,28839.60000000,28854.79000000,38.86767000,1683457079999,1121086.30346570,660,35.51639000,1024425.81509660,0
1683457080000,28854.78000000,28856.86000000,28846.94000000,28846.94000000,16.96957000,1683457139999,489653.21639010,373,2.79353000,80601.41617670,0
1683457140000,28846.94000000,28849.96000000,28846.11000000,28847.74000000,5.95814000,1683457199999,171879.10826050,277,2.30639000,66531.95204690,0
1683457200000,28847.74000000,28854.87000000,28842.91000000,28842.91000000,16.75902000,1683457259999,483504.11195020,509,6.23795000,179956.70671810,0
1683457260000,28842.91000000,28853.39000000,28839.90000000,28853.38000000,12.35225000,1683457319999,356265.99170570,557,7.84986000,226404.18776650,0
1683457320000,28853.38000000,28853.39000000,28840.00000000,28840.01000000,15.39283000,1683457379999,444058.04595310,430,1.70792000,49269.75578070,0
1683457380000,28840.00000000,28840.01000000,28840.00000000,28840.00000000,6.50472000,1683457439999,187596.14583680,280,2.10368000,60670.15223680,0
1683457440000,28840.00000000,28840.01000000,28835.06000000,28835.07000000,9.73692000,1683457499999,280807.80289720,322,4.48225000,129266.13659250,0
1683457500000,28835.07000000,28835.07000000,28835.06000000,28835.06000000,1.83778000,1683457559999,52992.50521130,212,0.86445000,24926.47626150,0
1683457560000,28835.06000000,28835.07000000,28835.06000000,28835.06000000,3.02724000,1683457619999,87290.65958760,180,1.25532000,36197.24007240,0
1683457620000,28835.07000000,28835.07000000,28830.12000000,28830.12000000,8.83849000,1683457679999,254834.77351130,327,3.97412000,114579.44703980,0
1683457680000,28830.13000000,28834.37000000,28809.97000000,28822.61000000,79.25774000,1683457739999,2284165.01194170,731,33.07761000,953088.23383700,0
1683457740000,28822.61000000,28822.61000000,28822.60000000,28822.60000000,2.85525000,1683457799999,82295.73738090,187,0.87309000,25164.73256490,0
1683457800000,28822.61000000,28828.64000000,28822.60000000,28828.64000000,6.68795000,1683457859999,192776.08932480,323,6.09051000,175555.78490470,0
1683457860000,28828.63000000,28828.64000000,28826.47000000,28826.48000000,7.75693000,1683457919999,223612.55050920,279,3.67989000,106080.78087240,0
1683457920000,28826.47000000,28826.48000000,28818.80000000,28818.80000000,5.34938000,1683457979999,154180.78960000,304,1.12701000,32482.93558520,0
1683457980000,28818.80000000,28818.81000000,28801.78000000,28812.05000000,37.11520000,1683458039999,1069291.50912670,608,12.58941000,362689.25370460,0
1683458040000,28812.05000000,28812.06000000,28799.54000000,28799.55000000,20.44625000,1683458099999,588964.35705440,507,9.61564000,276986.84446680,0
1683458100000,28799.55000000,28815.69000000,28799.54000000,28815.69000000,17.96661000,1683458159999,517600.10330820,612,15.75171000,453792.13882620,0
1683458160000,28815.69000000,28822.08000000,28815.00000000,28822.07000000,14.14280000,1683458219999,407562.74069770,525,11.60433000,334405.72138240,0
1683458220000,28822.08000000,28822.08000000,28795.96000000,28795.96000000,17.24143000,1683458279999,496714.91141440,585,1.79781000,51793.98362170,0
1683458280000,28795.96000000,28796.33000000,28771.21000000,28787.79000000,43.00717000,1683458339999,1237857.37041790,1139,25.14667000,723726.63104800,0
1683458340000,28787.26000000,28787.27000000,28776.73000000,28779.19000000,13.28077000,1683458399999,382238.08739920,474,3.78987000,109068.41388120,0
1683458400000,28779.19000000,28782.25000000,28779.18000000,28782.25000000,15.99071000,1683458459999,460220.54534910,435,11.11809000,319985.86952710,0
1683458460000,28782.24000000,28782.25000000,28766.40000000,28767.82000000,20.94029000,1683458519999,602487.29623970,711,6.88070000,197951.44650030,0
1683458520000,28767.82000000,28780.32000000,28767.82000000,28769.37000000,22.26978000,1683458579999,640813.30750000,507,10.33029000,297241.71308000,0
1683458580000,28769.38000000,28769.38000000,28705.12000000,28758.31000000,175.74918000,1683458639999,5050590.42870800,3425,83.55806000,2401044.05028600,0
1683458640000,28758.31000000,28776.16000000,28758.30000000,28764.40000000,19.72030000,1683458699999,567328.94631190,710,9.78359000,281465.93506170,0
1683458700000,28764.41000000,28764.41000000,28738.56000000,28758.28000000,40.88933000,1683458759999,1175529.61011380,784,17.61800000,506475.00221790,0
1683458760000,28758.28000000,28758.34000000,28742.65000000,28745.51000000,21.81746000,1683458819999,627227.08188320,556,11.29008000,324560.66648380,0
1683458820000,28745.51000000,28755.77000000,28745.51000000,28755.77000000,7.43448000,1683458879999,213763.10279400,369,4.96725000,142822.69333750,0
1683458880000,28755.76000000,28765.22000000,28755.76000000,28761.25000000,16.01191000,1683458939999,460546.16478330,543,6.40342000,184168.83091080,0
1683458940000,28761.25000000,28764.60000000,28761.24000000,28764.59000000,4.44517000,1683458999999,127850.89480900,247,3.68226000,105907.92280320,0
1683459000000,28764.59000000,28770.62000000,28764.59000000,28770.62000000,9.27497000,1683459059999,266837.99293000,443,4.00864000,115323.84517230,0
1683459060000,28770.62000000,28772.84000000,28770.61000000,28772.83000000,7.19226000,1683459119999,206936.23254150,299,6.45940000,185850.01683970,0
1683459120000,28772.84000000,28781.00000000,28767.93000000,28771.18000000,42.17293000,1683459179999,1213509.75971200,749,16.24917000,467537.59576750,0
1683459180000,28771.17000000,28771.18000000,28760.00000000,28760.04000000,11.94158000,1683459239999,343520.42685310,517,4.61553000,132761.64655370,0
1683459240000,28760.03000000,28773.65000000,28760.03000000,28773.65000000,7.93792000,1683459299999,228344.12540930,407,6.16641000,177377.71715800,0
1683459300000,28773.65000000,28817.00000000,28773.64000000,28815.12000000,53.93063000,1683459359999,1553182.99158480,1106,39.85203000,1147576.00672390,0
1683459360000,28815.13000000,28815.13000000,28810.56000000,28814.44000000,14.17754000,1683459419999,408479.16131370,385,7.29720000,210239.94426650,0
1683459420000,28814.45000000,28883.10000000,28814.44000000,28883.10000000,94.71981000,1683459479999,2733553.19591220,2661,67.32232000,1942816.66161820,0
1683459480000,28883.09000000,28919.41000000,28875.31000000,28896.62000000,140.05948000,1683459539999,4047775.97693870,2430,83.19649000,2404270.92309180,0
1683459540000,28896.62000000,28897.31000000,28874.58000000,28878.96000000,19.86064000,1683459599999,573599.51677100,716,9.96811000,287864.97621930,0
1683459600000,28878.96000000,28878.96000000,28864.52000000,28870.12000000,46.45539000,1683459659999,1341101.32095520,672,31.90711000,921040.56747960,0
1683459660000,28870.12000000,28870.13000000,28865.86000000,28865.86000000,6.37392000,1683459719999,184003.59187280,237,0.85692000,24737.70750270,0
1683459720000,28865.87000000,28866.14000000,28844.41000000,28851.23000000,41.78824000,1683459779999,1205974.79893140,772,18.42434000,531692.53880460,0
1683459780000,28851.22000000,28857.17000000,28840.95000000,28842.30000000,22.05379000,1683459839999,636224.01257820,520,10.53084000,303798.08941760,0
1683459840000,28842.31000000,28846.17000000,28840.95000000,28845.30000000,8.21171000,1683459899999,236858.78574880,320,3.39799000,98007.29278520,0
1683459900000,28845.30000000,28861.57000000,28841.41000000,28858.98000000,17.60915000,1683459959999,508072.15604090,527,10.34309000,298389.31542440,0
1683459960000,28858.99000000,28870.00000000,28858.98000000,28870.00000000,10.42549000,1683460019999,300931.25249340,396,9.12055000,263262.10138050,0
1683460020000,28870.00000000,28872.46000000,28844.16000000,28844.17000000,39.15100000,1683460079999,1129838.79286180,713,6.01693000,173626.45277120,0
1683460080000,28844.17000000,28844.17000000,28834.00000000,28837.58000000,15.50093000,1683460139999,447051.59591180,473,6.41271000,184924.10441870,0
1683460140000,28837.58000000,28837.59000000,28827.84000000,28827.84000000,9.79134000,1683460199999,282310.84362480,371,3.48332000,100431.19070120,0
1683460200000,28827.84000000,28827.85000000,28817.01000000,28819.48000000,17.60303000,1683460259999,507340.86719460,395,7.40545000,213413.16963980,0
1683460260000,28819.48000000,28824.31000000,28819.48000000,28824.30000000,7.80825000,1683460319999,225036.57498120,321,4.03952000,116423.63825860,0
1683460320000,28824.30000000,28838.68000000,28824.30000000,28833.47000000,16.16808000,1683460379999,466197.24339260,501,10.40754000,300077.10144920,0
1683460380000,28833.48000000,28835.82000000,28833.04000000,28835.81000000,8.44536000,1683460439999,243507.69968410,308,7.07002000,203852.14896240,0
1683460440000,28835.82000000,28835.82000000,28835.81000000,28835.82000000,3.40302000,1683460499999,98128.85264810,226,1.45019000,41817.41780580,0
1683460500000,28835.82000000,28843.33000000,28835.81000000,28841.31000000,11.00302000,1683460559999,317348.13483730,422,4.83203000,139358.71103130,0
1683460560000,28841.31000000,28841.31000000,28832.40000000,28832.41000000,8.95715000,1683460619999,258283.21148890,344,2.89523000,83477.44000620,0
1683460620000,28832.41000000,28839.40000000,28832.40000000,28839.39000000,9.61396000,1683460679999,277199.37412350,391,5.96464000,171980.67558400,0
1683460680000,28839.40000000,28843.79000000,28839.39000000,28843.79000000,6.30403000,1683460739999,181812.07245950,355,5.23105000,150867.08630980,0
1683460740000,28843.79000000,28843.79000000,28840.06000000,28840.06000000,6.68640000,1683460799999,192853.82602780,232,0.52376000,15106.22377480,0
1683460800000,28840.07000000,28853.50000000,28840.06000000,28845.93000000,23.53880000,1683460859999,679013.95746470,669,15.96536000,460528.48062360,0
1683460860000,28845.93000000,28847.74000000,28845.93000000,28847.74000000,4.51552000,1683460919999,130262.19503410,232,2.67679000,77219.03295920,0
1683460920000,28847.74000000,28853.03000000,28847.73000000,28853.03000000,12.50691000,1683460979999,360827.60048720,306,11.44564000,330209.60827890,0
1683460980000,28853.03000000,28853.03000000,28853.02000000,28853.02000000,2.96321000,1683461039999,85497.57110970,218,1.37155000,39573.37329650,0
1683461040000,28853.02000000,28853.03000000,28852.59000000,28852.59000000,3.90514000,1683461099999,112674.52749280,207,1.72039000,49638.32221610,0
1683461100000,28852.60000000,28852.60000000,28842.28000000,28842.28000000,10.78139000,1683461159999,311028.12935950,337,0.72662000,20961.62842070,0
1683461160000,28842.29000000,28860.21000000,28840.00000000,28860.21000000,30.26199000,1683461219999,872910.73351830,609,25.85215000,745714.28729900,0
1683461220000,28860.20000000,28869.06000000,28857.42000000,28869.05000000,29.42914000,1683461279999,849365.11956780,562,19.54619000,564130.10740490,0
1683461280000,28869.06000000,28869.06000000,28868.31000000,28868.31000000,4.28376000,1683461339999,123666.18212800,203,1.79000000,51674.31238040,0
1683461340000,28868.31000000,28875.57000000,28856.86000000,28856.87000000,25.23322000,1683461399999,728395.89783000,648,5.87231000,169494.30934680,0
1683461400000,28856.87000000,28868.82000000,28856.86000000,28865.47000000,7.65540000,1683461459999,220969.15195670,481,5.40955000,156143.90281870,0
1683461460000,28865.46000000,28872.43000000,28865.46000000,28872.42000000,7.01276000,1683461519999,202451.77703050,347,5.77959000,166850.72191560,0
1683461520000,28872.43000000,28872.43000000,28867.78000000,28868.02000000,8.24521000,1683461579999,238052.24382330,305,2.13018000,61503.26533920,0
1683461580000,28868.01000000,28884.72000000,28868.01000000,28881.26000000,21.77855000,1683461639999,628936.55127620,592,17.78000000,513446.20514610,0
1683461640000,28881.26000000,28885.13000000,28876.94000000,28878.25000000,17.94980000,1683461699999,518427.01349380,461,8.49810000,245446.78235450,0
1683461700000,28878.25000000,28890.36000000,28878.24000000,28890.35000000,19.36975000,1683461759999,559505.03182280,498,18.11580000,523287.24371580,0
1683461760000,28890.35000000,28919.95000000,28890.35000000,28917.09000000,45.46874000,1683461819999,1314378.77229590,946,35.81338000,1035256.91895210,0
1683461820000,28917.08000000,28917.09000000,28900.00000000,28908.25000000,20.97961000,1683461879999,606476.51293330,632,13.10979000,378962.30089140,0
1683461880000,28908.24000000,28908.75000000,28902.68000000,28903.69000000,20.02636000,1683461939999,578854.18279960,556,15.65256000,452418.86291140,0
1683461940000,28903.68000000,28904.99000000,28897.12000000,28901.14000000,15.24707000,1683461999999,440642.39627430,459,6.35297000,183596.90940940,0
1683462000000,28901.14000000,28901.15000000,28897.08000000,28897.10000000,10.41464000,1683462059999,300972.25383150,314,2.81109000,81237.30615890,0
1683462060000,28897.11000000,28897.11000000,28888.80000000,28888.80000000,12.11926000,1683462119999,350166.15971930,338,1.35417000,39122.45029740,0
1683462120000,28888.81000000,28888.81000000,28884.05000000,28884.05000000,8.72421000,1683462179999,252014.02030850,333,1.39458000,40284.50878960,0
1683462180000,28884.05000000,28884.05000000,28883.90000000,28883.90000000,3.56681000,1683462239999,103023.39633440,200,1.27704000,36885.90849780,0
1683462240000,28883.90000000,28883.91000000,28881.25000000,28881.26000000,2.93724000,1683462299999,84837.77666290,286,1.02281000,29542.24758710,0
1683462300000,28881.26000000,28881.49000000,28881.25000000,28881.48000000,4.10468000,1683462359999,118548.64968830,241,2.42625000,70073.21243260,0
1683462360000,28881.49000000,28881.49000000,28870.00000000,28870.01000000,17.88540000,1683462419999,516514.09869280,376,1.67276000,48302.10650170,0
1683462420000,28870.00000000,28873.27000000,28870.00000000,28873.27000000,5.75050000,1683462479999,166017.76809700,354,4.80074000,138598.08055900,0
1683462480000,28873.26000000,28881.87000000,28873.26000000,28881.87000000,3.78528000,1683462539999,109318.57574100,292,2.69315000,77778.03133320,0
1683462540000,28881.87000000,28890.00000000,28881.86000000,28890.00000000,7.40791000,1683462599999,213992.69074180,352,5.71419000,165061.77957770,0
1683462600000,28889.99000000,28902.58000000,28889.99000000,28893.57000000,24.48029000,1683462659999,707439.55577950,616,12.86144000,371646.13653910,0
1683462660000,28893.57000000,28893.57000000,28881.34000000,28881.34000000,16.84006000,1683462719999,486487.17989600,407,2.96415000,85628.30926000,0
1683462720000,28881.35000000,28881.35000000,28880.19000000,28880.20000000,6.60427000,1683462779999,190736.15998870,297,3.81539000,110191.25172930,0
1683462780000,28880.20000000,28886.96000000,28878.34000000,28886.25000000,15.61360000,1683462839999,450932.63739950,467,13.50012000,389883.97654900,0
1683462840000,28886.25000000,28886.26000000,28878.20000000,28878.20000000,4.58319000,1683462899999,132368.65035200,325,1.88072000,54314.90151370,0
1683462900000,28878.21000000,28881.60000000,28878.20000000,28881.59000000,5.07086000,1683462959999,146447.66936720,284,3.61886000,104512.59956690,0
1683462960000,28881.59000000,28891.92000000,28881.59000000,28891.68000000,8.78584000,1683463019999,253808.99903780,385,6.45643000,186509.19557170,0
1683463020000,28891.69000000,28891.69000000,28886.75000000,28890.95000000,12.01544000,1683463079999,347116.23568630,331,6.42209000,185522.39934330,0
1683463080000,28890.95000000,28901.28000000,28890.94000000,28901.28000000,14.97034000,1683463139999,432586.41894610,455,10.24977000,296190.02316250,0
1683463140000,28901.28000000,28906.92000000,28901.27000000,28904.22000000,10.32711000,1683463199999,298487.19740190,412,5.18202000,149772.04840590,0
1683463200000,28904.21000000,28910.00000000,28904.21000000,28909.99000000,10.02110000,1683463259999,289675.52835960,344,8.55465000,247285.68553850,0
1683463260000,28909.99000000,28910.00000000,28907.31000000,28909.92000000,8.41788000,1683463319999,243355.19640570,350,5.75543000,166385.35809230,0
1683463320000,28909.92000000,28909.92000000,28893.48000000,28898.42000000,17.37743000,1683463379999,502212.53161160,568,5.14258000,148612.83881810,0
1683463380000,28898.43000000,28902.28000000,28890.94000000,28890.94000000,14.48105000,1683463439999,418475.72450870,447,5.00168000,144536.15647680,0
1683463440000,28890.95000000,28926.91000000,28890.94000000,28926.91000000,24.05168000,1683463499999,695211.80982890,845,22.25460000,643253.48881060,0
1683463500000,28926.90000000,28940.00000000,28922.89000000,28936.03000000,37.31227000,1683463559999,1079530.85322720,1194,20.95964000,606414.55835490,0
1683463560000,28936.02000000,28939.94000000,28936.02000000,28938.62000000,17.91142000,1683463619999,518333.22749130,477,7.21120000,208677.88904230,0
1683463620000,28938.61000000,28939.94000000,28931.86000000,28935.13000000,20.08604000,1683463679999,581206.30274160,496,12.51728000,362185.87976970,0
1683463680000,28935.12000000,28935.13000000,28919.58000000,28924.48000000,14.09372000,1683463739999,407697.81747130,517,3.49140000,100988.46237130,0
1683463740000,28924.49000000,28924.49000000,28919.26000000,28919.67000000,9.04496000,1683463799999,261585.61560270,322,1.61568000,46725.82028820,0
1683463800000,28919.68000000,28919.68000000,28898.87000000,28916.63000000,30.29471000,1683463859999,875760.08109920,792,15.57028000,450119.52897470,0
1683463860000,28916.63000000,28930.00000000,28916.62000000,28929.84000000,10.45436000,1683463919999,302403.37031310,459,6.20819000,179567.75216020,0
1683463920000,28929.83000000,28929.84000000,28921.53000000,28921.53000000,6.34248000,1683463979999,183462.95801240,307,1.65707000,47934.39272460,0
1683463980000,28921.54000000,28921.54000000,28903.28000000,28903.41000000,14.64238000,1683464039999,423288.55477730,551,7.07493000,204512.27598430,0
1683464040000,28903.42000000,28906.24000000,28901.29000000,28903.00000000,17.27065000,1683464099999,499193.27027810,487,10.59920000,306360.27254590,0
1683464100000,28902.99000000,28910.28000000,28902.99000000,28910.27000000,9.58058000,1683464159999,276938.14714500,499,7.46074000,215655.66569100,0
1683464160000,28910.28000000,28912.43000000,28910.27000000,28912.42000000,3.92444000,1683464219999,113458.64556820,309,2.74407000,79333.13025850,0
1683464220000,28912.42000000,28927.19000000,28912.42000000,28927.18000000,6.98512000,1683464279999,202022.53923560,426,5.68725000,164483.43907140,0
1683464280000,28927.18000000,28927.93000000,28914.11000000,28915.62000000,15.10403000,1683464339999,436845.89571890,478,4.32472000,125079.67894430,0
1683464340000,28915.62000000,28919.30000000,28915.62000000,28919.07000000,6.16328000,1683464399999,178225.46893030,356,3.70342000,107091.24297650,0
1683464400000,28919.06000000,28921.31000000,28916.77000000,28916.78000000,7.41874000,1683464459999,214549.58376890,379,2.65333000,76731.31835400,0
1683464460000,28916.77000000,28919.24000000,28913.00000000,28914.27000000,19.19747000,1683464519999,555085.67757360,423,12.14516000,351165.27300420,0
1683464520000,28914.27000000,28914.28000000,28910.02000000,28910.02000000,14.71812000,1683464579999,425551.40334340,672,1.40378000,40588.69855190,0
1683464580000,28910.03000000,28910.03000000,28902.58000000,28902.59000000,15.59051000,1683464639999,450636.45989910,510,2.52802000,73069.12136050,0
1683464640000,28902.58000000,28902.59000000,28895.57000000,28897.08000000,12.72336000,1683464699999,367682.58899240,527,5.53417000,159920.39394370,0
1683464700000,28897.08000000,28908.29000000,28897.07000000,28903.13000000,15.31232000,1683464759999,442580.34808570,550,8.72057000,252035.23882960,0
1683464760000,28903.12000000,28903.13000000,28894.47000000,28894.48000000,11.43912000,1683464819999,330554.57354400,371,2.08014000,60106.23624860,0
1683464820000,28894.48000000,28904.41000000,28894.47000000,28901.75000000,11.50268000,1683464879999,332435.12864550,452,7.25305000,209607.69953880,0
1683464880000,28901.74000000,28901.75000000,28898.65000000,28898.65000000,4.90640000,1683464939999,141798.56663080,275,1.28444000,37120.34602970,0
1683464940000,28898.65000000,28898.66000000,28893.04000000,28893.05000000,15.13347000,1683464999999,437279.11687150,340,3.36945000,97362.44442460,0
1683465000000,28893.05000000,28899.05000000,28892.85000000,28899.04000000,25.88827000,1683465059999,748058.90409320,568,17.47954000,505074.32096020,0
1683465060000,28899.04000000,28909.99000000,28899.04000000,28905.82000000,22.02639000,1683465119999,636665.76731260,466,14.38154000,415666.76506810,0
1683465120000,28905.83000000,28909.75000000,28905.01000000,28909.75000000,6.29066000,1683465179999,181849.04256510,299,3.74706000,108316.50996010,0
1683465180000,28909.75000000,28909.75000000,28902.86000000,28902.87000000,8.45566000,1683465239999,244423.77382430,302,2.23864000,64709.98281100,0
1683465240000,28902.86000000,28902.87000000,28902.86000000,28902.86000000,2.51231000,1683465299999,72612.95563300,211,1.14264000,33025.57537680,0
1683465300000,28902.87000000,28935.46000000,28902.86000000,28935.46000000,27.29580000,1683465359999,789270.51484180,946,24.04036000,695117.27685520,0
1683465360000,28935.46000000,28983.76000000,28935.45000000,28973.80000000,116.79209000,1683465419999,3382468.42102300,2473,80.08240000,2319025.32145140,0
1683465420000,28973.80000000,28980.12000000,28961.53000000,28962.79000000,38.69353000,1683465479999,1121026.50747800,1156,16.30182000,472242.23048980,0
1683465480000,28962.78000000,28989.99000000,28953.50000000,28953.51000000,40.99041000,1683465539999,1187623.42256670,1188,17.68707000,512439.90333990,0
1683465540000,28953.51000000,28958.42000000,28953.50000000,28954.11000000,8.81226000,1683465599999,255154.06383670,435,4.75269000,137609.69505020,0
1683465600000,28954.10000000,28972.32000000,28950.70000000,28950.77000000,28.43947000,1683465659999,823547.38993300,929,10.72743000,310648.29271360,0
1683465660000,28950.78000000,28950.78000000,28918.38000000,28918.39000000,26.02438000,1683465719999,753015.53139480,752,8.46360000,244862.89266390,0
1683465720000,28918.39000000,28920.00000000,28899.44000000,28916.94000000,16.51305000,1683465779999,477374.37363830,800,7.65822000,221379.30589420,0
1683465780000,28916.94000000,28921.91000000,28916.93000000,28921.90000000,16.27750000,1683465839999,470728.78855510,385,11.86529000,343125.80315780,0
1683465840000,28921.90000000,28922.81000000,28907.83000000,28908.80000000,22.12270000,1683465899999,639686.10770470,557,7.01765000,202886.19485480,0
1683465900000,28908.80000000,28928.55000000,28904.99000000,28928.54000000,25.75079000,1683465959999,744604.26168690,753,18.52697000,535738.72781590,0
1683465960000,28928.54000000,28932.65000000,28928.54000000,28932.65000000,5.83487000,1683466019999,168812.29980940,290,3.49679000,101166.48509100,0
1683466020000,28932.64000000,28939.67000000,28924.17000000,28925.07000000,17.24133000,1683466079999,498835.14332700,567,6.62311000,191611.59339400,0
1683466080000,28925.08000000,28926.82000000,28920.00000000,28920.00000000,9.59242000,1683466139999,277466.52296570,332,3.93496000,113821.10370740,0
1683466140000,28920.00000000,28920.98000000,28904.49000000,28907.73000000,24.41505000,1683466199999,705956.49463090,713,8.18083000,236528.17120720,0
1683466200000,28907.73000000,28917.28000000,28907.73000000,28917.27000000,5.92040000,1683466259999,171157.52581000,347,5.14475000,148732.14155040,0
1683466260000,28917.27000000,28930.00000000,28917.27000000,28930.00000000,9.30248000,1683466319999,269037.29165160,563,7.87383000,227720.34465170,0
1683466320000,28929.99000000,28932.32000000,28929.20000000,28929.21000000,10.77650000,1683466379999,311779.46573050,313,3.39566000,98238.72835350,0
1683466380000,28929.20000000,28941.83000000,28929.20000000,28937.99000000,11.25494000,1683466439999,325691.90365930,550,6.18708000,179026.05412090,0
1683466440000,28937.99000000,28945.73000000,28937.93000000,28944.76000000,14.42815000,1683466499999,417574.83926710,558,6.66518000,192893.84985760,0
1683466500000,28944.75000000,28977.28000000,28944.75000000,28965.94000000,43.52050000,1683466559999,1260378.45375410,1026,32.94404000,953954.62601870,0
1683466560000,28965.94000000,28965.95000000,28952.13000000,28952.15000000,13.31483000,1683466619999,385607.05046110,452,8.23516000,238489.79319910,0
1683466620000,28952.15000000,28959.79000000,28947.10000000,28947.11000000,12.47274000,1683466679999,361158.09684080,541,2.27004000,65726.90520340,0
1683466680000,28947.10000000,28968.17000000,28947.10000000,28957.55000000,28.32043000,1683466739999,820081.06671890,574,23.63054000,684255.96474530,0
1683466740000,28957.55000000,28958.51000000,28943.11000000,28943.99000000,37.49733000,1683466799999,1085562.87913450,834,12.00442000,347521.60125310,0
1683466800000,28943.98000000,28953.19000000,28943.98000000,28951.87000000,13.09106000,1683466859999,378995.10755330,482,6.73798000,195060.26939170,0
1683466860000,28951.86000000,28964.82000000,28951.86000000,28964.82000000,16.41941000,1683466919999,475482.27846760,501,14.40009000,417005.36338800,0
1683466920000,28964.81000000,28964.85000000,28951.56000000,28951.56000000,39.07625000,1683466979999,1131535.22705830,704,21.42636000,620439.15755150,0
1683466980000,28951.56000000,28951.57000000,28950.57000000,28950.57000000,8.27274000,1683467039999,239506.70836430,310,5.01322000,145138.81900450,0
1683467040000,28950.57000000,28950.58000000,28948.55000000,28949.99000000,13.00439000,1683467099999,376470.44458650,338,8.46046000,244923.76854350,0
1683467100000,28950.00000000,28965.58000000,28949.48000000,28965.58000000,28.98911000,1683467159999,839336.55005490,646,18.48261000,535119.90095960,0
1683467160000,28965.58000000,28965.58000000,28957.82000000,28957.82000000,12.48495000,1683467219999,361599.42724700,473,4.20554000,121804.84798520,0
1683467220000,28957.82000000,28987.50000000,28957.82000000,28960.00000000,35.98718000,1683467279999,1042749.66487640,981,20.51725000,594436.33351550,0
1683467280000,28960.01000000,28960.01000000,28925.55000000,28934.03000000,26.06878000,1683467339999,754368.81249580,968,10.12343000,292906.88861810,0
1683467340000,28934.03000000,28934.03000000,28924.47000000,28926.71000000,11.53446000,1683467399999,333678.49273870,476,4.44479000,128580.03693390,0
1683467400000,28926.72000000,28927.87000000,28924.63000000,28924.63000000,10.77661000,1683467459999,311734.35456850,401,5.35844000,155005.21021530,0
1683467460000,28924.64000000,28924.64000000,28904.27000000,28908.01000000,61.47354000,1683467519999,1777219.88276490,975,21.04731000,608415.21652960,0
1683467520000,28908.01000000,28908.79000000,28892.43000000,28894.75000000,30.65686000,1683467579999,885933.86756510,748,15.34713000,443440.78026530,0
1683467580000,28894.74000000,28895.93000000,28884.65000000,28890.77000000,29.78859000,1683467639999,860584.04832120,1012,9.51010000,274730.80960890,0
1683467640000,28890.78000000,28909.95000000,28890.77000000,28902.51000000,25.02322000,1683467699999,723185.60990710,843,14.72473000,425535.49541290,0
1683467700000,28902.51000000,28910.05000000,28902.51000000,28910.05000000,7.25479000,1683467759999,209706.18568390,419,5.74948000,166195.63017480,0
1683467760000,28910.04000000,28910.25000000,28900.48000000,28900.49000000,8.96655000,1683467819999,259180.72687360,420,1.64942000,47678.92388530,0
1683467820000,28900.49000000,28905.36000000,28897.45000000,28897.45000000,17.58331000,1683467879999,508197.54632540,452,4.12013000,119084.90554900,0
1683467880000,28897.45000000,28902.40000000,28897.45000000,28900.33000000,9.21437000,1683467939999,266299.73448610,408,5.64263000,163071.38153790,0
1683467940000,28900.33000000,28920.00000000,28899.55000000,28920.00000000,21.39420000,1683467999999,618450.76368620,599,16.44428000,475363.61706530,0
1683468000000,28920.00000000,28920.00000000,28918.52000000,28918.52000000,6.71409000,1683468059999,194167.17121630,354,3.44658000,99672.30914800,0
1683468060000,28918.53000000,28918.53000000,28910.00000000,28910.10000000,24.22476000,1683468119999,700477.55932810,440,6.35181000,183670.35986430,0
1683468120000,28910.09000000,28910.10000000,28905.02000000,28905.02000000,10.79371000,1683468179999,312031.53041400,360,1.23650000,35743.28226520,0
1683468180000,28905.03000000,28912.02000000,28905.02000000,28912.01000000,14.03997000,1683468239999,405849.98594720,540,11.97948000,346284.46212030,0
1683468240000,28912.01000000,28912.02000000,28907.87000000,28907.87000000,5.27775000,1683468299999,152576.95053360,328,2.56921000,74273.55397440,0
1683468300000,28907.88000000,28930.54000000,28907.87000000,28930.53000000,23.08254000,1683468359999,667552.97241110,836,17.63158000,509883.70248250,0
1683468360000,28930.53000000,28937.74000000,28930.53000000,28933.58000000,15.04162000,1683468419999,435234.36693050,621,7.63358000,220873.55972850,0
1683468420000,28933.59000000,28933.59000000,28922.51000000,28923.78000000,6.51141000,1683468479999,188356.89225910,448,3.10225000,89734.28791940,0
1683468480000,28923.77000000,28928.40000000,28923.77000000,28925.53000000,5.64648000,1683468539999,163338.08452100,385,2.72558000,78843.40526640,0
1683468540000,28925.53000000,28926.41000000,28915.62000000,28921.34000000,13.53453000,1683468599999,391460.90153790,605,5.83689000,168819.79152870,0
1683468600000,28921.35000000,28921.35000000,28911.35000000,28912.00000000,7.00564000,1683468659999,202564.07668000,456,1.76124000,50922.49110270,0
1683468660000,28911.99000000,28912.00000000,28904.07000000,28904.08000000,12.67586000,1683468719999,366430.57707580,502,1.17324000,33915.34771870,0
1683468720000,28904.08000000,28919.26000000,28904.06000000,28917.64000000,18.26989000,1683468779999,528205.16483150,702,12.79793000,370006.78757490,0
1683468780000,28917.63000000,28917.64000000,28911.28000000,28914.08000000,5.57044000,1683468839999,161051.33824040,322,3.01748000,87239.54346130,0
1683468840000,28914.08000000,28914.09000000,28901.58000000,28901.59000000,11.03213000,1683468899999,318917.63590340,498,2.19513000,63455.12900050,0
1683468900000,28901.59000000,28910.52000000,28901.56000000,28910.52000000,6.84352000,1683468959999,197822.23441730,430,4.94643000,142979.94152230,0
1683468960000,28910.51000000,28910.52000000,28906.36000000,28907.48000000,6.69247000,1683469019999,193462.64926310,369,3.58043000,103498.09614560,0
1683469020000,28907.47000000,28907.53000000,28904.55000000,28904.55000000,4.25121000,1683469079999,122890.82436500,393,1.63682000,47316.04448190,0
1683469080000,28904.54000000,28908.80000000,28904.54000000,28908.79000000,12.71774000,1683469139999,367625.94163610,463,7.72324000,223249.26792080,0
1683469140000,28908.80000000,28912.71000000,28908.79000000,28912.70000000,7.47918000,1683469199999,216219.90718810,353,5.34151000,154421.84386180,0
1683469200000,28912.70000000,28918.99000000,28912.70000000,28917.46000000,7.10410000,1683469259999,205430.15880340,439,2.97819000,86120.33054950,0
1683469260000,28917.47000000,28918.75000000,28912.54000000,28912.55000000,18.28222000,1683469319999,528670.35490950,489,10.11834000,292594.23085540,0
1683469320000,28912.55000000,28912.55000000,28904.67000000,28904.67000000,13.31680000,1683469379999,384956.75930900,434,3.61253000,104432.03223030,0
1683469380000,28904.67000000,28904.68000000,28891.03000000,28893.13000000,21.88302000,1683469439999,632324.97156330,647,4.79710000,138606.65139250,0
1683469440000,28893.13000000,28893.13000000,28884.44000000,28887.59000000,19.27353000,1683469499999,556783.99481830,583,4.28766000,123855.74545300,0
1683469500000,28887.60000000,28906.41000000,28887.59000000,28902.95000000,21.63211000,1683469559999,625119.82873870,940,11.87223000,343039.58299960,0
1683469560000,28902.95000000,28903.06000000,28895.23000000,28895.63000000,16.07303000,1683469619999,464524.59350310,458,3.68762000,106564.06382910,0
1683469620000,28895.63000000,28918.99000000,28895.63000000,28918.99000000,15.10061000,1683469679999,436562.81463050,629,11.85653000,342754.85235190,0
1683469680000,28918.98000000,28942.12000000,28918.98000000,28940.00000000,16.99816000,1683469739999,491835.74039710,923,9.89055000,286165.61797750,0
1683469740000,28940.00000000,28947.73000000,28931.44000000,28931.45000000,16.65678000,1683469799999,482090.06593200,736,6.94549000,201040.54318400,0
1683469800000,28931.44000000,28951.31000000,28931.43000000,28948.03000000,22.37011000,1683469859999,647465.55310440,759,13.01855000,376791.42609900,0
1683469860000,28948.02000000,28948.37000000,28944.51000000,28944.53000000,14.30248000,1683469919999,414016.53785070,526,5.66061000,163855.42165110,0
1683469920000,28944.52000000,28951.88000000,28944.52000000,28951.87000000,14.67968000,1683469979999,424965.07300970,651,10.79129000,312396.19271900,0
1683469980000,28951.88000000,28980.00000000,28951.87000000,28969.78000000,47.81919000,1683470039999,1385147.73788270,1125,36.98003000,1071241.36358390,0
1683470040000,28969.79000000,29076.90000000,28964.59000000,29014.97000000,306.96377000,1683470099999,8911508.29186290,5800,177.30532000,5146144.49675120,0
1683470100000,29014.98000000,29034.94000000,28992.14000000,29003.30000000,139.82087000,1683470159999,4055243.49378870,1779,42.74859000,1239874.50245090,0
1683470160000,29003.29000000,29006.09000000,28988.92000000,28991.74000000,29.79833000,1683470219999,864001.33711360,1019,13.00853000,377151.81307820,0
1683470220000,28991.75000000,29019.40000000,28984.12000000,28998.98000000,27.00441000,1683470279999,783212.01946680,1343,15.98094000,463447.57381020,0
1683470280000,28998.97000000,28998.98000000,28954.27000000,28960.16000000,30.02280000,1683470339999,869996.15216100,1149,14.06973000,407696.13488420,0
1683470340000,28960.16000000,28963.45000000,28951.23000000,28963.43000000,12.99309000,1683470399999,376247.34857500,876,8.00441000,231784.13327550,0
1683470400000,28963.44000000,28992.85000000,28963.43000000,28972.27000000,38.35868000,1683470459999,1111696.65734370,1205,14.81344000,429289.16309080,0
1683470460000,28972.27000000,29003.66000000,28970.01000000,28995.10000000,38.01657000,1683470519999,1102067.22883140,1053,27.01504000,783103.65080950,0
1683470520000,28995.09000000,29030.66000000,28995.09000000,29020.70000000,38.11606000,1683470579999,1106030.87981670,1202,24.69674000,716612.02811810,0
1683470580000,29020.69000000,29039.92000000,28995.08000000,29002.37000000,43.82112000,1683470639999,1271759.45213430,1247,22.29446000,647012.75554800,0
1683470640000,29002.36000000,29011.80000000,29000.33000000,29006.32000000,21.05515000,1683470699999,610763.56163330,741,7.95271000,230676.18468630,0
1683470700000,29006.32000000,29022.77000000,29006.32000000,29007.39000000,34.13908000,1683470759999,990513.81654130,914,18.99159000,550968.49892450,0
1683470760000,29007.40000000,29007.93000000,28999.27000000,29001.19000000,18.61677000,1683470819999,539925.01603270,749,10.82482000,313929.82336720,0
1683470820000,29001.19000000,29053.70000000,28997.01000000,29049.93000000,76.86009000,1683470879999,2230279.17472560,1584,52.40866000,1520728.06236460,0
1683470880000,29049.94000000,29053.51000000,29032.96000000,29042.37000000,35.53232000,1683470939999,1032005.44758890,1051,19.13927000,555873.47752550,0
1683470940000,29042.36000000,29046.92000000,29014.82000000,29038.67000000,53.77545000,1683470999999,1561163.93026120,1426,26.11935000,758228.00475280,0
1683471000000,29038.66000000,29076.89000000,29038.66000000,29057.20000000,159.05098000,1683471059999,4621588.38648150,2350,118.32990000,3438344.90908360,0
1683471060000,29057.20000000,29080.37000000,29057.20000000,29072.87000000,69.10092000,1683471119999,2008808.14212540,1794,34.09346000,991089.95114960,0
1683471120000,29072.86000000,29095.88000000,29035.44000000,29040.74000000,84.55095000,1683471179999,2458190.17498880,2107,41.85299000,1216833.19635630,0
1683471180000,29040.75000000,29070.00000000,29040.74000000,29061.06000000,70.36047000,1683471239999,2044454.82040850,1395,38.82900000,1128135.10533880,0
1683471240000,29061.05000000,29066.88000000,29050.00000000,29057.62000000,38.06900000,1683471299999,1106136.63267510,980,18.10266000,525972.82929960,0
1683471300000,29057.63000000,29060.74000000,29050.32000000,29050.33000000,16.17014000,1683471359999,469814.22174870,670,7.49396000,217728.82276070,0
1683471360000,29050.33000000,29050.65000000,29044.38000000,29044.39000000,15.62135000,1683471419999,453795.27261170,611,5.23983000,152214.27655820,0
1683471420000,29044.39000000,29052.36000000,29037.63000000,29045.03000000,29.55883000,1683471479999,858449.95818730,865,15.63110000,453938.10669050,0
1683471480000,29045.03000000,29051.77000000,29033.87000000,29033.87000000,19.32534000,1683471539999,561256.35902430,640,5.23896000,152149.85165250,0
1683471540000,29033.88000000,29045.73000000,29030.44000000,29045.71000000,25.01048000,1683471599999,726245.67005000,728,16.25212000,471925.40596480,0
1683471600000,29045.71000000,29053.21000000,29026.92000000,29028.26000000,29.08134000,1683471659999,844451.06141300,1019,14.09149000,409157.05903080,0
1683471660000,29028.27000000,29031.73000000,29018.37000000,29018.38000000,17.84409000,1683471719999,517930.25312090,573,11.07412000,321423.33800870,0
1683471720000,29018.38000000,29036.70000000,29011.56000000,29011.57000000,34.94172000,1683471779999,1014150.34270060,858,14.63483000,424775.66180000,0
1683471780000,29011.56000000,29013.87000000,28987.90000000,28987.90000000,21.87953000,1683471839999,634580.68407480,929,5.25916000,152543.58054710,0
1683471840000,28987.90000000,28998.31000000,28987.90000000,28998.31000000,31.19135000,1683471899999,904359.15830050,713,24.84948000,720465.67585100,0
1683471900000,28998.31000000,29013.87000000,28992.26000000,29010.01000000,24.42070000,1683471959999,708273.56441250,826,16.78903000,486911.75793670,0
1683471960000,29010.01000000,29015.05000000,29006.72000000,29006.72000000,7.41491000,1683472019999,215123.14831820,440,2.33028000,67604.78742360,0
1683472020000,29006.73000000,29013.23000000,29000.00000000,29000.00000000,30.56365000,1683472079999,886584.27902970,715,4.77041000,138385.20425430,0
1683472080000,29000.00000000,29017.60000000,28990.38000000,28994.85000000,54.13951000,1683472139999,1570255.43012470,899,33.80058000,980424.26169080,0
1683472140000,28994.85000000,29021.35000000,28994.84000000,29014.49000000,34.34772000,1683472199999,996411.93385090,694,23.16419000,671943.07345450,0
1683472200000,29014.48000000,29029.74000000,29014.48000000,29027.63000000,18.72369000,1683472259999,543446.75168750,813,7.29995000,211874.37817480,0
1683472260000,29027.63000000,29028.01000000,29022.77000000,29028.01000000,12.41220000,1683472319999,360279.83968590,505,6.91379000,200678.75292530,0
1683472320000,29028.00000000,29028.01000000,29010.72000000,29014.49000000,62.41039000,1683472379999,1811463.07570790,701,6.22014000,180470.78508400,0
1683472380000,29014.48000000,29018.06000000,29005.22000000,29005.23000000,9.10556000,1683472439999,264176.78950430,437,2.03716000,59099.98060320,0
1683472440000,29005.23000000,29005.23000000,29000.00000000,29000.00000000,6.74166000,1683472499999,195524.26400970,300,3.74741000,108683.54264660,0
1683472500000,29000.01000000,29000.01000000,28991.30000000,28991.31000000,13.54664000,1683472559999,392825.82798310,446,5.00346000,145098.64902770,0
1683472560000,28991.31000000,28991.31000000,28976.65000000,28976.66000000,14.98827000,1683472619999,434459.57960240,800,5.33362000,154600.30562040,0
1683472620000,28976.66000000,28980.98000000,28947.98000000,28949.04000000,36.17709000,1683472679999,1047953.75988990,1804,17.76319000,514548.86669790,0
1683472680000,28949.04000000,28976.46000000,28949.03000000,28960.01000000,33.81569000,1683472739999,979507.33430220,1128,20.29605000,587879.75404920,0
1683472740000,28960.00000000,28962.41000000,28956.14000000,28960.17000000,18.75248000,1683472799999,543075.75573260,581,8.74517000,253253.88520740,0
1683472800000,28960.16000000,28969.76000000,28947.92000000,28959.89000000,34.90983000,1683472859999,1010917.02461720,917,12.23980000,354408.21338690,0
1683472860000,28959.89000000,28968.58000000,28939.97000000,28939.97000000,28.34559000,1683472919999,820641.53191400,1110,16.53248000,478597.62823060,0
1683472920000,28939.97000000,28950.00000000,28934.66000000,28934.67000000,20.53603000,1683472979999,594317.69937420,954,7.51714000,217539.03361610,0
1683472980000,28934.66000000,28949.08000000,28934.66000000,28941.78000000,19.22993000,1683473039999,556549.10826170,614,11.07397000,320495.43723560,0
1683473040000,28941.78000000,28941.78000000,28933.50000000,28937.86000000,10.90317000,1683473099999,315489.54937330,549,3.58349000,103689.65487530,0
1683473100000,28937.86000000,28947.27000000,28937.86000000,28943.79000000,7.58213000,1683473159999,219454.82390890,580,2.77572000,80334.47757240,0
1683473160000,28943.78000000,28960.40000000,28934.06000000,28944.33000000,32.44376000,1683473219999,939128.61779380,794,23.01313000,666134.27550840,0
1683473220000,28944.34000000,28964.05000000,28944.33000000,28963.82000000,10.81756000,1683473279999,313236.16069310,802,4.68688000,135700.89018490,0
1683473280000,28963.82000000,28963.83000000,28948.76000000,28948.77000000,7.42001000,1683473339999,214872.56091530,478,1.99642000,57805.26007420,0
1683473340000,28948.77000000,28948.77000000,28934.25000000,28941.16000000,12.44012000,1683473399999,360033.10323030,551,4.14940000,120070.66832310,0
1683473400000,28941.16000000,28943.60000000,28936.52000000,28936.53000000,10.38162000,1683473459999,300434.15722260,393,1.96195000,56779.96542180,0
1683473460000,28936.52000000,28936.53000000,28921.34000000,28921.84000000,23.16570000,1683473519999,670125.50299180,894,9.60379000,277792.98794090,0
1683473520000,28921.85000000,28935.42000000,28917.69000000,28918.17000000,30.18166000,1683473579999,872938.81821440,882,8.87599000,256705.79066860,0
1683473580000,28918.18000000,28918.18000000,28900.99000000,28913.16000000,34.02623000,1683473639999,983551.93602310,1139,19.90629000,575388.09486460,0
1683473640000,28913.16000000,28927.43000000,28913.16000000,28920.48000000,13.09564000,1683473699999,378752.65797580,571,7.49484000,216756.84308680,0
1683473700000,28920.48000000,28943.43000000,28920.48000000,28935.56000000,41.21332000,1683473759999,1192542.63380970,1014,12.21818000,353498.78702920,0
1683473760000,28935.55000000,28940.64000000,28935.50000000,28940.64000000,12.37738000,1683473819999,358194.58764290,552,8.97607000,259760.03479010,0
1683473820000,28940.64000000,28947.31000000,28940.63000000,28947.30000000,12.29107000,1683473879999,355741.56993420,667,8.69187000,251565.33422430,0
1683473880000,28947.30000000,28948.01000000,28927.73000000,28933.16000000,18.31354000,1683473939999,529941.02983070,700,7.02340000,203214.62164430,0
1683473940000,28933.16000000,28950.83000000,28933.16000000,28946.72000000,22.69653000,1683473999999,656949.73027090,737,11.69791000,338566.46723680,0
1683474000000,28946.71000000,28946.72000000,28931.60000000,28931.60000000,20.95356000,1683474059999,606430.27226450,550,1.36874000,39610.11440540,0
1683474060000,28931.61000000,28935.16000000,28931.07000000,28931.08000000,32.41704000,1683474119999,937922.47214810,544,9.48429000,274392.68056490,0
1683474120000,28931.07000000,28931.08000000,28921.77000000,28921.77000000,9.10090000,1683474179999,263278.30372770,467,1.73354000,50145.66869060,0
1683474180000,28921.78000000,28923.28000000,28918.41000000,28919.68000000,26.13919000,1683474239999,755980.92615760,581,9.55196000,276242.10749770,0
1683474240000,28919.68000000,28930.50000000,28919.68000000,28930.50000000,13.24522000,1683474299999,383112.58019110,480,11.10757000,321282.78023630,0
1683474300000,28930.49000000,28935.89000000,28930.49000000,28935.88000000,6.15900000,1683474359999,178202.78672770,498,5.33892000,154474.16532210,0
1683474360000,28935.89000000,28938.80000000,28919.73000000,28919.73000000,15.04688000,1683474419999,435307.38984070,560,4.43970000,128432.07437770,0
1683474420000,28919.73000000,28940.00000000,28917.43000000,28939.99000000,11.85787000,1683474479999,342996.56494830,635,10.12158000,292774.42093870,0
1683474480000,28940.00000000,28953.06000000,28939.99000000,28950.91000000,27.82356000,1683474539999,805404.00303700,652,19.53507000,565472.78515510,0
1683474540000,28950.91000000,28955.43000000,28950.91000000,28955.43000000,24.29736000,1683474599999,703486.02042670,504,15.34769000,444360.36205580,0
1683474600000,28955.43000000,28971.62000000,28955.42000000,28971.62000000,21.11694000,1683474659999,611557.61176330,727,12.03044000,348405.35990550,0
1683474660000,28971.62000000,28988.83000000,28969.18000000,28979.29000000,27.80545000,1683474719999,805798.99856990,1007,12.74465000,369329.13695430,0
1683474720000,28979.29000000,28985.80000000,28971.02000000,28985.80000000,16.20706000,1683474779999,469680.71770450,717,12.35977000,358176.26911450,0
1683474780000,28985.79000000,28994.22000000,28985.79000000,28994.22000000,14.33089000,1683474839999,415431.24051650,591,11.73750000,340249.59325570,0
1683474840000,28994.21000000,28995.48000000,28979.26000000,28981.87000000,29.77586000,1683474899999,863129.04653930,739,11.41075000,330738.46246500,0
1683474900000,28981.87000000,28982.30000000,28973.72000000,28982.30000000,16.98360000,1683474959999,492148.33743800,716,7.87850000,228285.16938350,0
1683474960000,28982.29000000,28982.30000000,28964.65000000,28964.65000000,6.29335000,1683475019999,182337.66310840,486,0.89117000,25817.31131170,0
1683475020000,28964.66000000,28966.22000000,28960.00000000,28960.00000000,19.71111000,1683475079999,570939.27636310,584,7.41836000,214872.64036580,0
1683475080000,28960.01000000,28960.01000000,28943.33000000,28943.33000000,13.61989000,1683475139999,394293.45104710,607,5.39949000,156323.35238210,0
1683475140000,28943.34000000,28944.94000000,28942.66000000,28942.67000000,14.47879000,1683475199999,419073.49453260,523,5.16729000,149559.07745000,0
1683475200000,28942.66000000,28954.08000000,28942.66000000,28951.05000000,31.51833000,1683475259999,912444.63392800,869,15.88410000,459821.89523150,0
1683475260000,28951.05000000,28951.06000000,28942.67000000,28942.67000000,10.12152000,1683475319999,292999.75387040,459,3.07300000,88961.27330600,0
1683475320000,28942.67000000,28962.77000000,28942.67000000,28956.53000000,32.55058000,1683475379999,942377.86552160,799,25.58073000,740555.60243900,0
1683475380000,28956.52000000,28965.59000000,28956.52000000,28961.88000000,30.44070000,1683475439999,881632.64804850,687,18.10179000,524241.08312660,0
1683475440000,28961.88000000,28961.89000000,28952.28000000,28957.23000000,11.59640000,1683475499999,335791.34438800,629,4.88511000,141452.09737080,0
1683475500000,28957.23000000,28957.23000000,28937.92000000,28937.93000000,15.06152000,1683475559999,436076.45981310,508,2.45335000,71034.70799150,0
1683475560000,28937.93000000,28937.93000000,28935.85000000,28935.85000000,7.15573000,1683475619999,207064.39674810,265,1.87701000,54314.34534030,0
1683475620000,28935.86000000,28935.86000000,28928.09000000,28928.09000000,16.32974000,1683475679999,472426.41973780,424,3.28233000,94955.42854090,0
1683475680000,28928.09000000,28928.10000000,28919.38000000,28919.38000000,16.39948000,1683475739999,474335.38246180,441,2.36433000,68386.38313080,0
1683475740000,28919.39000000,28919.40000000,28916.60000000,28919.40000000,25.59615000,1683475799999,740208.73341960,644,10.26395000,296817.74311890,0
1683475800000,28919.40000000,28929.11000000,28911.44000000,28929.11000000,47.15482000,1683475859999,1363620.34417410,839,37.48033000,1083874.60216710,0
1683475860000,28929.10000000,28955.20000000,28929.10000000,28955.19000000,23.28693000,1683475919999,673919.61555640,951,13.74153000,397700.85415430,0
1683475920000,28955.19000000,28963.63000000,28949.10000000,28963.62000000,24.45272000,1683475979999,708058.63931110,807,14.68105000,425116.59263730,0
1683475980000,28963.62000000,28969.90000000,28963.54000000,28967.10000000,12.00025000,1683476039999,347610.39929480,517,6.69622000,193961.66112310,0
1683476040000,28967.09000000,28973.09000000,28967.06000000,28967.07000000,14.60266000,1683476099999,423025.10572400,564,7.60577000,220329.07718550,0
1683476100000,28967.07000000,28969.63000000,28958.40000000,28958.41000000,21.24311000,1683476159999,615332.79241000,461,3.32470000,96294.52912450,0
1683476160000,28958.41000000,28958.41000000,28955.10000000,28955.11000000,3.14220000,1683476219999,90986.60402550,268,0.44610000,12916.97197980,0
1683476220000,28955.11000000,28955.11000000,28950.27000000,28952.49000000,13.36732000,1683476279999,387006.98141260,426,7.09487000,205404.22959000,0
1683476280000,28952.49000000,28952.50000000,28924.26000000,28924.27000000,13.12603000,1683476339999,379870.31918350,652,0.79480000,23001.95767600,0
1683476340000,28924.27000000,28930.75000000,28915.44000000,28926.30000000,14.98770000,1683476399999,433515.98033470,691,7.32482000,211865.88816550,0
1683476400000,28926.30000000,28926.30000000,28912.42000000,28912.42000000,11.38941000,1683476459999,329362.86006260,482,4.89869000,141657.43328400,0
1683476460000,28912.42000000,28912.43000000,28908.76000000,28912.28000000,15.29478000,1683476519999,442176.05138410,557,7.82392000,226185.93683290,0
1683476520000,28912.27000000,28923.51000000,28909.69000000,28909.69000000,25.19075000,1683476579999,728489.04376160,687,5.55581000,160652.83605200,0
1683476580000,28909.69000000,28911.33000000,28901.21000000,28901.22000000,11.38362000,1683476639999,329041.15705070,557,4.00852000,115865.94397090,0
1683476640000,28901.22000000,28904.46000000,28872.72000000,28872.72000000,71.68101000,1683476699999,2070673.13862350,1999,24.45959000,706619.96317820,0
1683476700000,28872.73000000,28888.23000000,28852.99000000,28883.41000000,51.68296000,1683476759999,1491959.10971080,1606,28.97710000,836412.11579040,0
1683476760000,28883.40000000,28930.91000000,28883.40000000,28925.36000000,49.38896000,1683476819999,1428077.09895580,1172,42.47413000,1228134.29901410,0
1683476820000,28925.37000000,28937.06000000,28897.68000000,28898.72000000,30.66167000,1683476879999,886707.59134450,786,15.54555000,449590.12886330,0
1683476880000,28898.72000000,28910.57000000,28893.51000000,28908.30000000,25.53644000,1683476939999,737992.88829950,639,19.01151000,549397.77143310,0
1683476940000,28908.29000000,28915.43000000,28908.29000000,28909.91000000,14.50407000,1683476999999,419341.29967920,567,4.31678000,124797.09279810,0
1683477000000,28909.90000000,28909.91000000,28869.76000000,28879.75000000,78.51289000,1683477059999,2267800.24347600,1776,29.71193000,858079.86025460,0
1683477060000,28879.75000000,28879.76000000,28807.00000000,28854.86000000,197.93139000,1683477119999,5708366.26971960,2927,73.40649000,2116641.96463890,0
1683477120000,28854.86000000,28859.23000000,28846.82000000,28856.59000000,58.36796000,1683477179999,1684076.14657690,1069,28.12812000,811502.82950680,0
1683477180000,28856.60000000,28860.73000000,28853.93000000,28860.73000000,19.27562000,1683477239999,556234.80305170,509,11.64818000,336127.01868020,0
1683477240000,28860.72000000,28860.73000000,28850.52000000,28859.62000000,22.85940000,1683477299999,659604.98862190,529,10.93827000,315595.77920610,0
1683477300000,28859.62000000,28859.63000000,28852.70000000,28857.46000000,12.22840000,1683477359999,352844.25951860,391,3.42713000,98888.07011770,0
1683477360000,28857.45000000,28861.84000000,28851.77000000,28861.83000000,24.03164000,1683477419999,693441.54933420,572,17.86330000,515449.58753980,0
1683477420000,28861.84000000,28887.96000000,28861.83000000,28887.95000000,23.73169000,1683477479999,685297.77530820,800,15.52162000,448193.43130250,0
1683477480000,28887.96000000,28903.85000000,28887.95000000,28901.95000000,20.29821000,1683477539999,586469.79772950,506,13.24086000,382545.89370650,0
1683477540000,28901.95000000,28901.96000000,28887.76000000,28887.76000000,16.60637000,1683477599999,479869.10969810,476,4.42571000,127883.85260160,0
1683477600000,28887.77000000,28896.30000000,28887.18000000,28896.29000000,11.15681000,1683477659999,322339.91342810,497,6.34280000,183253.13022380,0
1683477660000,28896.29000000,28899.36000000,28896.29000000,28899.35000000,4.05907000,1683477719999,117298.25284180,300,2.67425000,77278.83968030,0
1683477720000,28899.36000000,28902.69000000,28899.35000000,28902.69000000,4.81903000,1683477779999,139274.42786190,292,1.72047000,49722.12453410,0
1683477780000,28902.69000000,28902.69000000,28891.46000000,28893.12000000,16.79079000,1683477839999,485197.00438110,474,4.11342000,118854.93862740,0
1683477840000,28893.12000000,28893.13000000,28880.00000000,28880.01000000,10.18608000,1683477899999,294268.49448210,403,3.21740000,92943.68526620,0
1683477900000,28880.01000000,28895.38000000,28853.95000000,28895.38000000,21.79966000,1683477959999,629364.97645320,1151,12.81015000,369848.44852810,0
1683477960000,28895.37000000,28903.66000000,28895.37000000,28903.66000000,10.46960000,1683478019999,302579.55837410,396,6.53367000,188827.32325840,0
1683478020000,28903.65000000,28906.64000000,28901.16000000,28901.17000000,14.27246000,1683478079999,412545.02628900,383,4.17972000,120813.72484760,0
1683478080000,28901.16000000,28901.17000000,28895.43000000,28895.44000000,15.54373000,1683478139999,449195.46167990,408,6.83758000,197591.47414090,0
1683478140000,28895.43000000,28895.44000000,28890.93000000,28891.83000000,7.80430000,1683478199999,225490.92937160,290,3.75489000,108488.29168770,0
1683478200000,28891.84000000,28904.42000000,28891.83000000,28901.60000000,14.49940000,1683478259999,419025.79440300,518,8.64747000,249896.18946730,0
1683478260000,28901.60000000,28903.00000000,28901.60000000,28902.42000000,12.01238000,1683478319999,347191.37647940,272,4.30231000,124348.32011250,0
1683478320000,28902.42000000,28902.42000000,28901.63000000,28901.64000000,8.30467000,1683478379999,240021.67355490,285,3.80614000,110004.27151950,0
1683478380000,28901.64000000,28906.64000000,28896.54000000,28906.19000000,19.87816000,1683478439999,574529.15604160,591,11.33786000,327689.19975340,0
1683478440000,28906.19000000,28919.02000000,28906.18000000,28919.01000000,10.41245000,1683478499999,301054.81567820,510,8.16863000,236176.86461580,0
1683478500000,28919.01000000,28919.02000000,28919.01000000,28919.01000000,4.63522000,1683478559999,134046.00392450,280,3.03923000,87891.55315460,0
1683478560000,28919.01000000,28921.11000000,28919.01000000,28921.11000000,6.98038000,1683478619999,201872.46516920,382,3.89080000,112521.44063030,0
1683478620000,28921.10000000,28921.69000000,28910.33000000,28910.33000000,13.73557000,1683478679999,397198.59281360,499,3.77094000,109048.19777920,0
1683478680000,28910.34000000,28923.59000000,28910.33000000,28923.59000000,10.08567000,1683478739999,291643.38644840,425,8.46098000,244656.75518920,0
1683478740000,28923.59000000,28953.65000000,28923.58000000,28953.65000000,19.77863000,1683478799999,572394.13785210,944,14.69978000,425408.47279290,0
1683478800000,28953.64000000,28962.67000000,28946.21000000,28959.16000000,19.14184000,1683478859999,554220.28984170,857,11.76113000,340517.80082170,0
1683478860000,28959.17000000,28961.78000000,28951.96000000,28961.77000000,17.25963000,1683478919999,499803.16209520,492,11.01662000,319018.92832370,0
1683478920000,28961.77000000,28961.78000000,28953.74000000,28957.06000000,12.61379000,1683478979999,365270.86177770,408,6.89132000,199551.03397080,0
1683478980000,28957.05000000,28985.21000000,28957.05000000,28983.72000000,45.50200000,1683479039999,1318261.76566090,1272,36.87495000,1068256.60893780,0
1683479040000,28983.71000000,29000.00000000,28979.83000000,28999.99000000,51.61723000,1683479099999,1496399.41983820,1055,40.39027000,1170858.26140320,0
1683479100000,29000.00000000,29010.00000000,28990.30000000,29007.31000000,63.17283000,1683479159999,1832074.67751200,1443,50.88494000,1475681.19525350,0
1683479160000,29007.30000000,29023.19000000,28995.44000000,29023.19000000,34.38437000,1683479219999,997376.01401320,1058,18.50719000,536856.25461100,0
1683479220000,29023.19000000,29029.11000000,29000.64000000,29004.51000000,53.23364000,1683479279999,1544750.28368850,1150,22.77153000,660742.94279230,0
1683479280000,29004.52000000,29004.52000000,28998.44000000,28998.44000000,14.44319000,1683479339999,418853.38341470,355,6.02838000,174814.50568480,0
1683479340000,28998.45000000,28998.45000000,28976.95000000,28982.74000000,26.24149000,1683479399999,760619.94017770,851,14.50880000,420497.30268940,0
1683479400000,28982.75000000,28982.75000000,28970.14000000,28970.14000000,22.32183000,1683479459999,646776.00239440,725,9.53393000,276235.33148680,0
1683479460000,28970.14000000,28970.15000000,28966.64000000,28966.66000000,9.35024000,1683479519999,270857.44057850,437,4.48504000,129920.49114640,0
1683479520000,28966.66000000,28976.37000000,28963.50000000,28972.42000000,18.64813000,1683479579999,540251.35171540,577,9.60251000,278193.59996470,0
1683479580000,28972.43000000,28972.43000000,28966.02000000,28966.03000000,7.25925000,1683479639999,210310.59750650,277,2.38347000,69052.50660010,0
1683479640000,28966.02000000,28966.03000000,28966.02000000,28966.03000000,4.64109000,1683479699999,134433.93228280,214,2.65210000,76820.80816300,0
1683479700000,28966.02000000,28970.72000000,28966.02000000,28970.71000000,7.85301000,1683479759999,227480.35193310,434,5.70589000,165284.50664710,0
1683479760000,28970.72000000,28970.72000000,28970.71000000,28970.71000000,1.90066000,1683479819999,55063.48244120,185,1.27726000,37003.14182720,0
1683479820000,28970.72000000,28970.72000000,28963.29000000,28970.00000000,15.54221000,1683479879999,450199.13047120,393,8.15926000,236335.75492330,0
1683479880000,28969.99000000,28993.93000000,28969.99000000,28974.34000000,23.35725000,1683479939999,676970.22745150,746,10.33473000,299506.26607090,0
1683479940000,28974.34000000,28978.22000000,28974.34000000,28976.14000000,5.94440000,1683479999999,172244.90665780,235,4.05391000,117462.70123510,0
1683480000000,28976.14000000,28976.16000000,28970.01000000,28970.01000000,15.08726000,1683480059999,437161.52656560,358,8.58766000,248837.10616070,0
1683480060000,28970.01000000,28970.02000000,28960.88000000,28960.89000000,16.33427000,1683480119999,473114.58179840,505,2.92590000,84744.61117550,0
1683480120000,28960.89000000,28963.22000000,28959.81000000,28963.21000000,9.13962000,1683480179999,264689.21843460,439,6.22283000,180217.38902450,0
1683480180000,28963.22000000,28969.76000000,28962.09000000,28962.09000000,6.49446000,1683480239999,188118.96609480,341,2.41975000,70087.42462600,0
1683480240000,28962.09000000,28962.68000000,28961.58000000,28962.68000000,6.56759000,1683480299999,190209.83231640,222,2.33478000,67619.40797370,0
1683480300000,28962.67000000,28962.68000000,28962.67000000,28962.67000000,3.07235000,1683480359999,88983.48130520,282,2.21307000,64096.43822760,0
1683480360000,28962.67000000,28965.51000000,28962.67000000,28965.50000000,6.04923000,1683480419999,175209.80274030,308,4.84107000,140216.68817900,0
1683480420000,28965.51000000,28965.51000000,28965.50000000,28965.50000000,2.19017000,1683480479999,63439.38704770,174,1.79127000,51885.04909770,0
1683480480000,28965.50000000,28965.51000000,28920.41000000,28920.42000000,50.11966000,1683480539999,1450795.89005480,1138,9.95668000,288182.25735850,0
1683480540000,28920.42000000,28928.48000000,28914.29000000,28926.11000000,27.74367000,1683480599999,802363.48201110,780,11.45682000,331343.02730950,0
1683480600000,28926.11000000,28926.11000000,28913.44000000,28917.27000000,19.19942000,1683480659999,555234.12726190,612,3.66327000,105926.62937070,0
1683480660000,28917.26000000,28917.27000000,28905.07000000,28905.32000000,9.37773000,1683480719999,271111.96519740,518,3.13192000,90535.94217150,0
1683480720000,28905.32000000,28918.38000000,28898.04000000,28918.37000000,26.91701000,1683480779999,777985.69422390,799,8.76600000,253402.68416690,0
1683480780000,28918.38000000,28939.08000000,28918.37000000,28934.99000000,11.33290000,1683480839999,327894.60877360,647,5.27868000,152708.71945340,0
1683480840000,28934.99000000,28934.99000000,28926.12000000,28928.08000000,7.55320000,1683480899999,218518.69915000,315,2.55843000,74011.50199350,0
1683480900000,28928.08000000,28935.12000000,28928.08000000,28935.11000000,7.25904000,1683480959999,210000.09727890,367,4.16087000,120372.12062200,0
1683480960000,28935.11000000,28935.12000000,28924.72000000,28924.73000000,7.03673000,1683481019999,203562.35314310,366,0.86034000,24888.40467930,0
1683481020000,28924.72000000,28927.43000000,28924.48000000,28924.49000000,22.20386000,1683481079999,642267.50985880,373,5.08718000,147145.97117820,0
1683481080000,28924.49000000,28924.49000000,28911.38000000,28911.38000000,7.43377000,1683481139999,214977.00883820,354,0.78674000,22749.86228530,0
1683481140000,28911.38000000,28920.00000000,28911.38000000,28920.00000000,21.34936000,1683481199999,617292.45672540,497,9.33192000,269817.98576390,0
1683481200000,28920.00000000,28920.00000000,28901.16000000,28901.17000000,17.81838000,1683481259999,515072.09197970,494,4.32619000,125048.20221880,0
1683481260000,28901.16000000,28901.17000000,28882.71000000,28889.98000000,29.78749000,1683481319999,860541.45968070,810,10.43736000,301504.37173170,0
1683481320000,28889.97000000,28893.58000000,28878.91000000,28893.57000000,16.89171000,1683481379999,487897.31240680,766,6.95596000,200914.26707650,0
1683481380000,28893.57000000,28902.39000000,28893.57000000,28898.22000000,15.14422000,1683481439999,437659.25423240,550,7.25801000,209752.34581120,0
1683481440000,28898.21000000,28903.42000000,28890.70000000,28903.42000000,16.25216000,1683481499999,469612.99227390,678,10.14202000,293052.20070100,0
1683481500000,28903.41000000,28903.42000000,28889.85000000,28889.85000000,11.63374000,1683481559999,336156.00257690,462,3.84148000,110994.99784130,0
1683481560000,28889.86000000,28895.19000000,28889.85000000,28895.18000000,8.69945000,1683481619999,251338.01143370,402,5.31655000,153600.52154670,0
1683481620000,28895.19000000,28918.66000000,28881.17000000,28917.04000000,36.24828000,1683481679999,1047440.79525750,963,22.42452000,648000.67988420,0
1683481680000,28917.04000000,28937.82000000,28917.03000000,28927.44000000,14.72594000,1683481739999,425970.63588450,598,6.64389000,192157.85211030,0
1683481740000,28927.44000000,28927.45000000,28915.78000000,28915.78000000,7.86002000,1683481799999,227311.75632310,318,1.33375000,38568.03299280,0
1683481800000,28915.79000000,28915.79000000,28877.55000000,28882.22000000,36.39358000,1683481859999,1051290.98741660,913,10.02724000,289595.73212710,0
1683481860000,28882.22000000,28900.00000000,28882.22000000,28900.00000000,19.72349000,1683481919999,569861.67463870,449,16.77900000,484780.63550930,0
1683481920000,28899.99000000,28904.04000000,28899.99000000,28903.96000000,9.62509000,1683481979999,278200.40607400,304,2.60222000,75212.02312320,0
1683481980000,28903.96000000,28905.21000000,28892.66000000,28892.66000000,14.71774000,1683482039999,425392.00168710,481,4.47239000,129271.54074560,0
1683482040000,28892.67000000,28892.67000000,28878.44000000,28880.52000000,16.88295000,1683482099999,487646.31647480,451,5.63886000,162869.93168900,0
1683482100000,28880.52000000,28892.66000000,28878.43000000,28892.65000000,18.37297000,1683482159999,530645.75292550,566,10.42101000,300970.57808720,0
1683482160000,28892.66000000,28905.59000000,28891.37000000,28905.59000000,11.11428000,1683482219999,321149.56848360,415,8.74154000,252588.79597330,0
1683482220000,28905.58000000,28910.90000000,28905.42000000,28905.42000000,16.95520000,1683482279999,490136.92388740,372,10.62095000,307022.02896240,0
1683482280000,28905.42000000,28905.43000000,28903.98000000,28903.99000000,8.56087000,1683482339999,247448.15934580,256,3.37827000,97645.70633470,0
1683482340000,28903.99000000,28904.57000000,28903.98000000,28904.56000000,9.57495000,1683482399999,276757.20624890,311,6.58379000,190299.59602670,0
1683482400000,28904.56000000,28904.57000000,28894.89000000,28894.89000000,13.42432000,1683482459999,387972.89030890,514,5.69033000,164456.21968560,0
1683482460000,28894.89000000,28902.13000000,28894.89000000,28902.13000000,11.78871000,1683482519999,340661.72610260,398,7.21786000,208570.39322570,0
1683482520000,28902.13000000,28909.34000000,28900.83000000,28909.33000000,15.18659000,1683482579999,438958.44389420,455,12.13198000,350659.45959830,0
1683482580000,28909.33000000,28918.99000000,28909.33000000,28916.12000000,13.45595000,1683482639999,389050.02176390,462,8.70335000,251625.08339010,0
1683482640000,28916.12000000,28916.12000000,28904.59000000,28904.60000000,8.80099000,1683482699999,254463.97944950,293,3.61759000,104598.73937990,0
1683482700000,28904.60000000,28904.60000000,28883.66000000,28891.92000000,26.02892000,1683482759999,752065.04849230,560,5.65303000,163301.99984950,0
1683482760000,28891.92000000,28914.68000000,28891.91000000,28914.67000000,15.27204000,1683482819999,441409.28402350,608,10.27788000,297026.81350500,0
1683482820000,28914.67000000,28914.68000000,28906.60000000,28906.60000000,13.73933000,1683482879999,397212.39351590,374,1.11567000,32255.47028290,0
1683482880000,28906.61000000,28920.00000000,28906.60000000,28919.99000000,20.84586000,1683482939999,602707.75665070,716,16.86682000,487656.00080580,0
1683482940000,28919.99000000,28920.00000000,28918.33000000,28919.73000000,9.82243000,1683482999999,284057.13072160,427,5.97999000,172935.83030920,0
1683483000000,28919.72000000,28919.73000000,28914.12000000,28917.28000000,7.78608000,1683483059999,225155.90475250,360,4.09763000,118492.56816410,0
1683483060000,28917.28000000,28919.72000000,28917.27000000,28919.72000000,5.48707000,1683483119999,158674.89131580,305,4.23388000,122434.28233170,0
1683483120000,28919.71000000,28924.18000000,28908.81000000,28924.17000000,15.51186000,1683483179999,448558.78741380,580,7.75015000,224109.90507130,0
1683483180000,28924.18000000,28924.18000000,28924.17000000,28924.18000000,3.42947000,1683483239999,99194.59106300,245,1.77731000,51407.23435580,0
1683483240000,28924.17000000,28924.18000000,28915.26000000,28924.17000000,10.82796000,1683483299999,313150.93802780,473,4.40516000,127391.74412540,0
1683483300000,28924.16000000,28925.33000000,28919.96000000,28925.32000000,11.86184000,1683483359999,343073.97351830,456,6.52982000,188855.97701480,0
1683483360000,28925.32000000,28925.33000000,28914.29000000,28922.70000000,11.67212000,1683483419999,337558.86904420,466,4.72021000,136503.59641300,0
1683483420000,28922.71000000,28922.71000000,28912.50000000,28912.51000000,9.76177000,1683483479999,282311.81748330,396,1.79344000,51864.38975580,0
1683483480000,28912.51000000,28918.27000000,28912.50000000,28918.26000000,4.93331000,1683483539999,142640.41846830,287,3.82326000,110544.90336820,0
1683483540000,28918.26000000,28918.27000000,28913.72000000,28913.72000000,6.48293000,1683483599999,187458.37412830,321,1.07052000,30954.16121320,0
1683483600000,28913.73000000,28913.73000000,28913.09000000,28913.09000000,7.13662000,1683483659999,206342.87541100,252,2.76991000,80086.93607370,0
1683483660000,28913.10000000,28913.10000000,28913.09000000,28913.10000000,3.40647000,1683483719999,98491.58371410,201,1.00218000,28976.13055800,0
1683483720000,28913.09000000,28913.10000000,28895.62000000,28895.62000000,26.26594000,1683483779999,759236.93836940,576,3.39508000,98118.98196980,0
1683483780000,28895.62000000,28898.59000000,28890.80000000,28898.33000000,16.33702000,1683483839999,472049.09857580,519,6.44803000,186303.40180040,0
1683483840000,28898.33000000,28898.35000000,28896.73000000,28896.73000000,8.72546000,1683483899999,252145.32620720,283,4.35070000,125724.63846310,0
1683483900000,28896.74000000,28904.20000000,28896.73000000,28903.51000000,13.21259000,1683483959999,381864.90325260,441,6.60271000,190817.87683440,0
1683483960000,28903.52000000,28903.52000000,28903.51000000,28903.52000000,3.37138000,1683484019999,97444.72498020,186,0.94364000,27274.51761280,0
1683484020000,28903.52000000,28909.15000000,28903.51000000,28906.16000000,11.52743000,1683484079999,333232.18000530,379,4.49375000,129899.14416420,0
1683484080000,28906.16000000,28906.16000000,28901.55000000,28901.55000000,3.01969000,1683484139999,87284.53243410,232,1.43672000,41529.62433060,0
1683484140000,28901.56000000,28902.09000000,28896.11000000,28902.08000000,9.12695000,1683484199999,263759.60147180,394,7.44126000,215041.89005720,0
1683484200000,28902.09000000,28909.15000000,28902.08000000,28909.10000000,9.62297000,1683484259999,278184.24502390,299,1.69362000,48954.17928490,0
1683484260000,28909.10000000,28909.11000000,28891.76000000,28891.77000000,8.66815000,1683484319999,250514.58367910,479,1.56602000,45258.26391440,0
1683484320000,28891.76000000,28950.00000000,28891.76000000,28940.98000000,39.90471000,1683484379999,1153901.92890290,979,34.60127000,1000421.22015660,0
1683484380000,28940.98000000,28954.99000000,28940.97000000,28942.20000000,13.90269000,1683484439999,402472.97705830,636,9.48746000,274650.50124020,0
1683484440000,28942.20000000,28943.79000000,28933.41000000,28933.42000000,11.76083000,1683484499999,340381.20213100,431,2.61909000,75799.82962120,0
1683484500000,28933.42000000,28933.42000000,28927.12000000,28927.12000000,12.88738000,1683484559999,372850.90587140,405,5.28160000,152803.61276560,0
1683484560000,28927.13000000,28927.13000000,28917.07000000,28917.07000000,5.70661000,1683484619999,165050.53750700,399,1.94688000,56309.18380120,0
1683484620000,28917.07000000,28917.08000000,28910.72000000,28917.08000000,13.42136000,1683484679999,388045.23096120,550,7.75705000,224267.79098010,0
1683484680000,28917.08000000,28917.08000000,28910.44000000,28910.45000000,7.70307000,1683484739999,222711.56808760,297,0.65189000,18847.16706280,0
1683484740000,28910.44000000,28910.45000000,28909.67000000,28909.67000000,3.48416000,1683484799999,100727.53864780,226,0.68709000,19863.73638510,0
1683484800000,28909.68000000,28929.92000000,28909.67000000,28929.92000000,12.32338000,1683484859999,356337.87935770,482,10.45390000,302270.74000280,0
1683484860000,28929.91000000,28929.92000000,28926.91000000,28926.91000000,4.84290000,1683484919999,140101.43762150,247,0.80807000,23376.48830620,0
1683484920000,28926.92000000,28926.92000000,28922.98000000,28922.98000000,5.87939000,1683484979999,170064.60444680,268,1.97504000,57128.76839870,0
1683484980000,28922.99000000,28922.99000000,28920.63000000,28920.63000000,2.14007000,1683485039999,61896.78231650,193,0.64511000,18658.25749420,0
1683485040000,28920.64000000,28920.65000000,28920.63000000,28920.64000000,4.04066000,1683485099999,116858.47685500,249,2.82172000,81605.95690540,0
1683485100000,28920.64000000,28937.19000000,28920.64000000,28932.43000000,34.65128000,1683485159999,1002497.83619000,771,27.25665000,788539.11704200,0
1683485160000,28932.44000000,28932.44000000,28911.18000000,28911.18000000,22.14489000,1683485219999,640517.26970600,604,10.78189000,311898.48413450,0
1683485220000,28911.19000000,28911.19000000,28904.31000000,28904.32000000,5.55404000,1683485279999,160557.54463220,343,2.04062000,58992.56177260,0
1683485280000,28904.31000000,28904.32000000,28896.06000000,28896.07000000,9.59621000,1683485339999,277327.63059030,305,4.09307000,118285.06791870,0
1683485340000,28896.06000000,28896.07000000,28888.20000000,28888.20000000,8.23729000,1683485399999,237978.94829630,325,1.47895000,42726.30876330,0
1683485400000,28888.21000000,28892.50000000,28888.20000000,28892.49000000,7.32983000,1683485459999,211752.73207040,460,6.16485000,178097.66449160,0
1683485460000,28892.49000000,28908.84000000,28892.49000000,28901.75000000,8.75126000,1683485519999,252923.80601930,521,6.20377000,179289.19996090,0
1683485520000,28901.76000000,28901.76000000,28895.39000000,28895.39000000,4.75818000,1683485579999,137492.57256640,285,0.71002000,20516.40542270,0
1683485580000,28895.39000000,28895.40000000,28895.39000000,28895.40000000,3.56022000,1683485639999,102873.95030120,192,0.49154000,14203.24491600,0
1683485640000,28895.39000000,28895.40000000,28877.92000000,28883.25000000,27.00156000,1683485699999,779938.85982230,625,11.17633000,322762.07439760,0
1683485700000,28883.24000000,28887.87000000,28879.18000000,28882.31000000,12.36266000,1683485759999,357081.62659300,609,5.27639000,152398.83648140,0
1683485760000,28882.30000000,28882.31000000,28858.86000000,28865.15000000,50.14223000,1683485819999,1447521.38736240,1214,16.02008000,462414.06510950,0
1683485820000,28865.15000000,28873.79000000,28862.46000000,28868.42000000,16.32675000,1683485879999,471318.35231200,629,8.27099000,238753.96961640,0
1683485880000,28868.42000000,28868.43000000,28863.23000000,28863.23000000,5.54269000,1683485939999,159987.86150710,292,3.47530000,100313.70649380,0
1683485940000,28863.23000000,28863.97000000,28857.49000000,28857.62000000,13.87656000,1683485999999,400497.39379720,478,6.96988000,201153.83745990,0
1683486000000,28857.50000000,28862.08000000,28841.34000000,28850.07000000,40.09040000,1683486059999,1156687.97975760,1488,14.09814000,406744.23518740,0
1683486060000,28850.08000000,28859.99000000,28850.07000000,28859.98000000,7.24828000,1683486119999,209172.33326160,409,5.33699000,154015.19351080,0
1683486120000,28859.99000000,28869.30000000,28845.19000000,28866.16000000,27.75620000,1683486179999,801003.30551660,914,16.09624000,464466.14364150,0
1683486180000,28866.16000000,28882.84000000,28866.16000000,28882.83000000,7.74407000,1683486239999,223625.43143520,433,4.90762000,141711.45949030,0
1683486240000,28882.83000000,28882.84000000,28868.50000000,28868.51000000,7.98747000,1683486299999,230677.78895590,446,2.45570000,70920.28796190,0
1683486300000,28868.50000000,28868.51000000,28847.99000000,28856.51000000,17.62461000,1683486359999,508605.55221540,593,7.50582000,216571.47792560,0
1683486360000,28856.52000000,28863.78000000,28849.26000000,28853.12000000,14.96460000,1683486419999,431849.22080210,681,7.52336000,217097.67207920,0
1683486420000,28853.12000000,28854.05000000,28837.22000000,28838.92000000,14.19033000,1683486479999,409274.38490490,559,3.93853000,113582.44793460,0
1683486480000,28838.92000000,28838.92000000,28770.69000000,28801.81000000,220.88717000,1683486539999,6360913.15336010,4233,85.04887000,2448635.76144290,0
1683486540000,28801.79000000,28838.91000000,28798.58000000,28829.77000000,44.81821000,1683486599999,1291803.96735830,1095,33.37747000,962050.14851300,0
1683486600000,28829.77000000,28830.47000000,28803.69000000,28808.58000000,35.89228000,1683486659999,1034269.16972860,857,25.53650000,735860.18352620,0
1683486660000,28808.58000000,28808.59000000,28794.55000000,28802.29000000,18.40741000,1683486719999,530172.85909010,741,6.89046000,198442.84300160,0
1683486720000,28802.28000000,28828.45000000,28802.28000000,28818.45000000,31.50239000,1683486779999,907805.03638740,677,21.68920000,624924.50454490,0
1683486780000,28818.46000000,28818.92000000,28804.62000000,28811.91000000,14.84222000,1683486839999,427645.48960720,553,8.03154000,231393.20440010,0
1683486840000,28811.92000000,28825.57000000,28811.91000000,28823.22000000,13.64997000,1683486899999,393412.72557520,415,9.91782000,285833.89292680,0
1683486900000,28823.21000000,28854.62000000,28823.21000000,28847.65000000,28.63254000,1683486959999,825828.42354730,981,19.10118000,550909.06948670,0
1683486960000,28847.64000000,28854.57000000,28836.86000000,28842.63000000,14.79783000,1683487019999,426876.49354020,624,3.79246000,109390.77829890,0
1683487020000,28842.64000000,28843.30000000,28835.74000000,28837.35000000,5.65876000,1683487079999,163193.05142100,358,1.74741000,50390.97818160,0
1683487080000,28837.35000000,28837.35000000,28808.22000000,28811.01000000,52.19613000,1683487139999,1504339.55342400,826,16.89627000,486865.84697320,0
1683487140000,28811.01000000,28851.25000000,28811.01000000,28840.97000000,46.60144000,1683487199999,1343736.23130400,854,31.75764000,915553.97421040,0
1683487200000,28840.97000000,28853.39000000,28840.96000000,28845.42000000,17.27937000,1683487259999,498464.42542610,463,10.54326000,304128.78865920,0
1683487260000,28845.42000000,28845.43000000,28838.82000000,28839.40000000,3.24041000,1683487319999,93456.46288370,313,1.30216000,37554.01471030,0
1683487320000,28839.41000000,28848.53000000,28839.38000000,28848.53000000,7.29061000,1683487379999,210272.02634900,325,2.99572000,86400.27212980,0
1683487380000,28848.52000000,28848.53000000,28841.28000000,28841.29000000,5.22927000,1683487439999,150836.67983890,251,1.96213000,56592.90204090,0
1683487440000,28841.28000000,28845.94000000,28841.28000000,28845.93000000,9.21152000,1683487499999,265686.65311810,283,7.59506000,219062.15939460,0
1683487500000,28845.93000000,28845.94000000,28845.93000000,28845.94000000,3.15309000,1683487559999,90953.83384600,196,2.04223000,58910.04404620,0
1683487560000,28845.94000000,28854.87000000,28845.93000000,28854.87000000,6.89284000,1683487619999,198868.46609740,405,4.04076000,116575.98867810,0
1683487620000,28854.86000000,28854.87000000,28850.53000000,28850.53000000,8.30673000,1683487679999,239671.61042160,298,0.41397000,11943.96570490,0
1683487680000,28850.54000000,28850.66000000,28850.53000000,28850.66000000,3.19578000,1683487739999,92200.08889680,232,1.97532000,56989.11394140,0
1683487740000,28850.65000000,28867.37000000,28850.65000000,28865.48000000,12.11528000,1683487799999,349627.68325810,568,8.77189000,253123.28315360,0
1683487800000,28865.49000000,28865.49000000,28858.48000000,28858.48000000,13.03970000,1683487859999,376360.58772180,479,2.45081000,70735.41257030,0
1683487860000,28858.49000000,28858.49000000,28838.53000000,28838.54000000,8.85875000,1683487919999,255583.78165630,492,0.52453000,15131.86363070,0
1683487920000,28838.54000000,28853.50000000,28838.53000000,28853.50000000,6.12169000,1683487979999,176567.60159190,527,4.73314000,136518.65642350,0
1683487980000,28853.49000000,28863.63000000,28851.24000000,28863.63000000,13.69867000,1683488039999,395267.27521760,476,9.32825000,269163.40917190,0
1683488040000,28863.62000000,28865.48000000,28863.62000000,28865.48000000,2.23279000,1683488099999,64446.67277550,172,1.66622000,48093.37352240,0
1683488100000,28865.48000000,28865.48000000,28846.82000000,28846.82000000,22.05437000,1683488159999,636404.86778090,504,4.72817000,136396.67039370,0
1683488160000,28846.83000000,28853.80000000,28846.82000000,28853.80000000,3.54191000,1683488219999,102184.30948900,270,3.19899000,92290.12198780,0
1683488220000,28853.80000000,28867.40000000,28853.79000000,28867.39000000,9.14224000,1683488279999,263849.03027580,435,8.04249000,232104.24042610,0
1683488280000,28867.40000000,28867.40000000,28867.39000000,28867.39000000,2.37589000,1683488339999,68585.75521000,163,1.19829000,34591.51674600,0
1683488340000,28867.39000000,28876.77000000,28867.36000000,28876.75000000,17.94558000,1683488399999,518103.62611690,458,11.82575000,341418.88447910,0
1683488400000,28876.75000000,28886.30000000,28876.74000000,28886.29000000,18.18316000,1683488459999,525125.96107430,492,14.03222000,405242.26518460,0
1683488460000,28886.29000000,28886.30000000,28872.44000000,28880.31000000,17.13145000,1683488519999,494794.76300150,500,4.28681000,123808.53769100,0
1683488520000,28880.32000000,28880.32000000,28876.38000000,28876.39000000,2.41904000,1683488579999,69856.35959630,222,1.29785000,37478.37014450,0
1683488580000,28876.38000000,28876.39000000,28876.38000000,28876.39000000,3.22189000,1683488639999,93036.52992480,189,0.99666000,28779.94285740,0
1683488640000,28876.39000000,28889.38000000,28876.38000000,28889.37000000,9.26020000,1683488699999,267471.09306380,500,8.14353000,235215.15537030,0
1683488700000,28889.37000000,28889.38000000,28885.09000000,28885.10000000,9.23403000,1683488759999,266743.79899090,301,1.90337000,54980.05944280,0
1683488760000,28885.09000000,28885.10000000,28885.09000000,28885.09000000,1.66814000,1683488819999,48184.38264960,178,0.86170000,24890.29067000,0
1683488820000,28885.10000000,28893.04000000,28885.09000000,28893.04000000,9.54815000,1683488879999,275816.59390770,364,5.74629000,165998.78732880,0
1683488880000,28893.04000000,28918.63000000,28893.03000000,28908.89000000,29.86494000,1683488939999,863416.26713940,966,16.81536000,486071.62987240,0
1683488940000,28908.90000000,28912.35000000,28908.89000000,28912.35000000,4.49066000,1683488999999,129824.05799760,235,3.33331000,96364.66615300,0
1683489000000,28912.35000000,28912.35000000,28903.54000000,28907.43000000,11.39430000,1683489059999,329387.63902060,467,5.18572000,149895.20697960,0
1683489060000,28907.47000000,28919.41000000,28907.46000000,28919.40000000,8.74159000,1683489119999,252722.47570540,378,6.00722000,173674.17135290,0
1683489120000,28919.41000000,28923.74000000,28919.40000000,28923.73000000,4.78497000,1683489179999,138389.59183070,328,3.36131000,97213.59535360,0
1683489180000,28923.74000000,28930.29000000,28906.38000000,28906.38000000,29.12790000,1683489239999,842488.79706640,705,8.12116000,234857.52119400,0
1683489240000,28906.38000000,28920.00000000,28905.61000000,28920.00000000,16.45740000,1683489299999,475767.73130120,396,10.36846000,299745.11323130,0
1683489300000,28919.99000000,28927.02000000,28919.99000000,28923.24000000,9.59907000,1683489359999,277653.58560340,237,5.62373000,162665.14660800,0
1683489360000,28923.24000000,28927.01000000,28923.24000000,28927.00000000,7.55113000,1683489419999,218407.10984420,228,6.60244000,190967.63030220,0
1683489420000,28927.01000000,28927.01000000,28913.52000000,28914.23000000,11.55847000,1683489479999,334270.68193510,419,1.00967000,29195.90866700,0
1683489480000,28914.23000000,28917.81000000,28914.23000000,28917.81000000,2.70161000,1683489539999,78115.55667210,226,1.79251000,51829.56574000,0
1683489540000,28917.80000000,28917.81000000,28907.73000000,28907.73000000,10.18246000,1683489599999,294423.42725500,315,0.84938000,24555.76673060,0
1683489600000,28907.73000000,28913.84000000,28907.73000000,28913.83000000,19.13036000,1683489659999,553085.60670230,414,13.64386000,394457.96729570,0
1683489660000,28913.84000000,28913.89000000,28913.83000000,28913.89000000,2.08397000,1683489719999,60255.56206050,221,0.51120000,14780.75598590,0
1683489720000,28913.88000000,28924.71000000,28913.88000000,28924.70000000,5.96613000,1683489779999,172524.80453250,323,3.71272000,107367.88722330,0
1683489780000,28924.70000000,28927.87000000,28923.23000000,28923.23000000,22.18049000,1683489839999,641609.68340160,402,4.82146000,139459.44649600,0
1683489840000,28923.23000000,28926.44000000,28923.23000000,28925.77000000,18.96338000,1683489899999,548506.06183320,433,13.86554000,401046.36185930,0
1683489900000,28925.76000000,28931.98000000,28925.76000000,28931.97000000,14.08295000,1683489959999,407392.58627720,351,12.61021000,364787.18818280,0
1683489960000,28931.98000000,28931.98000000,28922.73000000,28922.85000000,17.50087000,1683490019999,506246.53481380,405,6.50763000,188220.32797980,0
1683490020000,28922.86000000,28922.86000000,28922.85000000,28922.85000000,3.07436000,1683490079999,88919.26925170,236,1.61257000,46640.13635020,0
1683490080000,28922.86000000,28925.24000000,28922.85000000,28925.23000000,7.32026000,1683490139999,211724.73340570,308,5.44452000,157472.62886610,0
1683490140000,28925.24000000,28925.31000000,28925.23000000,28925.30000000,3.28674000,1683490199999,95069.80867080,208,2.65412000,76771.09115280,0
1683490200000,28925.30000000,28949.34000000,28925.30000000,28945.68000000,30.95475000,1683490259999,895906.83153620,1100,17.87132000,517203.23256520,0
1683490260000,28945.69000000,28945.69000000,28925.21000000,28925.22000000,11.04028000,1683490319999,319466.28302930,488,1.29669000,37520.54108190,0
1683490320000,28925.21000000,28938.45000000,28924.96000000,28934.92000000,23.95730000,1683490379999,693117.83554260,563,16.79609000,485908.21830560,0
1683490380000,28934.92000000,28934.93000000,28934.92000000,28934.92000000,2.66951000,1683490439999,77242.07205740,180,1.37682000,39838.19032260,0
1683490440000,28934.92000000,28942.53000000,28934.92000000,28936.56000000,15.23324000,1683490499999,440822.02835550,525,10.88823000,315079.76709320,0
1683490500000,28936.56000000,28941.10000000,28934.38000000,28940.05000000,11.78199000,1683490559999,340944.94150910,425,4.93375000,142774.73761130,0
1683490560000,28940.05000000,28940.84000000,28930.00000000,28940.83000000,9.72192000,1683490619999,281293.48837560,538,4.84143000,140080.79105990,0
1683490620000,28940.84000000,28941.78000000,28933.22000000,28933.22000000,7.16221000,1683490679999,207260.06178150,411,2.78679000,80643.71496070,0
1683490680000,28933.22000000,28936.34000000,28923.58000000,28923.59000000,8.35788000,1683490739999,241813.87251770,497,2.78170000,80481.30249080,0
1683490740000,28923.58000000,28926.45000000,28923.58000000,28926.45000000,8.67120000,1683490799999,250810.94578840,318,4.92214000,142370.57413990,0
1683490800000,28926.44000000,28926.45000000,28926.44000000,28926.45000000,1.97655000,1683490859999,57174.56026800,190,0.52860000,15290.52147000,0
1683490860000,28926.45000000,28939.98000000,28926.44000000,28939.98000000,10.60991000,1683490919999,306948.97041460,333,8.66588000,250711.37341330,0
1683490920000,28939.97000000,28940.03000000,28931.33000000,28931.33000000,12.00995000,1683490979999,347537.75005360,347,1.98040000,57305.94228850,0
1683490980000,28931.34000000,28931.34000000,28931.33000000,28931.33000000,3.64069000,1683491039999,105330.01786100,168,1.40433000,40629.14870220,0
1683491040000,28931.33000000,28931.34000000,28920.48000000,28923.22000000,21.58825000,1683491099999,624414.05958710,482,6.89207000,199328.34549510,0
1683491100000,28923.22000000,28935.14000000,28923.21000000,28935.13000000,6.69556000,1683491159999,193702.47604180,411,5.49320000,158918.05751400,0
1683491160000,28935.13000000,28935.86000000,28935.13000000,28935.85000000,3.93198000,1683491219999,113773.24834050,246,1.90312000,55067.71468500,0
1683491220000,28935.85000000,28935.86000000,28935.85000000,28935.85000000,2.24376000,1683491279999,64925.11802690,187,1.52309000,44071.91900740,0
1683491280000,28935.86000000,28935.86000000,28935.85000000,28935.85000000,1.62555000,1683491339999,47036.68002290,173,0.90554000,26202.57866440,0
1683491340000,28935.85000000,28947.26000000,28929.28000000,28929.28000000,17.47216000,1683491399999,505629.82710070,595,8.36310000,242015.37817860,0
1683491400000,28929.29000000,28935.44000000,28929.28000000,28935.43000000,10.29948000,1683491459999,298002.97125930,373,4.42896000,128143.98031120,0
1683491460000,28935.43000000,28936.36000000,28912.66000000,28913.01000000,49.04806000,1683491519999,1418856.66146940,694,6.89997000,199554.35844530,0
1683491520000,28913.00000000,28913.48000000,28904.68000000,28913.23000000,48.47959000,1683491579999,1401595.27929410,854,10.83931000,313349.55613460,0
1683491580000,28913.22000000,28913.23000000,28894.81000000,28894.98000000,57.26641000,1683491639999,1655152.49447870,913,11.76484000,340014.27372860,0
1683491640000,28894.99000000,28924.99000000,28894.98000000,28920.12000000,40.96020000,1683491699999,1184545.73654840,799,15.60897000,451303.29508720,0
1683491700000,28920.13000000,28920.13000000,28902.24000000,28902.24000000,35.49405000,1683491759999,1026164.45270150,586,3.55956000,102899.82861270,0
1683491760000,28902.24000000,28912.02000000,28902.01000000,28910.56000000,10.43952000,1683491819999,301757.98994340,458,4.64858000,134366.10791230,0
1683491820000,28910.57000000,28910.57000000,28894.15000000,28907.62000000,22.44466000,1683491879999,648674.66069980,585,10.54474000,304737.22356090,0
1683491880000,28907.62000000,28914.29000000,28907.61000000,28914.28000000,5.65572000,1683491939999,163514.14542110,274,3.95563000,114359.46876940,0
1683491940000,28914.28000000,28914.29000000,28914.28000000,28914.29000000,1.21747000,1683491999999,35202.27564450,189,0.71729000,20739.93107410,0
1683492000000,28914.28000000,28914.29000000,28914.28000000,28914.28000000,1.93547000,1683492059999,55962.72704860,169,0.55370000,16009.84237300,0
1683492060000,28914.29000000,28919.99000000,28914.28000000,28919.99000000,6.26022000,1683492119999,181021.70733910,386,5.52547000,159775.74731300,0
1683492120000,28919.99000000,28920.12000000,28919.98000000,28920.12000000,1.76783000,1683492179999,51125.76666860,187,0.78326000,22651.90298850,0
1683492180000,28920.12000000,28931.82000000,28920.11000000,28931.82000000,12.56858000,1683492239999,363565.88077320,461,10.41326000,301213.05306850,0
1683492240000,28931.81000000,28936.03000000,28920.32000000,28920.33000000,17.65341000,1683492299999,510690.15684640,505,1.50375000,43502.03153230,0
1683492300000,28920.33000000,28920.33000000,28909.23000000,28909.24000000,4.62676000,1683492359999,133767.70603850,311,1.40119000,40508.35284130,0
1683492360000,28909.24000000,28909.24000000,28909.21000000,28909.22000000,0.94629000,1683492419999,27356.50220980,164,0.39359000,11378.38007700,0
1683492420000,28909.21000000,28919.27000000,28909.21000000,28919.27000000,12.22088000,1683492479999,353315.53066310,380,10.35823000,299460.59932830,0
1683492480000,28919.26000000,28920.12000000,28887.14000000,28887.14000000,24.57839000,1683492539999,710618.64313860,654,1.26365000,36515.55732280,0
1683492540000,28887.15000000,28900.36000000,28887.14000000,28900.36000000,10.57969000,1683492599999,305676.87661870,334,6.92869000,200188.56533850,0
1683492600000,28900.36000000,28904.81000000,28900.35000000,28904.80000000,8.10294000,1683492659999,234183.76071690,347,4.74137000,137032.41180000,0
1683492660000,28904.80000000,28904.81000000,28901.01000000,28901.02000000,5.97862000,1683492719999,172803.14615710,225,1.11687000,32279.47405210,0
1683492720000,28901.02000000,28901.02000000,28895.58000000,28895.58000000,4.37954000,1683492779999,126560.02643510,259,1.24938000,36102.41407540,0
1683492780000,28895.59000000,28901.69000000,28895.58000000,28901.68000000,5.80356000,1683492839999,167711.05272560,343,4.98861000,144160.05166340,0
1683492840000,28901.69000000,28901.82000000,28885.09000000,28885.09000000,13.98696000,1683492899999,404158.36500400,479,1.50960000,43613.72716260,0
1683492900000,28885.09000000,28896.96000000,28885.09000000,28896.95000000,9.90667000,1683492959999,286199.30674480,399,9.16360000,264733.62425620,0
1683492960000,28896.96000000,28896.98000000,28896.95000000,28896.97000000,2.24192000,1683493019999,64784.66329190,233,0.74133000,21422.18665110,0
1683493020000,28896.97000000,28897.20000000,28885.10000000,28885.11000000,13.50593000,1683493079999,390205.35229350,389,1.39983000,40443.00535020,0
1683493080000,28885.10000000,28906.54000000,28885.10000000,28906.53000000,11.55962000,1683493139999,333986.50388410,540,8.58920000,248181.39520220,0
1683493140000,28906.54000000,28912.08000000,28906.53000000,28912.07000000,5.24418000,1683493199999,151607.20225530,329,2.77312000,80167.10620350,0
1683493200000,28912.08000000,28912.08000000,28896.20000000,28896.22000000,7.98272000,1683493259999,230733.59257290,479,1.02820000,29715.66220740,0
1683493260000,28896.22000000,28896.23000000,28887.26000000,28887.27000000,18.25452000,1683493319999,527391.88768070,429,6.41715000,185381.19116050,0
1683493320000,28887.26000000,28891.63000000,28885.44000000,28891.63000000,14.43694000,1683493379999,417049.60727030,524,10.91283000,315241.33713580,0
1683493380000,28891.63000000,28891.63000000,28891.57000000,28891.57000000,4.93584000,1683493439999,142604.36443950,192,1.73867000,50232.95548760,0
1683493440000,28891.58000000,28897.16000000,28881.50000000,28881.50000000,21.95977000,1683493499999,634456.07714380,536,9.09542000,262780.53015610,0
1683493500000,28881.50000000,28881.51000000,28873.58000000,28876.38000000,10.37216000,1683493559999,299502.55170410,449,5.69714000,164505.94785370,0
1683493560000,28876.38000000,28879.48000000,28875.32000000,28875.99000000,14.42144000,1683493619999,416443.57560430,495,10.69556000,308850.03413550,0
1683493620000,28875.99000000,28880.66000000,28875.98000000,28880.66000000,11.08090000,1683493679999,320003.11987790,516,9.61273000,277604.46963350,0
1683493680000,28880.65000000,28883.02000000,28880.65000000,28883.01000000,2.58465000,1683493739999,74648.56064230,343,1.99865000,57723.89908820,0
1683493740000,28883.02000000,28883.02000000,28850.00000000,28856.22000000,33.33643000,1683493799999,962297.19079850,983,6.36456000,183661.88485690,0
1683493800000,28856.22000000,28856.30000000,28841.76000000,28846.80000000,19.85324000,1683493859999,572729.89765430,719,5.97421000,172333.20527510,0
1683493860000,28846.81000000,28865.03000000,28846.29000000,28865.03000000,14.52679000,1683493919999,419165.24176100,675,12.09351000,348948.46697910,0
1683493920000,28865.02000000,28865.03000000,28857.65000000,28860.03000000,7.81380000,1683493979999,225514.28317880,552,3.85658000,111301.68294740,0
1683493980000,28860.03000000,28865.85000000,28860.03000000,28865.84000000,3.16762000,1683494039999,91422.90659180,276,2.20831000,63736.30684010,0
1683494040000,28865.85000000,28874.50000000,28865.84000000,28874.49000000,2.68693000,1683494099999,77572.35171620,312,1.25565000,36249.44567220,0
1683494100000,28874.50000000,28874.50000000,28872.28000000,28874.46000000,6.08966000,1683494159999,175831.35862440,369,2.15574000,62243.00631890,0
1683494160000,28874.46000000,28884.36000000,28874.45000000,28881.96000000,12.70440000,1683494219999,366911.18781950,386,10.95698000,316439.83246660,0
1683494220000,28881.96000000,28881.97000000,28881.95000000,28881.97000000,2.99317000,1683494279999,86448.60103180,201,1.06091000,30641.16122870,0
1683494280000,28881.96000000,28888.27000000,28881.96000000,28888.27000000,7.38832000,1683494339999,213403.23914550,415,4.09095000,118162.77768830,0
1683494340000,28888.27000000,28894.39000000,28888.26000000,28893.82000000,5.64759000,1683494399999,163176.65714820,261,2.55160000,73720.61165060,0
1683494400000,28893.83000000,28893.83000000,28889.03000000,28889.04000000,5.41976000,1683494459999,156580.13925090,170,0.95983000,27730.68892280,0
1683494460000,28889.03000000,28889.04000000,28889.03000000,28889.03000000,1.72072000,1683494519999,49709.93623200,129,0.45304000,13087.89068160,0
1683494520000,28889.03000000,28889.04000000,28867.06000000,28867.78000000,18.50566000,1683494579999,534405.36221750,543,5.14352000,148488.72614930,0
1683494580000,28867.77000000,28867.78000000,28867.75000000,28867.75000000,3.43536000,1683494639999,99171.17083160,136,0.88707000,25607.73827690,0
1683494640000,28867.76000000,28877.05000000,28867.75000000,28877.05000000,9.93353000,1683494699999,286812.15154130,415,6.42260000,185439.90356830,0
1683494700000,28877.04000000,28886.22000000,28875.64000000,28886.22000000,13.18600000,1683494759999,380800.78560860,327,9.10341000,262886.40021420,0
1683494760000,28886.22000000,28901.07000000,28886.19000000,28901.07000000,13.53574000,1683494819999,391109.39872820,472,10.41404000,300904.69874340,0
1683494820000,28901.07000000,28901.07000000,28898.78000000,28898.79000000,5.48629000,1683494879999,158553.44578930,275,1.70572000,49296.51919180,0
1683494880000,28898.79000000,28918.14000000,28898.78000000,28916.68000000,9.20477000,1683494939999,266117.29953440,574,7.21916000,208700.24078330,0
1683494940000,28916.68000000,28923.85000000,28916.68000000,28923.85000000,7.26301000,1683494999999,210035.33103020,410,5.52609000,159807.93592360,0
1683495000000,28923.84000000,28928.69000000,28923.84000000,28924.76000000,12.23400000,1683495059999,353895.23789040,480,2.35790000,68204.15088590,0
1683495060000,28924.76000000,28941.19000000,28924.76000000,28941.19000000,37.72835000,1683495119999,1091510.07347590,868,31.97565000,925073.30940360,0
1683495120000,28941.18000000,28952.87000000,28941.18000000,28944.80000000,24.76100000,1683495179999,716780.28256940,795,16.31375000,472243.21525090,0
1683495180000,28944.81000000,28944.81000000,28924.23000000,28924.24000000,6.55995000,1683495239999,189802.77863760,422,1.53804000,44502.77901200,0
1683495240000,28924.23000000,28924.30000000,28924.23000000,28924.24000000,7.50613000,1683495299999,217109.26808800,261,1.65913000,47989.08878960,0
1683495300000,28924.24000000,28924.24000000,28912.11000000,28912.12000000,9.09547000,1683495359999,263027.90158800,343,2.97122000,85913.66520560,0
1683495360000,28912.11000000,28912.12000000,28883.02000000,28883.02000000,17.70194000,1683495419999,511569.06847570,555,5.21100000,150576.02446080,0
1683495420000,28883.00000000,28887.13000000,28864.44000000,28887.12000000,16.68579000,1683495479999,481781.61012750,744,10.44793000,301682.50369900,0
1683495480000,28887.13000000,28887.22000000,28865.31000000,28865.32000000,16.03079000,1683495539999,462976.04982760,498,1.17572000,33959.09756790,0
1683495540000,28865.31000000,28873.79000000,28856.34000000,28856.35000000,15.63641000,1683495599999,451363.43810800,608,5.11230000,147577.18784650,0
1683495600000,28856.35000000,28860.34000000,28844.69000000,28844.69000000,26.24251000,1683495659999,757182.67124930,809,13.52952000,390365.21583830,0
1683495660000,28844.69000000,28846.14000000,28833.33000000,28833.56000000,16.57978000,1683495719999,478151.42058710,748,6.35655000,183308.72427130,0
1683495720000,28833.56000000,28848.18000000,28833.55000000,28838.00000000,19.18307000,1683495779999,553280.18862370,691,6.39118000,184321.26528680,0
1683495780000,28838.01000000,28846.79000000,28837.55000000,28846.78000000,7.10043000,1683495839999,204786.91877010,285,4.57152000,131849.53891640,0
1683495840000,28846.79000000,28850.52000000,28816.07000000,28816.46000000,27.37336000,1683495899999,789195.27569700,1061,6.91093000,199181.39774210,0
1683495900000,28816.46000000,28816.47000000,28805.04000000,28815.86000000,21.58730000,1683495959999,621918.01935400,902,7.62583000,219696.10265580,0
1683495960000,28815.86000000,28818.19000000,28814.18000000,28815.06000000,8.25737000,1683496019999,237945.03967060,341,4.72978000,136289.61633310,0
1683496020000,28815.05000000,28832.90000000,28815.05000000,28832.89000000,11.22925000,1683496079999,323670.72339260,535,5.38091000,155093.82771420,0
1683496080000,28832.89000000,28855.00000000,28832.89000000,28854.99000000,13.67340000,1683496139999,394349.11132730,659,10.31463000,297480.64750690,0
1683496140000,28854.99000000,28856.07000000,28839.21000000,28839.22000000,10.88936000,1683496199999,314115.86530190,517,5.79075000,167022.38134060,0
1683496200000,28839.21000000,28839.22000000,28782.72000000,28788.90000000,45.51082000,1683496259999,1310886.97252200,1825,14.59751000,420404.79913790,0
1683496260000,28788.89000000,28833.71000000,28788.89000000,28808.84000000,22.19190000,1683496319999,639413.60281730,1221,10.24462000,295119.43102270,0
1683496320000,28808.84000000,28829.64000000,28808.84000000,28829.64000000,7.69692000,1683496379999,221811.74228110,374,5.80296000,167224.85144580,0
1683496380000,28829.63000000,28829.64000000,28812.34000000,28812.35000000,5.51166000,1683496439999,158854.15868380,381,1.35834000,39146.46315760,0
1683496440000,28812.34000000,28812.35000000,28783.92000000,28809.60000000,28.34873000,1683496499999,816323.78613810,886,13.54941000,390126.43904550,0
1683496500000,28809.60000000,28809.61000000,28790.48000000,28798.20000000,20.38366000,1683496559999,586953.09353770,659,10.44091000,300628.36712330,0
1683496560000,28798.20000000,28798.20000000,28750.00000000,28760.03000000,87.12126000,1683496619999,2506164.36761420,2103,24.52185000,705160.45531130,0
1683496620000,28760.02000000,28787.39000000,28760.02000000,28772.31000000,48.94335000,1683496679999,1408173.07916380,815,19.11422000,549947.57396100,0
1683496680000,28772.32000000,28786.38000000,28772.31000000,28778.31000000,11.67573000,1683496739999,336032.23879750,347,6.13409000,176551.98052480,0
1683496740000,28778.31000000,28778.32000000,28767.11000000,28772.83000000,25.01847000,1683496799999,719747.24834360,478,16.97406000,488311.07620820,0
1683496800000,28772.84000000,28776.31000000,28762.66000000,28776.31000000,28.21263000,1683496859999,811645.21377820,1058,17.99292000,517631.30764160,0
1683496860000,28776.31000000,28802.53000000,28776.30000000,28792.53000000,55.40305000,1683496919999,1595085.49606420,1088,32.04681000,922519.61511010,0
1683496920000,28792.54000000,28806.54000000,28792.53000000,28802.34000000,17.72494000,1683496979999,510439.77467650,524,13.19731000,380049.97267990,0
1683496980000,28802.35000000,28802.35000000,28787.52000000,28789.63000000,19.38458000,1683497039999,558147.29206230,463,10.40905000,299699.95795770,0
1683497040000,28789.63000000,28804.93000000,28789.63000000,28799.42000000,16.72058000,1683497099999,481475.88331620,475,12.67545000,364962.32044990,0
1683497100000,28799.43000000,28801.43000000,28760.22000000,28762.79000000,30.31506000,1683497159999,872534.30735990,931,8.65128000,248934.60154890,0
1683497160000,28762.79000000,28774.92000000,28762.73000000,28770.28000000,14.93814000,1683497219999,429740.18415730,478,11.25928000,323904.60918090,0
1683497220000,28770.27000000,28770.28000000,28729.38000000,28737.03000000,38.57597000,1683497279999,1108895.00752840,1630,10.89665000,313181.84144510,0
1683497280000,28737.03000000,28737.03000000,28716.00000000,28729.69000000,73.48492000,1683497339999,2111041.70551470,1415,22.66820000,651230.80840860,0
1683497340000,28729.68000000,28758.35000000,28729.68000000,28758.34000000,32.47097000,1683497399999,933420.12056180,799,18.35415000,527567.30769790,0
1683497400000,28758.34000000,28758.46000000,28744.94000000,28747.79000000,19.72378000,1683497459999,567129.23104330,666,4.71339000,135516.27889730,0
1683497460000,28747.79000000,28758.90000000,28747.79000000,28758.89000000,10.95045000,1683497519999,314865.24030080,467,5.44384000,156531.40248870,0
1683497520000,28758.89000000,28758.90000000,28758.31000000,28758.32000000,9.15402000,1683497579999,263257.49423430,269,4.58014000,131718.91832140,0
1683497580000,28758.32000000,28778.76000000,28758.31000000,28778.46000000,13.74365000,1683497639999,395413.09578920,486,10.17873000,292836.50223270,0
1683497640000,28778.46000000,28778.47000000,28778.46000000,28778.46000000,4.11001000,1683497699999,118279.78185450,198,2.34699000,67542.78130530,0
1683497700000,28778.47000000,28792.58000000,28763.17000000,28792.57000000,20.97509000,1683497759999,603511.59435210,937,12.25984000,352745.53953550,0
1683497760000,28792.58000000,28796.44000000,28787.59000000,28796.44000000,23.94168000,1683497819999,689326.42593370,610,10.62030000,305775.06689680,0
1683497820000,28796.43000000,28833.12000000,28796.25000000,28825.41000000,58.23702000,1683497879999,1678290.22347130,1155,30.32662000,873916.51746890,0
1683497880000,28825.41000000,28836.34000000,28825.40000000,28834.68000000,26.98524000,1683497939999,777980.51118770,669,16.61822000,479089.59562610,0
1683497940000,28834.67000000,28840.86000000,28831.97000000,28840.85000000,22.26199000,1683497999999,641953.68467070,688,10.01066000,288668.92042700,0
1683498000000,28840.86000000,28840.86000000,28818.95000000,28837.34000000,28.62249000,1683498059999,825082.12116890,804,18.15469000,523330.82007780,0
1683498060000,28837.33000000,28837.47000000,28822.68000000,28826.44000000,9.27106000,1683498119999,267277.90887330,425,2.86897000,82700.01647430,0
1683498120000,28826.44000000,28826.45000000,28825.23000000,28825.24000000,7.24200000,1683498179999,208760.88767120,230,2.18037000,62852.31071400,0
1683498180000,28825.24000000,28825.24000000,28806.72000000,28809.81000000,16.68766000,1683498239999,480875.90201860,483,4.99871000,144036.68827580,0
1683498240000,28809.81000000,28809.82000000,28800.00000000,28800.01000000,8.51832000,1683498299999,245374.64988790,469,1.88195000,54214.66936490,0
1683498300000,28800.01000000,28830.00000000,28798.64000000,28829.99000000,17.19715000,1683498359999,495461.91169180,593,12.96751000,373609.71158120,0
1683498360000,28830.00000000,28830.00000000,28808.48000000,28808.48000000,22.97345000,1683498419999,662034.53988360,494,0.76055000,21912.36131170,0
1683498420000,28808.49000000,28823.06000000,28798.89000000,28823.06000000,18.29209000,1683498479999,526968.58779050,564,7.36737000,212274.37953580,0
1683498480000,28823.05000000,28823.06000000,28819.78000000,28819.79000000,6.06796000,1683498539999,174890.31587120,225,2.62702000,75713.38422030,0
1683498540000,28819.78000000,28819.79000000,28803.95000000,28803.96000000,10.71188000,1683498599999,308656.47926810,385,0.53489000,15411.07127930,0
1683498600000,28803.95000000,28803.96000000,28796.59000000,28799.99000000,8.42064000,1683498659999,242509.65816040,392,4.44141000,127906.04862190,0
1683498660000,28800.00000000,28800.00000000,28796.15000000,28796.15000000,9.56635000,1683498719999,275490.73221970,274,6.31925000,181977.80608540,0
1683498720000,28796.16000000,28798.92000000,28794.02000000,28798.92000000,4.31175000,1683498779999,124160.53175610,349,2.34478000,67520.80917590,0
1683498780000,28798.91000000,28808.73000000,28786.53000000,28790.16000000,21.32056000,1683498839999,613945.37718840,500,3.14076000,90459.90165140,0
1683498840000,28790.16000000,28790.17000000,28790.16000000,28790.17000000,2.70068000,1683498899999,77753.02767680,136,1.83680000,52881.78425600,0
1683498900000,28790.16000000,28792.50000000,28782.37000000,28782.37000000,16.60618000,1683498959999,478071.44312020,443,6.74904000,194314.77168670,0
1683498960000,28782.37000000,28782.38000000,28767.01000000,28767.01000000,24.98821000,1683499019999,718952.41372620,508,10.21933000,294023.38980630,0
1683499020000,28767.01000000,28771.01000000,28757.33000000,28771.01000000,19.32499000,1683499079999,555820.01454260,457,8.62811000,248159.57642780,0
1683499080000,28771.00000000,28776.83000000,28771.00000000,28776.82000000,2.93540000,1683499139999,84462.63993520,186,1.75145000,50393.03106540,0
1683499140000,28776.83000000,28776.83000000,28776.82000000,28776.82000000,2.55845000,1683499199999,73624.06981030,150,1.46813000,42248.12742790,0
1683499200000,28776.82000000,28798.01000000,28776.82000000,28798.00000000,12.72465000,1683499259999,366333.60637590,611,11.82555000,340445.09499180,0
1683499260000,28798.00000000,28798.01000000,28779.58000000,28779.60000000,12.82991000,1683499319999,369393.25082830,430,0.92405000,26601.96138860,0
1683499320000,28779.60000000,28779.60000000,28773.85000000,28774.02000000,5.07900000,1683499379999,146162.14817320,275,0.55683000,16024.38556800,0
1683499380000,28774.02000000,28774.02000000,28774.01000000,28774.01000000,0.76015000,1683499439999,21872.56755370,100,0.38522000,11084.32798440,0
1683499440000,28774.01000000,28774.02000000,28751.93000000,28765.70000000,23.33864000,1683499499999,671298.01484060,728,8.00209000,230110.89734110,0
1683499500000,28765.71000000,28765.71000000,28753.95000000,28757.53000000,10.87576000,1683499559999,312781.57365830,465,2.49660000,71798.81288810,0
1683499560000,28757.52000000,28772.05000000,28757.52000000,28770.40000000,5.23488000,1683499619999,150588.21608270,404,3.63730000,104627.57245340,0
1683499620000,28770.39000000,28789.10000000,28770.39000000,28789.09000000,11.78120000,1683499679999,339062.40905820,568,7.84329000,225723.00268900,0
1683499680000,28789.10000000,28789.10000000,28780.34000000,28782.43000000,10.21211000,1683499739999,293949.04501370,476,1.81490000,52238.53088260,0
1683499740000,28782.43000000,28782.99000000,28778.38000000,28778.39000000,9.67813000,1683499799999,278557.44730380,292,4.26655000,122801.13298490,0
1683499800000,28778.38000000,28781.16000000,28776.84000000,28781.15000000,5.62926000,1683499859999,162004.32315020,300,4.50581000,129673.30164330,0
1683499860000,28781.15000000,28811.19000000,28781.15000000,28806.29000000,49.01393000,1683499919999,1411489.37575210,948,32.47927000,935285.79301710,0
1683499920000,28806.29000000,28806.30000000,28794.52000000,28799.98000000,11.36706000,1683499979999,327359.59009350,475,3.69285000,106339.25047060,0
1683499980000,28799.98000000,28799.99000000,28781.91000000,28783.22000000,11.93339000,1683500039999,343562.71021770,417,5.10194000,146848.05821280,0
1683500040000,28783.23000000,28783.23000000,28780.00000000,28780.00000000,3.01095000,1683500099999,86662.34729670,233,0.62728000,18053.64588260,0
1683500100000,28780.00000000,28780.01000000,28779.91000000,28779.92000000,2.92150000,1683500159999,84080.72711930,178,0.81030000,23320.41448560,0
1683500160000,28779.92000000,28779.92000000,28760.48000000,28767.87000000,16.83898000,1683500219999,484405.31787690,500,4.69976000,135185.10988900,0
1683500220000,28767.87000000,28767.87000000,28755.53000000,28755.54000000,12.21996000,1683500279999,351431.75913110,457,1.00789000,28985.89032230,0
1683500280000,28755.54000000,28766.34000000,28753.55000000,28766.33000000,12.57091000,1683500339999,361514.74799290,522,10.60710000,305041.67017250,0
1683500340000,28766.33000000,28766.34000000,28737.36000000,28739.22000000,22.66475000,1683500399999,651667.39154110,657,5.12800000,147392.30138820,0
1683500400000,28739.22000000,28744.24000000,28737.36000000,28744.24000000,21.62669000,1683500459999,621591.21184920,657,15.17222000,436074.62249680,0
1683500460000,28744.23000000,28744.24000000,28738.78000000,28739.11000000,12.15374000,1683500519999,349315.00798860,378,2.80379000,80580.02323460,0
1683500520000,28739.12000000,28753.16000000,28739.11000000,28750.09000000,19.81772000,1683500579999,569691.14135540,567,13.80076000,396701.82532490,0
1683500580000,28750.08000000,28752.27000000,28750.08000000,28751.73000000,8.91369000,1683500639999,256273.64547330,190,7.20861000,207249.45357750,0
1683500640000,28751.73000000,28775.24000000,28751.73000000,28775.24000000,19.09993000,1683500699999,549358.18599740,495,18.75617000,539470.98588240,0
1683500700000,28775.24000000,28780.00000000,28775.23000000,28779.42000000,12.45839000,1683500759999,358513.50566870,260,7.87141000,226505.44642350,0
1683500760000,28779.43000000,28779.43000000,28765.71000000,28767.05000000,15.01165000,1683500819999,431936.57606990,389,4.89846000,140925.68799760,0
1683500820000,28767.04000000,28767.06000000,28736.68000000,28736.69000000,35.37630000,1683500879999,1017397.29716280,613,6.89102000,198144.76480090,0
1683500880000,28736.68000000,28761.63000000,28735.68000000,28761.62000000,14.79055000,1683500939999,425131.62096540,552,12.42852000,357244.69490630,0
1683500940000,28761.62000000,28768.09000000,28759.15000000,28768.08000000,5.65338000,1683500999999,162608.37498770,264,4.05594000,116662.22131540,0
1683501000000,28768.08000000,28768.09000000,28759.16000000,28762.54000000,9.56389000,1683501059999,275083.00881120,390,4.73466000,136168.51969040,0
1683501060000,28762.55000000,28762.55000000,28653.12000000,28738.09000000,263.37052000,1683501119999,7558377.15654740,5273,110.66669000,3175383.83210930,0
1683501120000,28738.08000000,28755.82000000,28707.95000000,28739.27000000,109.82318000,1683501179999,3155192.02709460,2197,58.53824000,1681554.40865760,0
1683501180000,28739.28000000,28746.89000000,28726.11000000,28726.96000000,38.07656000,1683501239999,1094123.99675020,1012,19.41203000,557775.70250700,0
1683501240000,28726.97000000,28755.25000000,28726.96000000,28749.77000000,16.09956000,1683501299999,462774.70829970,629,12.22664000,351438.80889770,0
1683501300000,28749.76000000,28767.49000000,28726.96000000,28766.82000000,44.21175000,1683501359999,1270594.59378730,1070,24.52406000,704772.71126830,0
1683501360000,28766.82000000,28787.50000000,28763.22000000,28787.49000000,21.13904000,1683501419999,608215.81261070,869,11.62863000,334587.82471030,0
1683501420000,28787.50000000,28792.19000000,28777.34000000,28786.53000000,41.39031000,1683501479999,1191499.14035550,794,12.52678000,360536.82182940,0
1683501480000,28786.53000000,28786.54000000,28751.79000000,28770.74000000,29.00664000,1683501539999,834510.45107780,776,13.44920000,386835.73191800,0
1683501540000,28770.73000000,28776.20000000,28731.41000000,28740.20000000,30.22527000,1683501599999,868935.33878430,800,9.56184000,274821.69615010,0
1683501600000,28740.20000000,28742.12000000,28727.02000000,28734.44000000,15.91228000,1683501659999,457247.78648660,662,6.56245000,188555.08995240,0
1683501660000,28734.43000000,28734.44000000,28722.48000000,28722.49000000,10.89553000,1683501719999,313041.23062080,422,3.26742000,93886.04256650,0
1683501720000,28722.48000000,28755.82000000,28722.48000000,28755.81000000,35.02880000,1683501779999,1006660.16091640,750,28.00609000,804759.41504730,0
1683501780000,28755.81000000,28762.75000000,28722.64000000,28735.96000000,75.65030000,1683501839999,2174096.72552380,1183,30.96726000,889685.58515610,0
1683501840000,28735.96000000,28746.46000000,28735.96000000,28746.45000000,13.38166000,1683501899999,384597.05712400,489,5.75418000,165385.04608750,0
1683501900000,28746.45000000,28764.43000000,28740.08000000,28750.44000000,62.55867000,1683501959999,1798706.63443870,1003,34.41266000,989320.64466980,0
1683501960000,28750.44000000,28750.45000000,28740.65000000,28750.41000000,17.36658000,1683502019999,499201.79062720,406,8.39939000,241424.97083270,0
1683502020000,28750.41000000,28765.00000000,28747.89000000,28765.00000000,26.79112000,1683502079999,770336.50044010,527,17.09463000,491513.14489980,0
1683502080000,28764.99000000,28765.00000000,28758.36000000,28763.07000000,15.92083000,1683502139999,457916.30900190,507,6.81465000,195989.28816000,0
1683502140000,28763.06000000,28763.07000000,28723.04000000,28739.81000000,48.41818000,1683502199999,1391597.56329810,945,22.28072000,640170.76979530,0
1683502200000,28739.81000000,28749.59000000,28739.13000000,28747.16000000,7.12136000,1683502259999,204690.16370160,407,2.81752000,80982.83412570,0
1683502260000,28747.16000000,28754.17000000,28746.63000000,28753.13000000,12.32893000,1683502319999,354446.63469200,426,5.25416000,151045.46624210,0
1683502320000,28753.13000000,28760.96000000,28751.74000000,28758.36000000,11.38540000,1683502379999,327393.90472430,429,6.91691000,198883.17183850,0
1683502380000,28758.36000000,28765.00000000,28758.35000000,28764.99000000,15.59547000,1683502439999,448550.03953580,451,7.85021000,225777.99338730,0
1683502440000,28765.00000000,28765.00000000,28760.32000000,28760.32000000,3.05134000,1683502499999,87764.62784310,221,1.20172000,34562.56383710,0
1683502500000,28760.33000000,28764.58000000,28756.99000000,28763.90000000,15.18983000,1683502559999,436881.55263670,393,7.74077000,222635.46772520,0
1683502560000,28763.89000000,28778.59000000,28763.89000000,28778.58000000,22.37301000,1683502619999,643674.68040050,389,17.31697000,498230.17194380,0
1683502620000,28778.58000000,28781.98000000,28778.58000000,28781.97000000,1.95111000,1683502679999,56152.73555100,168,1.31416000,37821.19292760,0
1683502680000,28781.98000000,28788.48000000,28781.97000000,28787.96000000,16.38949000,1683502739999,471774.52426870,525,7.52208000,216513.90272970,0
1683502740000,28787.95000000,28790.00000000,28787.95000000,28789.99000000,3.53733000,1683502799999,101834.33283490,163,2.99424000,86199.64181200,0
1683502800000,28790.00000000,28790.00000000,28750.00000000,28766.32000000,27.68384000,1683502859999,796390.24768190,1021,12.56993000,361522.11477050,0
1683502860000,28766.31000000,28771.33000000,28764.66000000,28771.33000000,12.29842000,1683502919999,353785.78265750,350,5.26189000,151365.78914290,0
1683502920000,28771.32000000,28771.33000000,28750.02000000,28754.18000000,18.94163000,1683502979999,544752.73527630,503,5.86072000,168517.40473320,0
1683502980000,28754.18000000,28754.18000000,28715.67000000,28715.67000000,28.02644000,1683503039999,805433.62009190,758,3.45406000,99270.70451940,0
1683503040000,28715.67000000,28715.68000000,28665.17000000,28666.92000000,96.83274000,1683503099999,2778290.39690350,2009,39.42854000,1131383.30184320,0
1683503100000,28666.92000000,28687.02000000,28560.00000000,28600.68000000,421.50144000,1683503159999,12065512.66273870,7489,188.24845000,5388498.55083610,0
1683503160000,28600.68000000,28631.64000000,28576.13000000,28608.70000000,72.71910000,1683503219999,2080045.66456210,2002,38.70488000,1107002.05756540,0
1683503220000,28608.71000000,28621.55000000,28570.87000000,28605.33000000,77.46287000,1683503279999,2215404.29136220,1782,27.63337000,790390.90115380,0
1683503280000,28605.32000000,28611.02000000,28572.70000000,28583.64000000,50.03954000,1683503339999,1430813.82347510,1179,16.74921000,478992.22346640,0
1683503340000,28584.65000000,28596.63000000,28541.75000000,28571.68000000,201.03737000,1683503399999,5742524.29144360,3499,106.15053000,3031785.91577390,0
1683503400000,28571.69000000,28587.48000000,28553.12000000,28558.19000000,57.82835000,1683503459999,1652426.97794360,1368,22.52626000,643547.39869500,0
1683503460000,28558.20000000,28567.09000000,28534.02000000,28552.97000000,94.36134000,1683503519999,2694140.08929120,1932,44.01686000,1256730.76529270,0
1683503520000,28552.97000000,28561.99000000,28542.64000000,28553.26000000,31.25237000,1683503579999,892427.05324120,860,21.73060000,620526.05784360,0
1683503580000,28553.27000000,28560.81000000,28523.25000000,28523.25000000,118.37865000,1683503639999,3378992.87946250,2394,59.97620000,1711889.40123190,0
1683503640000,28523.25000000,28535.66000000,28419.68000000,28454.22000000,454.28452000,1683503699999,12933128.92286530,8997,190.85783000,5431860.12997330,0
1683503700000,28454.22000000,28456.20000000,28395.23000000,28406.31000000,258.54226000,1683503759999,7347244.80710490,4875,84.09839000,2390133.44594270,0
1683503760000,28406.31000000,28470.00000000,28398.55000000,28444.37000000,117.45748000,1683503819999,3340086.44679430,2491,67.54679000,1920698.06645080,0
1683503820000,28444.37000000,28466.33000000,28433.57000000,28435.32000000,60.64533000,1683503879999,1725423.26949540,1391,31.25801000,889255.01278080,0
1683503880000,28435.32000000,28452.13000000,28402.60000000,28419.62000000,152.72721000,1683503939999,4340691.94228200,2605,70.38354000,1999997.57432500,0
1683503940000,28419.57000000,28434.17000000,28400.00000000,28430.10000000,76.63158000,1683503999999,2177333.18946290,1554,38.53089000,1094747.94951450,0
