OpenTimeStamp,Open,High,Close,Volume,CloseTimeStamp,rsi,stoch_rsi_smooth,wma,sma
1677801659999,3154804.1009607,5184,83.30338,1955099.6789081,0,,,,
1677801719999,1332565.5823709,3266,31.75921,745383.3675191,0,0.0,,,
1677801779999,1713463.0345847,2713,49.47087,1161250.3523911,0,25.574251294078763,100.0,,
1677801839999,2461516.3018193,3886,45.29033,1062918.912323,0,24.11837622148262,97.15363109587256,,
1677801899999,857587.5837715,2364,19.65258,461024.676813,0,17.877181245717864,88.07010351191757,,45.895274
1677801959999,1144015.1122098,2200,26.94812,632211.3585802,0,23.509711321818642,85.3791938823844,,34.624221999999996
1677802019999,4028384.3070033,3872,36.2521,850212.0597364,0,29.66205610889395,87.27677315180269,,35.522800000000004
1677802079999,3738772.2797787,5007,79.80842,1871306.7357597,0,48.9025432148573,97.30909037046683,,41.59031
1677802139999,1698611.1558481,3287,24.9457,584905.3494891,0,36.370930570816334,86.53616283724477,,37.521384
1677802199999,821141.0177686,2132,13.04642,305902.3339111,0,34.45587179296113,67.57192457931254,,36.200151999999996
1677802259999,1105203.9321171,2615,33.07997,775675.4462168,0,39.79304828999237,51.79010839365481,,37.426522
1677802319999,1335436.5988092,3032,26.30127,616743.6071098,0,38.72603624757673,41.77331884296402,,35.436356
1677802379999,776202.0497896,2263,12.04275,282355.3626944,0,36.658447249453346,41.160407758089114,,21.883222
1677802439999,2435052.3417075,3901,38.33848,898609.2693788,0,42.336184884526595,56.94222394374683,,24.561777999999997
1677802499999,1057668.5984091,2919,19.72088,462125.7704463,0,39.809714886456355,65.59024090747256,,25.89667
1677802559999,3207607.0614708,4703,62.9731,1475762.1214856,0,55.139203694259805,85.1673902502797,,31.875296000000002
1677802619999,2515943.8175103,4148,53.0598,1243168.6094085,0,50.606472261675336,76.99180240548259,,37.227002000000006
1677802679999,2358520.8765325,4103,52.59242,1232255.6020934,0,51.24961927468967,83.36667324353927,,45.336936
1677802739999,1642252.263386,2995,28.85847,676198.522646,0,51.58575263982049,75.63984229918223,,43.440934
1677802799999,1135030.3056383,2343,26.68109,625214.2386398,0,49.95317737856655,50.48209681064602,,44.832976
1677802859999,3145392.6220516,4802,71.42028,1674391.9789734,0,55.484986485990774,58.93983572230963,,46.522411999999996
1677802919999,1189142.0346081,2572,16.36992,383664.9872042,0,40.44830719644924,33.333333333333336,,39.184436
1677802979999,1457528.1775546,3012,34.26031,802975.869871,0,51.57817209352998,58.00603462765412,,35.51801400000001
1677803039999,1192156.7872481,2424,29.7437,697201.8258567,0,52.9016051722743,52.27919103412813,,35.69506
1677803099999,925072.8782511,1596,11.18692,262247.3300761,0,46.175861213546526,64.97604141979578,,32.596225999999994
1677803159999,1293382.0148105,1926,38.28698,897350.293105,0,51.95481141680546,71.10242173607378,,25.969565999999997
1677803219999,2018373.7164222,2916,27.76474,650583.6351932,0,52.595816858779585,75.31375361138602,,28.24853
1677803279999,2597898.962771,4218,44.00027,1030515.1899401,0,50.966924920225736,86.36180409259326,,30.196522000000005
1677803339999,1994143.9116563,3674,42.57172,996992.6067891,0,54.14589471360341,88.89605581532781,,32.762126
1677803399999,3414468.8974123,4711,55.6025,1301664.6489889,0,48.49801823832085,57.078234200208215,,41.645242
1677803459999,2026883.8730045,3388,44.8809,1050848.5609574,0,48.338775354347476,33.333333333333336,,42.964026000000004
1677803519999,1359580.2369957,2651,24.88528,582599.1465537,0,44.78599169948074,0.0,,42.388134
1677803579999,1274647.2358482,2571,31.23291,731312.1304184,0,50.478114854526986,20.271303902963158,,39.834661999999994
1677803639999,1987027.6436778,3063,51.78048,1213085.1325062,0,54.705848979974014,53.60463723629649,,41.676414
1677803699999,2670942.7463681,4528,63.58913,1490791.5858303,0,48.32490468438886,65.49631700830004,,43.27374
1677803759999,2444378.2182677,4525,51.59571,1210139.2558081,0,59.23613900972876,78.55834643867023,,44.616702
1677803819999,2344763.1959521,4107,38.58663,904535.0786166,0,51.16415264889449,53.898788774975095,,47.356972
1677803879999,1193871.701661,2408,28.85819,676372.9502583,0,49.7682225896534,46.41638071391085,,46.882028000000005
1677803939999,1497965.8608067,2448,40.64234,952690.0744975,0,57.993185685880725,42.61921384660406,,44.654399999999995
1677803999999,3131338.3617735,5156,42.74975,1001086.8133284,0,51.401089798253395,39.69421167035291,,40.486523999999996
1677804059999,5086176.3782713,6781,101.99416,2387458.1688115,0,67.84508279625376,68.61827329274693,,50.566213999999995
1677804119999,3445712.0096827,5395,72.85967,1705892.5497413,0,56.53277001545623,51.55578376045563,,57.420822
1677804179999,1541307.3650798,3814,30.09084,704371.7381006,0,47.620169895685365,45.80701026706859,,57.66735200000001
1677804239999,1619290.7152458,3482,36.74137,859941.7402627,0,46.31390808922841,12.473676933735256,,56.887158
1677804299999,2020495.3611578,3466,45.92328,1074982.8092072,0,50.204949120758485,6.023887199956125,,57.521863999999994
1677804359999,1997291.4170453,3525,46.89217,1097977.4883771,0,54.67683596853577,33.303271602645815,,46.501466
1677804419999,1962111.4870894,3609,54.10346,1267205.5632726,0,54.84260186169109,66.63660493597915,,42.750224
1677804479999,1422074.6955316,2578,28.04289,657081.4038126,0,45.088477826819364,60.61271773602302,,42.340634
1677804539999,3244416.9923523,4223,58.44825,1369746.4773902,0,49.0123142940382,46.742487086114636,,46.682010000000005
1677804599999,2806740.5483553,2501,27.64123,647675.8306642,0,45.708042051386506,15.526426482251606,,43.0256
1677804659999,1388961.8326785,2664,34.22787,801757.5592646,0,49.20063802830943,29.579149845855838,,40.492740000000005
1677804719999,1090756.6790774,2079,31.23811,731783.2140831,0,50.44751950404447,49.503329426407866,,35.91967
1677804779999,774974.8399395,1752,13.83544,324114.9669144,0,45.06354564665602,47.386056696937565,,33.078179999999996
1677804839999,1036898.4433054,1977,15.21887,356466.7748975,0,44.91667152887896,33.333333333333336,,24.432304
1677804899999,1441078.9700227,2841,37.76972,884902.2753563,0,36.28282241126783,0.0,,26.458002
1677804959999,1617088.289025,2507,18.7242,438563.1263633,0,37.91690554760439,3.8454361234213885,,23.357267999999998
1677805019999,1906691.9276961,3784,44.56041,1043547.2292406,0,53.49370402304609,37.17876945675472,,26.021727999999996
1677805079999,1723479.7471697,2749,48.22301,1129826.6624815,0,52.81284898354042,69.19345052720855,,32.899242
1677805139999,2057334.379615,3060,23.37743,547624.8031097,0,44.8702629306934,81.97981885000983,,34.530953999999994
1677805199999,2052864.1924975,3269,37.37583,875248.49796,0,47.95598874330447,70.12946913817753,,34.452175999999994
1677805259999,1956915.3016267,2898,48.64481,1139092.2813807,0,48.847625557440665,53.489016615823836,,40.436298
1677805319999,1461937.9593583,2749,22.11172,517758.7231819,0,48.750365072139424,53.14117021395123,,35.94656
1677805379999,1251760.715961,2800,22.36572,523662.1522533,0,41.291344207931125,31.65818659245022,,30.775102000000004
1677805439999,2309783.6624825,3060,41.73079,977057.1625455,0,53.599366042178026,49.61729137768339,,34.445774
1677805499999,1452401.8555703,2350,34.61034,810630.4303885,0,50.09744130401519,57.182541095762495,,33.892676
1677805559999,1255529.1176825,2616,22.61864,529599.8975035,0,47.90033837810898,75.08142108146531,,28.687441999999997
1677805619999,1589190.2862184,3013,19.80523,463572.0251574,0,51.565482831556146,69.57313486506555,,28.226143999999998
1677805679999,1342491.0937439,2490,33.66076,787935.8543098,0,54.53917589123516,79.05726043596972,,30.485152
1677805739999,1795752.0135165,3051,29.35099,686961.575342,0,47.72344080980719,61.15838045026692,,28.009192000000002
1677805799999,1888640.2594266,3219,44.37694,1038653.9694018,0,57.0910645323543,66.66666666666667,,29.962511999999997
1677805859999,1601936.6278493,3601,38.66626,905076.6462674,0,48.166731267994365,34.91071827575728,,33.172036
1677805919999,2776857.3407782,3837,70.62023,1653289.3162678,0,55.923730543022785,64.0902625447347,,43.335036
1677805979999,1932452.1945014,3516,43.21507,1011949.6298602,0,55.17667072916653,57.278169247335,,45.245898
1677806039999,1140620.2935069,2348,24.52094,574288.4745894,0,46.72573453062526,55.700784304911046,,44.279888
1677806099999,981435.9045039,2229,15.78635,369650.9852738,0,41.521163249770986,26.521240035933626,,38.56177
1677806159999,1481153.6933512,2712,31.03384,726655.3094212,0,52.44465889493698,25.281362280191306,,37.035286
1677806219999,1191612.598647,2196,16.74058,391946.292234,0,48.568820782454175,42.48481796359041,,26.259356000000004
1677806279999,2070372.7678188,3520,33.54173,785010.3892634,0,47.88895222472747,61.91629295964456,,24.324688000000002
1677806339999,26069119.102456,25227,439.91771,10261530.0689674,0,84.16205706428066,69.96826401278658,,107.404042
1677806399999,21386946.2564329,20606,445.70008,10370554.6562222,0,86.03739017270496,86.09814166272082,,193.38678800000002
1677806459999,33596437.3207568,27365,588.30268,13657331.7572706,0,89.11001753003467,100.0,,304.840556
1677806519999,41005556.5886795,31084,713.8878,16498634.6391373,0,90.5610622936146,100.0,,444.2700000000001
1677806579999,76127685.0453417,44893,1153.96379,26466552.9458429,0,94.12708946806423,100.0,,668.354412
1677806639999,25136382.5275006,21741,527.86926,12129871.7894933,0,62.822301422783056,66.66666666666667,,685.944722
1677806699999,19443510.0115711,17102,406.0259,9334441.5638088,0,59.17715539580344,33.33333333333333,,678.009886
1677806759999,16760368.7527544,14927,349.40864,8029192.3131867,0,56.87974726923262,0.0,,630.231078
1677806819999,15367135.6272138,13784,310.85099,7130666.6592397,0,56.5683797208458,0.0,,549.6237160000001
1677806879999,13551928.4875353,13096,293.27789,6731397.0698732,0,56.59952368264084,0.1659969710706871,,377.486536
1677806939999,36337870.8642818,24592,609.7371,13959316.3702991,0,62.67008941605402,33.49933030440402,,393.860104
1677806999999,34510910.7059773,28967,688.02269,15733209.3785087,0,63.647762156740654,66.83266363773735,,450.259462
1677807059999,35359272.1847574,29538,662.29326,15112218.2899153,0,63.346781490811956,98.58282993535977,,512.8363860000001
1677807119999,68979254.1438201,57556,1159.65953,26193135.8456184,0,69.42286686945789,98.58282993535977,,682.5980940000001
1677807179999,69792217.8797779,53365,1326.07069,29529656.7992101,0,66.66337781604403,84.96132840034876,,889.156654
1677807239999,48530754.828068,42646,1116.81063,25027410.8265416,0,61.7226133846147,53.045165131655644,,990.5713599999999
1677807299999,36877035.7237999,30739,827.53138,18532959.9230706,0,53.97503706360451,19.71183179832232,,1018.473098
1677807359999,37639654.5506024,28881,873.77742,19634278.0111525,0,52.72867909125093,0.0,,1060.76993
1677807419999,36703323.9999125,25404,787.0518,17615696.0952306,0,42.8795008763478,0.0,,986.2483840000001
1677807479999,34826828.7844709,25752,785.60729,17592846.40832,0,56.60257779374983,24.276026428545013,,878.155704
1677807539999,27279314.6927,22129,629.97723,14110614.4195062,0,55.63942884123316,55.26987239493244,,780.7890239999999
1677807599999,24646557.6045085,19903,538.87585,12062595.0791575,0,54.689621469576,83.95663767435254,,723.0579180000001
1677807659999,23523095.9292174,19406,527.17655,11787950.1824864,0,55.426559510524065,90.15739792587907,,653.7377439999999
1677807719999,24659815.915839,18972,573.4781,12808760.1422645,0,56.92899613713948,92.49688529282497,,611.023004
1677807779999,48392179.273455,33273,1027.38247,22847249.1829026,0,59.6704721320624,97.14345334673821,,659.37804
1677807839999,37411352.2452428,26660,823.72954,18405621.8181996,0,52.9698377363883,66.66666666666667,,698.1285020000001
1677807899999,26150629.9724433,19604,600.94922,13417516.0508302,0,48.76412341251187,33.33333333333333,,710.5431759999999
1677807959999,23529151.1584999,18829,545.3281,12194307.398554,0,34.94328275533505,0.0,,714.173486
1677808019999,20867835.200192,17239,462.64648,10334088.7712037,0,27.932530929767893,0.0,,692.007162
1677808079999,19447046.5480683,15632,456.15754,10180564.3290083,0,31.162486128694496,4.300189877814027,,577.762176
1677808139999,18539056.3792567,16049,429.01488,9572207.8737483,0,36.639699488625745,18.23282379441691,,498.8192439999999
1677808199999,23137498.4570348,19805,525.43177,11752646.2914918,0,38.70175069167329,51.566157127750245,,483.715754
1677808259999,17101040.806146,16039,392.46452,8769003.2265981,0,37.57465977685688,77.11068228118563,,453.143038
1677808319999,8983895.9172249,10767,206.61541,4618044.6269682,0,33.664946712841825,74.24217167636017,,401.936824
1677808379999,15727505.8775591,12893,313.84067,7009910.4385877,0,40.83041643194261,74.24217167636017,,373.47345
1677808439999,17716447.6332512,15401,364.96844,8143940.4182801,0,44.83604622759734,77.73078997844408,,360.664162
1677808499999,12462356.3557815,12581,282.74558,6318745.015803,0,43.033704192184075,94.62200942998011,,312.12692400000003
1677808559999,16287989.549484,13642,315.17469,7032318.4086975,0,42.57966404000583,87.88921294141262,,296.668958
1677808619999,23968036.3538999,18643,478.41174,10658724.3418389,0,31.067923504456402,54.5558796080793,,351.028224
1677808679999,76196921.3579484,51713,1374.10446,30372257.4555934,0,62.84792405156384,59.9338701780992,,563.0809820000001
1677808739999,32666049.0842393,23653,769.98178,17068810.6177907,0,53.34953397577254,56.704017293610114,,644.0836499999999
1677808799999,27771260.638986,20412,628.91794,13968400.0175235,0,51.60215573024907,78.24191520874159,,713.318122
1677808859999,37754275.3308027,27495,885.06158,19623945.0422965,0,57.59157791697265,72.72865105508022,,827.2955
1677808919999,25264950.2976288,17271,605.13421,13454670.6744697,0,52.43778995854915,51.83485204217295,,852.6399939999999
1677808979999,15352241.2425921,13509,343.84551,7642741.5880557,0,48.705520243893524,30.29695412704147,,646.588204
1677809039999,16805157.2135555,14581,406.27978,9035966.5968147,0,48.17011959920051,2.4768849473695025,,573.8478040000001
1677809099999,15545346.2504293,12947,373.6823,8315943.6340247,0,49.702376132542845,5.421158387097272,,522.8006760000001
1677809159999,15488388.2476062,12954,331.8626,7393957.6118429,0,52.07959752168845,35.95677144449553,,412.16088
1677809219999,11082271.2518442,10514,248.78014,5541639.9803348,0,48.91100770920253,42.27379658776178,,340.890066
1677809279999,17499524.7193528,14988,403.23197,8995209.5183927,0,50.619048054635556,57.732906649028756,,352.767358
1677809339999,11783947.6568811,10029,247.17698,5512209.0153437,0,49.43797862499126,32.74098912575724,,320.946798
1677809399999,14569925.4949486,11999,363.70497,8100145.5704138,0,50.74697715650214,45.73822843398211,,318.951332
1677809459999,12200323.0580537,10861,253.6783,5644644.1440975,0,46.48330269259687,24.857959985617857,,303.31447199999997
1677809519999,10738840.5372492,9957,250.0244,5564956.9193244,0,25.59738089452344,19.314264451491116,,303.563324
1677809579999,8484576.3610437,8104,195.50445,4354002.6935561,0,33.61999053383427,10.633185460501746,,262.01782
1677809639999,12785922.8926323,11808,303.22355,6761134.1886586,0,40.5335050372532,30.429559110855035,,273.22713400000004
1677809699999,9110522.5188794,9438,192.40935,4288995.0104173,0,28.009903953068402,34.279876854180586,,238.96801
1677809759999,12005733.0718497,11474,291.28238,6491247.998629,0,38.74166456680893,52.98112815178863,,246.48882599999996
1677809819999,11094190.2723488,10759,231.41822,5161442.432282,0,45.285829246900384,66.51808783476868,,242.76758999999998
1677809879999,9459546.7453395,10105,224.44262,5002944.2403616,0,42.003509715456474,89.66797514439467,,248.555224
1677809939999,7469640.4320574,8398,169.48303,3780536.9425316,0,41.19332069727034,85.77051020299139,,221.80712
1677809999999,12042905.2967727,12476,271.44169,6061955.7301932,0,47.52268161567895,85.77051020299139,,237.613588
1677810059999,20114116.3658662,17264,487.1726,10888097.6348995,0,58.8154377811646,92.10363848337317,,276.79163200000005
1677810119999,31182396.9857861,26003,706.81025,15845442.7196484,0,60.70961572165538,100.0,,371.870038
1677810179999,14931604.9837724,13459,329.33825,7369260.7016628,0,52.50685283825391,85.98989054505076,,392.84916400000003
1677810239999,9987437.6592827,9507,242.29981,5418967.8685625,0,46.22788183265152,52.65655721171743,365.3354235478927,407.41252000000003
1677810299999,7282705.9084546,8434,155.97067,3486591.8082587,0,46.91880242944399,20.913550474375242,363.88087612260534,384.318316
1677810359999,11339504.9876751,10785,288.57418,6450431.3387993,0,51.124230717046785,12.860498436655234,364.24838215996175,344.598632
1677810419999,7302516.5553199,7990,186.79937,4179726.4258897,0,49.7529423571143,31.574077043285502,363.18749857950183,240.59645600000005
1677810479999,5009595.583767,6872,112.47706,2516499.5728695,0,44.48184547562684,29.98375044729436,361.088325617816,197.224218
1677810539999,6307725.1476125,7296,136.67189,3060299.4615548,0,48.302482671621036,37.88659681786877,359.3164389386972,176.098634
1677810599999,7486989.3651279,8642,175.94105,3940131.712149,0,46.35487368721108,28.572393804534887,358.0749870996168,180.09270999999998
1677810659999,9750497.8065182,10089,217.83747,4877409.8900767,0,49.56587805300577,60.72277092518368,357.3971455622605,165.94536799999997
1677810719999,8599249.710951,8666,182.41821,4079199.7148901,0,48.680640667156815,69.07904911153476,356.2133692729885,165.069136
1677810779999,4170128.8504163,6210,95.38334,2132944.7986454,0,47.719563232427575,73.84647191683173,353.8192834942528,161.650392
1677810839999,8293226.0026696,8986,185.26282,4138370.2546474,0,47.327957308073366,51.79764465420747,352.6581677806514,171.36857799999999
1677810899999,10902046.6774598,10851,256.03691,5719454.4268904,0,42.125631973765444,24.268348256617884,352.4567505881227,187.38775
1677810959999,5247097.5260698,6688,117.69174,2629344.6114718,0,28.752947417472868,10.101549858024532,350.32576812547893,167.35860399999999
1677811019999,4998137.1027826,6666,122.07328,2727989.5804784,0,39.772400459533195,19.366401733744834,348.2464668208812,155.28961800000002
1677811079999,6542001.3206025,7823,147.91997,3306302.8479335,0,45.04344674697046,48.60012206631751,346.513132262452,165.796944
1677811139999,9050630.5465768,9007,221.17983,4946094.6440831,0,53.47225884502909,81.93345539965084,345.7797822203065,172.980346
1677811199999,6851732.4042351,7439,149.75949,3348362.2464801,0,42.09320390176638,80.55603436410657,344.0420272059388,151.724862
1677811259999,6051283.326123,7250,147.4634,3298632.6834311,0,47.47308602662145,70.05896894285037,342.26428911206904,157.679194
1677811319999,7335538.1841533,7800,169.32346,3785248.8114557,0,53.9157000876153,70.05896894285037,340.7790265967432,167.12923
1677811379999,7420612.5292672,7408,150.53918,3362730.3311081,0,50.96238162422664,77.07648879816328,339.02348943007667,167.653072
1677811439999,9064613.4285983,9825,198.32491,4424872.045987,0,51.53527811890711,84.9616066741158,337.9154105402298,163.082088
1677811499999,6423349.2600852,6651,142.20153,3174474.5154187,0,44.9115421944061,51.62827334078247,336.016775085249,161.570496
1677811559999,6191153.9775744,6516,146.35379,3268441.0289721,0,47.467186456729515,36.08275104728982,334.16863236877396,161.348574
1677811619999,4513692.8137139,5521,114.02865,2547391.5102062,0,51.4184679185321,42.206475153282476,331.86217509003825,150.28961199999998
1677811679999,3969671.527588,4836,88.58909,1978726.4328735,0,41.84592801086664,42.206475153282476,329.1971866829501,137.89959399999998
1677811739999,6031960.129298,6334,121.00395,2699936.674421,0,37.8224706465119,32.74549689326165,326.9736632614942,122.435402
1677811799999,7773641.4690048,7997,195.64979,4368099.2022947,0,57.94297838125185,33.333333333333336,325.7692187605363,133.125054
1677811859999,5520349.4075149,6273,137.32168,3066576.8038203,0,51.39975200217669,55.826604932409886,323.7451755383142,131.318632
1677811919999,6243321.5820745,6543,145.8944,3259855.1846154,0,49.807969435744305,75.68279502337583,321.8288827701152,137.69178200000002
1677811979999,3873422.0705526,5109,98.24462,2193887.4461209,0,37.750531762622096,42.349461690042496,319.2455916829501,139.622888
1677812039999,6198564.7977808,7131,140.54078,3141312.6298332,0,49.02483417904312,38.46760888756888,317.2403632528736,143.530254
1677812099999,7232550.6456965,7388,173.38164,3873847.8102172,0,52.57524590598514,51.94475212993628,315.6799763515325,139.07662399999998
1677812159999,5832561.0112219,6606,126.17531,2818631.624885,0,45.91836867900128,70.31011337151294,313.45615915708817,136.84735
1677812219999,5152534.5549817,6452,122.69318,2741758.3658026,0,47.28735486530236,73.14221789336771,311.17461047318005,132.207106
1677812279999,4630081.5481201,5873,113.55051,2537183.5960289,0,41.069230571501656,39.80888456003438,308.7581954339079,135.268284
1677812339999,4875704.0846993,6145,115.30602,2576985.2547751,0,46.80007299431083,38.045976488131096,306.36007765613033,130.221332
1677812399999,6549417.0309855,6459,136.64114,3054147.8455388,0,48.889817382837805,49.93578650300671,304.25128367049797,122.873232
1677812459999,6311781.5068087,7195,142.9592,3193820.9966041,0,53.5158728127476,83.26911983634004,302.22148922605345,126.23001
1677812519999,3327738.858986,5186,82.1825,1835854.3640328,0,49.28300200877487,88.66395524744884,299.3433980986589,118.12787400000002
1677812579999,6448151.44172,7440,128.59303,2871219.2912072,0,50.82353844031603,75.30076969884472,297.1003445201148,121.13637800000001
1677812639999,7160078.3416364,8048,143.40391,3200139.9453071,0,43.484341582013386,41.96743636551139,295.05315454597695,126.75595600000001
1677812699999,7864796.0935994,7899,188.37673,4201354.0088934,0,56.58655396865194,53.30348111806254,293.61663812739476,137.10307400000002
1677812759999,6287900.8830259,6711,139.22833,3104408.6636226,0,49.22151897034178,47.92928405022419,291.4939385507662,136.3569
1677812819999,4705858.2398876,5355,105.24341,2346671.9724884,0,50.84428339058847,66.65370908468287,288.8961243055557,140.96908200000001
1677812879999,6374695.3558611,6573,150.19305,3353373.2850993,0,51.15697315616876,52.840314694332456,286.91110657279705,145.289086
1677812939999,5927326.960831,5886,127.6208,2849704.0318905,0,44.37642313453798,38.2443639774416,284.60388044157105,142.132464
1677812999999,8609410.5647374,8687,213.71324,4771684.0809256,0,59.81912770477993,52.85327227631626,283.4763108084292,147.199766
1677813059999,5314900.4773936,6214,114.66388,2560148.6880658,0,49.25835823699617,43.87107102958652,280.96656407662834,142.286876
1677813119999,3695785.8634219,5131,73.86722,1648905.6569511,0,46.53707330755331,48.53487017864423,277.88830398659013,136.011638
1677813179999,6938376.2357337,7408,163.69878,3651703.8817598,0,53.66029863973543,35.24093573637358,276.0447105929118,138.712784
1677813239999,2461380.5215214,4515,55.50759,1238245.8387565,0,44.57594844781241,24.7031980401204,272.6987434549809,124.29014199999999
1677813299999,5513195.4367147,6112,116.99809,2609148.9514747,0,48.383649231515975,34.011048681670076,270.19825195306504,104.94711200000002
1677813359999,5192846.8115284,6214,138.57221,3090044.3404381,0,53.69102864136445,47.30498312394074,267.98740633812275,109.728778
1677813419999,3824089.6242525,5455,68.0328,1516997.0486718,0,46.15736604940469,53.088137954587836,264.7933222998085,108.56189400000001
1677813479999,6900491.5463663,7891,150.41507,3353464.4233557,0,50.40973354614602,60.45031070295786,262.73035411590035,105.905152
1677813539999,3270174.6817288,4642,75.03405,1672541.353274,0,43.603568842019605,27.11697736962452,259.6146978975096,109.810444
1677813599999,3370011.4418294,5528,89.08517,1986373.845776,0,47.0534752662535,32.733806588010786,256.68928085057473,104.22786
1677813659999,2355694.5873021,4655,54.82519,1222564.4801143,0,47.038269540192566,28.221502224022498,253.28457279885063,87.478456
1677813719999,1750657.559044,3637,40.09832,894368.2330874,0,43.294583182971934,28.221502224022498,249.67575228927208,81.89156
1677813779999,2341096.7918357,3981,59.66129,1330729.0448836,0,45.845637521778016,39.44391401473151,246.3375440756705,63.740804000000004
1677813839999,7562190.3854619,8158,191.89533,4284148.0082012,0,48.737493317534636,55.95572917307572,244.81977818965518,87.11306
1677813899999,9829487.6064584,10584,231.67433,5182256.5379814,0,57.26952949631468,89.28906250640905,243.83588744731784,115.63089199999999
1677813959999,9535793.5258906,8322,177.56658,3971591.3296072,0,56.33772547957383,97.77744163054804,242.08815134865895,140.17917
1677814019999,6678547.4941036,7054,168.39371,3765861.984923,0,50.318320577697484,77.4947775025634,240.19900259291197,165.83824800000002
1677814079999,6908109.329418,7756,156.21224,3496505.1117167,0,57.84984704573853,77.4947775025634,238.1278462059386,185.148438
1677814139999,6946664.5590994,7778,162.77553,3644980.8323085,0,53.90248739599989,62.24695247103774,236.1362523007663,179.324478
1677814199999,6080918.7599032,6861,142.65328,3192613.4338388,0,50.34877106074032,49.331052240575474,233.85483376053634,161.520268
1677814259999,9246658.972291,7925,181.82826,4070109.5496413,0,60.27591517628648,49.33105224057548,232.1022622011495,162.372604
1677814319999,3267212.8559623,5170,75.6003,1692103.7668418,0,43.52304182681204,33.46810230821977,228.86895795306498,143.813922
1677814379999,8664613.94236,7325,207.65701,4647705.8285975,0,60.45557507800985,66.66666666666669,227.4531083697318,154.102876
1677814439999,6658365.1254643,7293,145.74802,3260299.0736916,0,54.153685951364615,54.26078694554966,225.1662625622605,150.697374
1677814499999,3220902.0855942,4342,81.06638,1813302.7603567,0,51.84148497575702,70.63644876676895,221.97754632950193,138.379994
1677814559999,4932838.0446671,6244,112.61095,2518281.3006278,0,54.9712595384768,59.840041916571096,219.2198662998084,124.53653200000001
1677814619999,3239016.8298937,4828,68.7885,1537755.8372103,0,50.605591615158275,38.912588304354784,215.85371658429125,123.17417200000003
1677814679999,6909784.3858309,7875,149.43318,3337238.4861402,0,46.97558127047104,22.5369264831355,213.59745772030652,111.529406
1677814739999,4067981.9111611,5302,96.24784,2150998.1376917,0,40.534844424048565,0.0,210.5956431858238,101.62937
1677814799999,2942019.5186019,4483,61.33487,1370963.0747408,0,41.65242160167815,2.5804586729029166,207.10456340517246,97.683068
1677814859999,4730200.6099016,5856,106.08623,2370169.99808,0,45.74273729162859,19.818149742397974,204.22784136494246,96.378124
1677814919999,3095805.663665,4341,75.08264,1677704.8666424,0,44.59568906922799,40.83460972210268,200.9149255881226,97.636952
1677814979999,3632052.777839,4813,79.0831,1767836.8522621,0,44.40587004977488,63.030810401674024,197.65320955555555,83.566936
1677815039999,3125095.1375016,4666,81.24777,1815991.8273136,0,45.79460614726568,79.1264526655123,194.45591374233717,80.566922
1677815099999,5903644.3953591,6886,121.67346,2720922.095323,0,45.88730729179457,91.44332601914094,191.85112287835253,92.63463999999999
1677815159999,6391420.0705629,7831,122.78576,2742220.6885667,0,53.76751022834922,100.0,189.30637036877397,95.974546
1677815219999,4650237.0436764,6147,110.78825,2476067.7736455,0,40.43094244697813,66.66666666666669,186.65275393199235,103.115668
1677815279999,2831698.6467645,4301,69.87892,1562215.2002833,0,42.18096731496325,37.70733444234833,183.53479190325663,101.274832
1677815339999,2759488.9461281,4281,65.46184,1463622.4124055,0,48.16370512977416,23.701219349771517,180.39977343965515,98.11764600000001
1677815399999,6028790.0153768,6512,131.05088,2930022.2651841,0,52.00898503446458,52.639305913190036,178.20205246839075,99.99313
1677815459999,2326234.0872551,3769,55.41392,1238553.3149532,0,48.637335375265074,71.89161545866747,174.98197857758618,86.51876200000001
1677815519999,5357695.1036486,6713,97.88455,2186093.247502,0,44.30498699966878,59.76835819738337,172.37217363218392,83.938022
1677815579999,4849146.5091669,5807,106.46022,2376499.9254051,0,51.25161759303922,60.88665950770417,169.8993696273946,91.254282
1677815639999,10727324.0704389,10086,227.03088,5064124.2202173,0,66.78359349542603,70.59368218654508,169.13781580651343,123.56809000000001
1677815699999,12255170.6362391,9564,239.39539,5339537.3184502,0,64.45123028648328,93.2644130844614,168.59096325478924,145.23699200000001
1677815759999,2421647.3148604,3772,64.10163,1429663.2916742,0,49.09327024483928,70.30852948512224,165.6667731963602,146.974534
1677815819999,3650614.0988038,5009,97.0869,2166816.4416385,0,51.41870991847797,41.35695078057362,163.30249087547892,146.815004
1677815879999,3451830.4903123,4184,79.84124,1782006.0312744,0,49.89173777402248,12.98678677014876,160.81805613601543,141.491208
1677815939999,2332891.1088542,3517,55.34338,1235487.2876648,0,44.76616586043782,5.8862824957486035,158.09504644923373,107.15370800000001
1677815999999,5118987.3168175,6267,116.53744,2602254.0009827,0,49.54966933238007,25.47281944688955,156.2900571302682,82.582118
1677816059999,12058639.6643434,11012,203.40605,4533958.6067091,0,56.02494785778808,57.30162491325901,155.75578810057476,110.443002
1677816119999,20814651.3025692,17269,442.06737,9847570.8958849,0,69.25701492166948,90.63495824659235,158.56930411206892,179.439096
1677816179999,7465985.4133578,7483,184.29085,4106946.1035947,0,54.87111731146059,80.4200369231225,157.8601880392721,200.32901800000002
1677816239999,5923098.7881565,6450,131.77382,2936163.6609486,0,50.02995627959432,47.899068950441425,156.46938940517234,215.61510600000003
1677816299999,4429720.2442,5176,107.79631,2402148.34734,0,52.26763775662608,18.445132042544632,154.78686094252868,213.86687999999998
1677816359999,3962855.3604615,4973,91.39927,2037671.6702192,0,49.71276757789185,4.691761786088823,152.91833693199231,191.46552400000002
1677816419999,5123241.7736703,6480,130.87699,2920063.3843002,0,51.052603484933655,12.537436149023739,151.64050933045976,129.227448
1677816479999,6676816.5365047,6108,131.95942,2945880.3642277,0,45.430747449413865,8.658039723587192,150.46348397030656,118.76116200000001
1677816539999,4692542.3036168,4577,133.25264,2975606.3153813,0,44.84377494643013,8.658039723587192,149.3705576331418,119.05692600000002
1677816599999,4405400.820286,5579,100.13678,2236896.1364964,0,52.031087349175834,33.33333333333335,147.8656593362069,117.52502000000001
1677816659999,6262568.2967406,5807,125.62761,2806196.0153726,0,51.622376676774685,64.77114740764105,146.75500154118782,124.37068800000002
1677816719999,5284970.548872,6779,121.79475,2720168.3153661,0,52.421746691896594,98.1044807409744,145.62375821264368,122.55424000000001
1677816779999,4911389.8040457,5944,99.0793,2211884.8102442,0,52.529841319149696,98.1044807409744,144.21122541954023,115.97821600000002
1677816839999,2202549.4691936,4034,61.68802,1377142.9455492,0,46.737474935691,66.66666666666669,142.3145538582376,101.66529200000001
1677816899999,1717944.7879849,3640,46.17006,1031031.8258852,0,39.77987669318659,33.33333333333335,140.24826136877397,90.87194800000002
1677816959999,1734136.9097059,3743,42.54645,950132.9624778,0,12.606331914987933,0.0,138.16515801915708,74.25571600000002
1677817019999,3662536.3489832,4500,101.1664,2260131.367359,0,37.59531894604657,20.86405345622724,136.9063211216475,70.13004600000002
1677817079999,1867144.371002,3220,43.70964,976470.6440584,0,37.04909885065694,44.73547485460883,134.87534828831426,59.056114000000015
1677817139999,1967641.9138533,3337,39.96851,892564.1668354,0,39.39382235397542,77.595241780661,132.82354557758617,54.71221200000001
1677817199999,2083194.2649017,3890,58.02,1296413.5981864,0,44.8073779781031,90.0645216577671,131.04398344444442,57.082200000000014
1677817259999,1988176.9124591,3738,42.37597,946666.3568453,0,35.12972077197132,66.19310025938552,129.0732732624521,57.04810400000001
1677817319999,1763216.9595184,3646,40.06427,894939.9199634,0,34.62294766174979,33.33333333333335,127.1124434415709,44.82767800000001
1677817379999,3742729.9085336,4991,83.11358,1857051.5680164,0,42.63878124825473,26.235581626442045,125.87317883429122,52.70846600000001
1677817439999,1810326.2165688,3486,49.85914,1113937.5451935,0,42.621437930289574,52.41439909613882,124.2410242691571,54.68659200000002
1677817499999,2198094.2326331,3900,52.63865,1176206.4975739,0,38.52336876050114,68.63405176506775,122.70267317528734,53.61032200000001
1677817559999,2320070.0484264,4128,53.36571,1192293.6066348,0,39.13423521981197,61.15837206430592,121.25408449233714,55.808270000000014
1677817619999,4279271.048973,5576,92.85336,2074731.1796682,0,49.06138555420758,68.31288792794248,120.40300443965513,66.36608800000002
1677817679999,2015024.5229268,3300,55.35138,1236888.3000427,0,49.0450153237255,85.3747870892344,119.05869709099619,60.813648000000015
1677817739999,2338545.9364005,4029,35.49942,793022.3389321,0,48.412582328777894,97.89595623498776,117.47418343582372,57.941704000000016
1677817799999,1775279.3320806,3575,50.71178,1133025.6523517,0,51.174227866009005,97.89595623498776,116.13188843199231,57.55633000000002
1677817859999,2445090.7150942,4120,77.06114,1722645.1985217,0,46.17884783890774,64.61440440476692,115.17996303160915,62.29541600000001
1677817919999,2325011.6345382,4070,52.93164,1183348.0090586,0,51.6345761311189,66.66666666666669,113.9116651216475,54.31107200000001
1677817979999,1255844.2508866,2652,35.32868,789879.7269769,0,49.21612128615829,51.8904246727652,112.4341214348659,50.30653200000001
1677818039999,1888571.126045,3325,35.69572,798044.4794414,0,45.988721123879984,51.8904246727652,110.98193235153262,50.34579200000001
1677818099999,4578971.5506204,5864,91.80602,2052190.332178,0,57.75409506947038,51.8904246727652,110.33509695114948,58.56464000000001
1677818159999,2928447.1419209,5342,65.87061,1471852.2058319,0,53.768902243038326,55.37592814059917,109.3460367653257,56.32653400000002
1677818219999,7098306.7463291,7694,141.02575,3149492.8583215,0,57.732661401675095,88.64853619682019,109.4112384521073,73.945356
1677818279999,2809727.1638737,4005,77.23744,1725733.3745616,0,53.38004922190584,76.25611000395811,108.60181964655166,82.32710800000001
1677818339999,1991318.4640244,3263,50.82202,1135887.1420021,0,49.78809099455259,54.2135151966923,107.44969639942532,85.35236800000001
1677818399999,3628356.2832518,4687,74.316,1660847.8599798,0,52.32058334249186,31.56658068504636,106.63519005363986,81.854364
1677818459999,3411906.7504094,4654,90.29608,2017701.0511902,0,49.70117818954144,10.62567354457509,106.06188082471263,86.739458
1677818519999,7203008.5274551,8196,141.90803,3170958.6311657,0,59.791392729523565,43.95900687790842,106.21397800766279,86.91591400000001
1677818579999,2558416.1047999,4254,63.94377,1428862.7269651,0,52.84377484610724,43.714997813354636,105.29861169923376,84.25718000000002
1677818639999,6169293.7365079,5971,124.31792,2777346.1655395,0,56.74941579326182,66.99906700003044,105.22610141187737,98.95636
1677818699999,6576548.3575013,7415,156.02279,3484491.8997802,0,57.17007489030315,58.33946308763414,105.6049919913793,115.297718
1677818759999,3252893.739642,4773,84.05391,1876560.450932,0,52.60014094208968,47.95779860761286,105.02292769444443,114.04928400000001
1677818819999,3368733.1398631,5092,84.39936,1885118.8041184,0,54.22138621141456,36.499175825610486,104.50527921551722,102.54755
1677818879999,1850824.954849,3999,44.09699,985180.6662353,0,50.67626678665046,11.825446404673452,103.45519755747128,98.57819400000001
1677818939999,3411942.476022,5100,72.10155,1611061.0712531,0,48.33870316346911,11.825446404673452,102.8103706369732,88.13492000000001
1677818999999,2240173.9459833,3861,57.07791,1275377.7896099,0,49.24478606317257,5.1341816442069055,101.96635453639848,68.345944
1677819059999,3236550.7987881,4614,79.74254,1782129.4085784,0,44.2146632667636,5.1341816442069055,101.45712799425284,67.48367000000002
1677819119999,1922022.5227778,2980,42.07061,940281.1571182,0,46.50794416504707,16.96447986262615,100.43854311015325,59.01792000000002
1677819179999,2694588.3571571,3858,60.1152,1343884.5475513,0,50.93841056020925,45.163631551752594,99.67559303544058,62.22156200000002
1677819239999,3808846.6050237,4791,117.91913,2637211.1652397,0,54.11765708003258,78.49696488508593,99.71727156321839,71.38507800000001
1677819299999,5442906.9892485,6941,119.75036,2678859.3628646,0,52.85788281856485,95.75961813426643,99.78976609099621,83.919568
1677819359999,2563739.5079259,3818,63.0218,1409613.6592674,0,42.42109719972627,62.42628480093311,99.08919303927209,80.57542000000001
1677819419999,4994202.6754298,6044,128.70939,2880605.6878773,0,56.37260718836198,62.42628480093311,99.30609214942531,97.90317600000002
1677819479999,3607691.2785584,5123,82.72817,1851758.8860599,0,45.788494470378474,41.378811979002386,98.88557538505744,102.42577000000001
1677819539999,5113073.8805135,6479,100.59357,2251768.1018515,0,44.22520833403657,45.689244173032165,98.72129925766284,98.96065800000001
1677819599999,2216422.6366097,3751,53.03485,1186709.5548944,0,46.59515709095282,22.328690117417526,97.91592999425288,85.61755600000001
1677819659999,4352137.4454782,5997,102.40229,2291834.6612668,0,51.784108247935876,35.02537475171619,97.79768412643682,93.49365400000002
1677819719999,2200730.5446535,4368,54.53857,1220887.0963253,0,51.01949208232282,60.67646176320343,97.02113321168582,78.65949000000002
1677819779999,6104354.1883081,7845,156.9003,3514488.4722711,0,57.22978292273842,84.03701581881806,97.66541280651346,93.493916
1677819839999,6954908.5834412,8372,156.66643,3510040.90645,0,58.71039827971845,96.62818587218369,98.312623651341,104.70848800000002
1677819899999,5285086.4198929,6450,123.49536,2766695.1904134,0,53.757729258242,78.5345233519488,98.50164091187736,118.80059000000001
1677819959999,5674508.1421178,6791,150.42438,3368943.5268427,0,59.48096286271122,78.5345233519488,99.06438872030658,128.405008
1677820019999,2814962.2102666,4609,61.1457,1369686.5905878,0,50.08017431490991,45.20119001861548,98.39751671647511,129.72643399999998
1677820079999,2969184.7674867,4282,57.64994,1290948.1982038,0,44.87815252589169,33.33333333333335,97.69098992720303,109.87636200000001
1677820139999,2988562.0278653,4495,49.17143,1100710.2548959,0,44.069010337775914,0.0,96.88099278639848,88.37736200000002
1677820199999,4562708.5569098,6425,97.1854,2174461.0842245,0,52.91355747964264,19.12919453815032,96.74216822988508,83.11537000000001
1677820259999,2798613.5485101,4605,61.82,1383715.0303233,0,43.98438310387835,19.12919453815032,96.12025466858236,65.39449400000001
1677820319999,1894261.7796519,3844,47.43759,1061390.5996312,0,46.63492673147768,29.023889224941943,95.30496386685824,62.652872000000016
1677820379999,2669184.1142012,4456,52.34553,1170885.4539387,0,45.28282532170386,14.741884968832217,94.56131050383144,61.59199000000001
1677820439999,3184112.7954217,4245,72.17232,1614092.0248798,0,51.978334436102536,44.5839547049454,94.09770658333335,66.19216800000001
1677820499999,3580389.4849699,5244,87.70325,1961431.0015364,0,48.366191697577676,52.96061049133777,93.86014973084292,64.295738
1677820559999,5391415.641215,5946,110.6311,2475042.4231422,0,56.600613225676696,81.44675354263053,93.94359180842915,74.05795800000001
1677820619999,1859832.7416452,3639,43.68428,977184.1391075,0,35.46608322873902,51.60468380651735,93.10700718295016,73.30729600000002
1677820679999,2731236.8983871,4027,68.73063,1537171.6429976,0,39.387462994944514,39.51812470993156,92.62111554022991,76.58431600000002
1677820739999,5879163.4392083,6737,125.03019,2796599.3726113,0,50.17543721682184,29.38435151225326,92.9186479195402,87.15589000000001
1677820799999,6779146.1554462,6790,146.0978,3266239.9942568,0,49.498737836753556,51.51662290263954,93.51139938793104,98.83480000000002
1677820859999,4586304.0683079,5326,125.32519,2801795.5643862,0,58.838628091895266,78.66516485937467,93.81572381321838,101.77361800000001
1677820919999,1567968.9627942,3218,36.82029,823385.4062257,0,47.675634019693064,69.66898874285626,92.89903888888891,100.40082000000002
1677820979999,6088083.9684566,5153,168.05375,3757425.4548806,0,60.4131727568407,80.87005068580332,93.7998202921456,120.26544400000003
1677821039999,5508845.5892608,5429,104.76448,2341172.7977911,0,50.64656674888787,55.311460418361264,93.82259378256707,116.21230200000002
1677821099999,5764541.5505707,5885,124.52209,2781756.3090439,0,55.49541957584805,61.57196066426828,94.12093935153261,111.89716000000001
1677821159999,3036896.8278351,4232,75.69379,1691389.270051,0,52.335454755843564,40.433083503122134,93.74755713409964,101.97088000000001
1677821219999,2387813.9130707,4057,51.73462,1155908.2274233,0,49.951048190212546,32.65834043723085,93.0443251302682,104.953746
1677821279999,2406715.8858476,4074,66.12176,1478157.2258561,0,49.51090901748242,12.194456172187202,92.5468983534483,84.56734800000001
1677821339999,3745836.4896125,4250,78.80625,1761688.1364469,0,49.27749506849984,0.0,92.23183256417624,79.37570200000002
1677821399999,2469983.077322,4759,62.32006,1392353.9519833,0,46.03529166067856,0.0,91.69986630747124,66.93529600000001
1677821459999,2420700.3710986,4197,64.56559,1442858.1920163,0,51.917256686513625,33.33333333333335,91.20623957088124,64.70965600000002
1677821519999,2592667.3974963,4653,64.52545,1442678.1558281,0,49.59531021084582,53.50810222168253,90.71595552203067,67.26782200000001
1677821579999,4413512.7137094,4942,104.70895,2340834.5412083,0,47.98176116029894,64.53882348048519,90.78813235440614,74.98526000000001
1677821639999,1353367.8249664,3351,31.09311,694987.4896442,0,39.657631192319485,31.205490147151853,89.84711291187742,65.44263200000002
1677821699999,3282658.6669209,4802,76.43551,1708461.4544587,0,45.78942284382503,27.70276847158095,89.54899823275863,68.26572200000001
1677821759999,5832436.4320891,5446,104.71244,2338858.6221841,0,56.523951522530986,50.00538054611162,89.6445718955938,76.29509200000003
1677821819999,3364951.9645095,4688,84.86123,1895710.6552909,0,39.828465115296396,50.34300392736748,89.46338124233716,80.36224800000001
1677821879999,3249247.2010204,4101,75.9851,1698226.1978956,0,45.941244997878634,46.089420814518455,89.1673126992337,74.617478
1677821939999,4199345.9889746,4053,114.81786,2566800.0031731,0,48.70128783851534,30.471100403029112,89.40490698467434,91.36242800000001
1677821999999,2086369.7485011,3163,43.43832,971144.7395824,0,45.92899446909169,42.31347426771908,88.65816472509577,84.76299000000002
1677822059999,2394455.2669623,4073,42.38919,947249.6837638,0,48.748103588114304,63.22834350112316,87.90606414846745,72.29834000000001
1677822119999,4212251.6623907,5529,95.0996,2124634.7381402,0,53.520366436963265,78.8466639126125,87.88345999425287,74.34601400000001
1677822179999,1870947.9971426,3148,38.8369,867695.2356396,0,45.609234497956415,66.66666666666669,87.09011701532569,66.916374
1677822239999,2408624.725565,4030,62.63585,1399829.2195929,0,50.034142030631195,51.9775575597773,86.62850257567054,56.47997200000001
1677822299999,3918637.7302025,4559,67.85524,1516625.3478588,0,50.35339215106221,38.63359991327043,86.24141318199236,61.36335600000001
1677822359999,2607087.0355485,3752,52.9215,1183029.1130327,0,48.792092263230174,52.044482156220056,85.6470930785441,63.46981800000001
1677822419999,1857870.7986733,3265,47.1072,1053119.1548526,0,43.54187517124443,33.40025792977611,84.97134745977014,53.871338000000016
1677822479999,2954805.774767,4284,79.53708,1778489.6159772,0,55.98402500020568,46.74421557628298,84.7441130296935,62.01137400000001
1677822539999,3867815.2299681,4276,88.03351,1968094.1999302,0,51.57610859630123,54.85757026318112,84.64483302203062,67.09090600000002
1677822599999,2378312.5330458,3491,55.65216,1244417.850647,0,43.406513005518406,54.85757026318112,84.11267240325668,64.65029000000001
1677822659999,5157414.4136632,5684,98.09845,2192180.8828365,0,51.677164236970754,43.44338711616407,84.17765547988508,73.68568000000002
1677822719999,3184149.1959953,4221,85.14468,1903432.0639039,0,51.148655820450756,42.4376300950153,84.07069912931036,81.29317600000002
1677822779999,2464086.2734082,4087,58.5089,1307947.4104424,0,42.715748859943844,42.4376300950153,83.60315994731803,77.08754000000002
1677822839999,2111783.3900832,3539,42.76695,955788.5660355,0,49.89854599364647,47.235974975070384,82.9284776455939,68.03422800000001
1677822899999,2009229.4913045,3361,47.03152,1051108.2298314,0,50.694773385731274,56.39667776274956,82.32218465517245,66.3101
1677822959999,2902481.647759,3703,74.3745,1662461.3859683,0,46.64340496798934,71.92179512516303,82.10594778160922,61.56531000000001
1677823019999,2048057.7487209,3339,41.73077,932596.4662681,0,50.507512878410914,77.75533013055397,81.43956997701149,52.882528000000015
1677823079999,3073844.1412604,2921,44.3644,991535.2418439,0,46.53868246756177,48.0761474341758,80.82541142145591,50.05362800000002
1677823139999,2127214.5808635,3577,53.33707,1192003.1316367,0,47.28826030692769,38.56291202305244,80.34472490613024,52.16765200000001
1677823199999,2531856.0611883,3879,57.88274,1293428.8071854,0,50.96408514475153,39.345215284623464,79.92939335153258,54.337896000000015
1677823259999,7346291.032302,7184,142.41249,3180688.6222287,0,64.18155610205334,72.67854861795679,80.68523154885057,67.94549400000001
1677823319999,1953210.6744785,3346,50.64739,1131531.1454576,0,46.346348574429584,66.66666666666669,80.16829212260534,69.728818
1677823379999,2653215.1519255,3907,71.13458,1589453.6263549,0,47.92571976496648,36.28511879866593,79.94339686781612,75.08285400000001
1677823439999,2845757.5842047,4518,65.70611,1468851.8539007,0,51.321526463981655,12.250206172140281,79.64603164942532,77.556662
1677823499999,7489848.8678837,7652,209.5475,4686122.8220931,0,61.56622438583552,40.695582707723794,81.33226690229888,107.88961400000001
1677823559999,4322652.2380384,4403,98.69101,2207208.5935992,0,51.16841283461864,48.30468994160618,81.47953703735627,99.14531800000002
1677823619999,3885411.0334656,4871,79.85797,1784940.8910462,0,51.86654739594105,48.63647901688474,81.3647797653257,104.98743400000004
1677823679999,1565270.7315462,3083,34.79061,777791.5292274,0,49.33664502128068,20.19110248130122,80.62832951340992,97.71864000000002
1677823739999,2855559.8079817,3876,57.76052,1291019.1904398,0,50.865357251316304,13.79691681390866,80.21315552586206,96.12952200000001
1677823799999,2890136.6514837,4075,66.08697,1476741.6824391,0,49.3104078651245,4.16670703182242,79.91895105363986,67.43741600000001
1677823859999,2316713.7288927,3989,52.39308,1171063.4403362,0,50.91608312527889,25.10551261209345,79.44129625862068,58.17783000000001
1677823919999,2048007.373546,2901,51.75546,1156762.7054823,0,50.63720978351769,48.48281258505846,78.96044011206898,52.557328000000005
1677823979999,4438176.8002412,5297,97.87003,2189198.727865,0,53.60826314311416,81.8161459183918,79.11738296360153,65.173212
1677824039999,6059662.0204042,6778,117.29676,2623161.5315434,0,54.70064019321181,94.2106736714541,79.53917647892719,77.08046000000002
1677824099999,2019261.1390836,3294,51.55383,1152680.9997277,0,42.591326417403884,66.66666666666669,79.05548840421457,74.173832
1677824159999,2062925.0378897,3414,47.85128,1070196.0993874,0,49.73376901836559,52.9943500052853,78.52110041475092,73.26547200000002
1677824219999,2796317.869431,3625,89.46899,2001076.0222041,0,51.678178877419555,44.67441442580721,78.56554226340997,80.80817800000003
1677824279999,2301945.8350068,3787,47.37489,1059779.1325652,0,48.42765122646879,60.74007792284411,78.03100334865898,70.70915000000001
1677824339999,4456381.245755,5461,84.40371,1887843.3248734,0,36.857740897486416,41.07906125089217,78.0244152068966,64.13054000000002
1677824399999,3041349.4308995,4304,64.26628,1437552.3637671,0,45.53381610792161,35.579426005681164,77.75491535632185,66.67303000000001
1677824459999,2420528.5715173,3813,65.87144,1473351.8081249,0,48.10050911108581,44.80039310355222,77.50753987260535,70.27706200000003
1677824519999,9565708.6752506,10413,222.77187,4982734.9333584,0,69.5814506009709,78.13372643688555,79.4272982375479,96.93763800000002
1677824579999,3576739.6339564,4820,78.63409,1759607.0044932,0,51.736089873453786,73.77548786973288,79.34525861877395,103.18947800000001
1677824639999,4187717.7882511,5585,97.19427,2174847.6321829,0,52.54394055347409,58.205855215694704,79.51699057183906,105.74759000000002
1677824699999,5631176.1852554,6932,133.84786,2994954.9620618,0,56.420237039054825,37.782769061062545,80.19614207758616,119.66390600000003
1677824759999,3689924.5343568,4763,85.88766,1922349.881818,0,52.503527376936866,24.060740945556557,80.22043624521075,123.66715000000002
1677824819999,4365780.7264553,6012,100.26349,2244922.5179698,0,50.18412832968974,14.34374300468676,80.47713455363989,99.16547400000002
1677824879999,5042338.1277209,5876,123.0283,2754428.4176342,0,50.438673054765125,2.7940917624286783,81.05587883908045,108.04431600000001
1677824939999,3822482.9797553,5906,99.4351,2227088.4019243,0,53.91742589597573,21.31586900964182,81.31003736973179,108.49248200000002
1677824999999,2356770.9844388,4823,57.20783,1281317.4448548,0,50.720115157469905,26.10151153490295,80.98255167911877,93.16447600000001
1677825059999,4371662.5763211,6640,99.07799,2218879.6640111,0,50.73925738768089,29.697472530900388,81.23586047892721,95.80254200000002
1677825119999,3486780.5920629,5068,67.63048,1514440.7103498,0,51.58429394178168,20.71951364000577,81.058456401341,89.27594000000002
1677825179999,3188424.470374,4723,77.21203,1728872.1813164,0,49.412266876054545,15.933871114744639,81.01937340996173,80.11268600000002
1677825239999,1703181.7125771,3696,37.91326,849022.7616056,0,47.91172710030188,10.977314182304111,80.44360629310346,67.80831800000001
1677825299999,3298326.7306419,3719,58.53283,1310795.525721,0,49.43548359180749,13.83007723005016,80.15820714559385,68.07331800000001
1677825359999,4641222.2811038,5637,106.30314,2380201.5411524,0,39.23302030080831,13.83007723005016,80.53813552873564,69.51834800000002
1677825419999,4403432.32589,5154,124.519,2788771.1659198,0,55.52911765472119,47.1634105633835,81.17080102394637,80.89605200000001
1677825479999,3296964.0401078,4405,58.98239,1320707.8090973,0,45.863756302996194,46.89636800391307,80.89707652490422,77.25012400000001
1677825539999,1711194.8222767,2864,48.62454,1088849.4267682,0,40.21814680013177,48.91142407926008,80.480744289272,79.39238000000002
1677825599999,7071477.2129496,6731,132.61861,2969001.7817403,0,54.953950609957474,47.73493167073543,81.22271584674333,94.209536
1677825659999,8931070.5050359,8979,199.90912,4472950.561222,0,59.49787448930602,67.50523033348905,82.88420476819924,112.930732
1677825719999,4509488.9046588,5936,116.5746,2608156.730105,0,49.448531573146134,81.44887955700251,83.38679391954024,111.34185200000002
1677825779999,2418247.3012349,3875,63.96429,1431417.9710672,0,47.11222594392194,61.21143095096477,83.1567442203065,112.33823199999999
1677825839999,2901428.7857849,4171,60.21117,1347385.7808243,0,50.26085118848518,36.35195140366424,82.87262890229883,114.655558
1677825899999,6587680.4417339,6991,173.48237,3882700.7976239,0,55.74922556926965,43.6378898113205,84.15066508141761,122.82831000000002
1677825959999,3342746.2389494,4069,57.85939,1294981.4146609,0,49.33189788769678,40.28502151732234,83.82134345210726,94.41836400000001
1677826019999,2523207.5368179,3798,55.68447,1246037.2578034,0,48.512983203992654,37.21720115660002,83.46031841283526,82.24033800000001
1677826079999,3123941.8326827,4084,80.27464,1796704.3077294,0,52.986805181472825,34.58096050260191,83.44109544157088,85.50240800000002
1677826139999,2450630.6414549,3542,49.3392,1104262.6190293,0,49.361072386351125,29.921110409537174,82.9922633840996,83.32801400000001
1677826199999,1983447.2321022,3229,46.97072,1051204.0761043,0,45.59885109849324,24.5150769842267,82.51107867624525,58.02568400000001
1677826259999,1130776.7919659,2573,23.26706,520687.5269144,0,42.550006781019455,3.9066739317080663,81.7035594808429,51.10721800000001
1677826319999,1860620.6743384,2938,47.1701,1055759.1146432,0,49.07414172842836,20.836961352456843,81.23240274329501,49.404344000000016
1677826379999,4922220.8925857,4972,105.55094,2362843.6157305,0,54.14955822378405,54.170294685790175,81.56728261877397,54.45960400000001
1677826439999,2526031.7575389,3644,48.23893,1079694.842505,0,43.600339294035415,57.188608276617636,81.10494209578546,54.23955000000001
1677826499999,1938343.8916242,3252,37.98528,850059.6610857,0,36.555962782287786,36.35164692416081,80.50140878065133,52.44246200000001
1677826559999,2395164.6727707,3348,68.5549,1534525.6577845,0,45.63019847649677,20.210622243491102,80.32326829501916,61.50003000000002
1677826619999,2502257.602215,3655,65.53273,1467218.5805385,0,50.156887520598225,42.96101292071657,80.1019462250958,65.17255600000001
1677826679999,2883275.1450028,3153,53.86625,1205750.1679197,0,49.37522285968347,74.37863175680202,79.71681408141762,54.83561800000001
1677826739999,2663278.321876,3592,45.98227,1029226.1647841,0,34.15704774483021,57.1863231041384,79.22119691379311,54.38428600000002
1677826799999,2637007.0735102,3905,57.38127,1284023.9718597,0,49.91982250273056,64.25706176970222,78.88719658045974,58.26348400000002
1677826859999,3421198.7513517,4448,63.98719,1431540.01596,0,51.371922010733456,66.1727762669501,78.64512554022986,57.34994200000001
1677826919999,9364753.5789909,8417,187.24107,4186879.1105484,0,63.328878761521544,99.50610960028342,80.11048718965517,81.69161000000001
1677826979999,2646755.2171333,3866,52.3405,1170566.8916548,0,50.29702707693806,85.10909185288256,79.70461457567049,81.38646000000001
1677827039999,5123198.5468967,5725,105.85089,2366378.4991288,0,55.291503579096904,65.12912451512322,80.0366708582375,93.360184
1677827099999,2631234.6575965,3818,52.4441,1172828.8694772,0,52.48921823690392,37.403055631551325,79.62906117816091,92.37275000000002
1677827159999,2932291.6134462,3719,66.67315,1490567.9075377,0,51.69181481393772,22.528268083634845,79.42133992528736,92.90994200000003
1677827219999,7724432.5281958,6958,166.24633,3715202.1045855,0,54.913916619543734,39.98820514801813,80.59424825095783,88.710994
1677827279999,2401306.181708,3574,46.34014,1035670.6067954,0,49.860420214405615,34.38094069825668,80.10347899808428,87.51092200000002
1677827339999,3333448.5908582,3647,71.4564,1596775.8201005,0,52.407843607136634,47.616345208102075,79.96661005363988,80.63202400000003
1677827399999,3403966.1964996,4805,90.23314,2016998.8096863,0,51.58640475398046,28.18779705315116,80.09683085536402,88.18983200000001
1677827459999,4040568.7061954,4283,111.48398,2492703.7612193,0,53.27531061609277,50.71273245045402,80.51957481130265,97.151998
1677827519999,3196001.7700535,4021,70.77527,1582317.839431,0,51.15732528063856,46.56900401061253,80.378225006705,78.05778600000002
1677827579999,3002722.0183741,3927,75.11886,1679159.6737642,0,52.00394409147715,48.50852786974648,80.29423139750959,83.81353000000001
1677827639999,3091811.1479108,3532,80.96555,1810400.4133667,0,51.63455354152759,33.49431902470725,80.29059277394636,85.71536
1677827699999,1393359.9991203,2180,25.51852,570561.4239651,0,47.50290972679953,20.83500531640396,79.51987944157092,72.772436
1677827759999,3363377.3640648,4479,66.7029,1490735.594123,0,41.242509576534545,7.510726552263659,79.32242039463598,63.81622000000001
1677827819999,2660426.0274122,3498,62.6869,1401083.9374247,0,50.92823487665451,30.0013450396135,79.06720882950187,62.19854600000001
1677827879999,5312689.6510946,5647,150.32373,3362062.8940127,0,53.759694014435354,63.33467837294683,80.02053479501913,77.23952000000001
1677827939999,2691716.8839844,3412,59.78577,1337080.0550151,0,50.583994599199194,88.21110610584697,79.72195742337165,73.00356400000001
1677827999999,3622607.6241363,4287,66.7611,1492860.6545109,0,50.0070776764163,81.54985575329826,79.52533523467434,81.25208
1677828059999,2044737.6564598,3181,48.78568,1090534.8533237,0,39.11841128127506,48.216522419964924,79.08041804789275,77.66863600000002
1677828119999,2395601.8089633,3022,53.91829,1205140.8678486,0,50.89165533725167,50.14385742321721,78.71395100957855,75.91491400000001
1677828179999,1461907.5056335,2487,40.00679,894202.9124973,0,46.19938438689678,46.85196998742717,78.1583607796935,53.851526000000014
1677828239999,2172198.6012026,2823,35.82174,800668.3103704,0,43.18412432117955,58.36313609869271,77.55084905363982,49.05872000000001
1677828299999,2005984.1431949,3043,53.27826,1190690.9721979,0,42.63885188301164,41.52672131693143,77.18576567911877,46.36215200000001
1677828359999,2075178.8034613,2908,48.0238,1073318.1006507,0,46.839225206476954,38.44395434202442,76.7529123611111,46.20977600000001
1677828419999,5340557.2988803,5987,103.25605,2306487.7090109,0,53.424748771294325,60.2661215640922,77.0825072011494,56.07732800000001
1677828479999,2138259.2915124,3060,54.31085,1213269.9900378,0,47.0637524192507,63.97373138734641,76.74213417241377,58.93814000000001
1677828539999,1577649.6705503,2795,39.0777,873154.4235641,0,51.638862100656105,74.8224213307897,76.20145290421455,59.58933200000001
1677828599999,7433385.0102343,6004,209.48668,4682591.1340179,0,63.15006894623897,74.82242133078968,78.01932630842914,90.83101600000002
1677828659999,5641638.2993483,6587,151.84552,3395308.7731224,0,57.47314930326138,82.71734224796897,79.03649192145592,111.59536000000003
1677828719999,2762851.2712993,3855,51.50649,1151542.5406543,0,41.88997063204286,54.903212028157974,78.66098319157088,101.24544800000001
1677828779999,2272429.4043744,3390,58.47801,1307459.6704928,0,49.875608323201035,34.09041924476475,78.38222181130268,102.07888
1677828839999,5951858.039121,6838,151.90007,3398531.899773,0,56.95456058628521,36.1400455519203,79.39114913409958,124.643354
1677828899999,2406840.7690233,3587,57.01306,1275646.1958916,0,50.59703448591152,54.764965917601195,79.08604924329504,94.14863000000001
1677828959999,4751305.9489341,5336,116.30013,2602661.2278545,0,54.19698209422988,69.476080304987,79.59916247701149,87.039552
1677829019999,4217542.5436385,5106,85.55152,1913705.5495477,0,52.99631622955673,60.551348344632345,79.68156092337166,93.84855800000001
1677829079999,3159343.2522458,4779,78.12208,1747876.6315243,0,52.771043693491976,53.32504002424931,79.65830368486588,97.77737200000001
1677829139999,3298914.3770691,4685,67.49417,1510493.989272,0,50.939673889585116,29.266018330083764,79.48788468390806,80.89619200000001
1677829199999,3611143.8241418,4028,98.51012,2204552.3182096,0,53.22724418617109,37.98086403770659,79.74720762547895,89.195604
1677829259999,4186167.2099344,5537,112.50163,2518089.0271714,0,50.62390157697849,26.582251992408725,80.20067792528734,88.43590400000002
1677829319999,5939895.6851728,6442,135.77666,3040260.7536501,0,55.694692205383575,56.74295208258169,80.9685914214559,98.48093200000001
1677829379999,4673537.5412846,5390,93.46686,2092720.5140015,0,53.66328469120196,53.313012617780856,81.1464994358238,101.54988800000001
1677829439999,3829167.7111816,3924,108.53416,2430170.4986987,0,41.40117414696156,53.313012617780856,81.53525558524902,109.75788600000001
1677829499999,7359224.7200239,7472,189.13116,4235687.0160875,0,53.05635412041434,47.1602514519957,83.0392925431034,127.88209400000001
1677829559999,5620663.1841383,6251,133.34126,2986683.1463629,0,57.23663419046062,60.51390550088153,83.7677019559387,132.05002000000002
1677829619999,3138999.6206077,4572,76.14285,1704901.1290029,0,51.43465654831421,81.63418950019125,83.69792247892723,120.123258
1677829679999,2539357.3632994,3885,55.63084,1245752.8468628,0,41.13113359980374,54.45361733264307,83.35402245210729,112.55605400000002
1677829739999,3398153.9027299,4203,81.37679,1821985.6787773,0,52.5722066549184,44.79971573696062,83.3699452643678,107.12458000000001
1677829799999,2530636.6172065,4059,64.53386,1445298.3773397,0,43.996745925303564,29.61035020319723,83.15768449233717,82.20512000000001
1677829859999,4105493.1686032,5196,81.77784,1830849.3241211,0,49.548221474626715,54.13336430125033,83.18434067911876,71.892436
1677829919999,5797818.0454242,5896,114.79976,2569152.8741677,0,54.13745522737591,63.78726589693279,83.66359392145594,79.62381800000001
1677829979999,3790608.913814,4921,98.04877,2193733.4271094,0,53.39977053724178,88.76485140232869,83.90713638218391,88.107404
1677830039999,3515238.8906907,5596,76.88884,1720160.7213946,0,47.54027845675878,75.88971592203347,83.85697458620687,87.20981400000002
1677830099999,3461806.4820546,4905,77.29111,1728983.711853,0,45.86650858281402,42.55638258870014,83.81096586494253,89.76126400000001
1677830159999,3552490.9432928,4886,79.85714,1786357.0157855,0,43.09990646295061,11.647878617757923,83.7991317413793,89.37712400000001
1677830219999,2583869.552723,4180,60.68996,1357736.6079384,0,45.71056870308728,8.448856610489937,83.52145416858237,78.55516400000002
1677830279999,3509842.83426,4820,82.85558,1852978.9561548,0,46.700803249796,35.480351508264484,83.55372566379312,75.51652600000001
1677830339999,4292916.7980199,5022,88.1446,1971138.7341642,0,33.91196680109556,35.480351508264484,83.65399106800766,77.76767800000002
1677830399999,3178629.1856967,4271,74.77092,1672108.3718817,0,39.2111779284344,40.843570110390516,83.56867036015328,77.26364000000001
1677830459999,6013485.4871886,6724,132.88779,2971700.0083515,0,60.417329549397394,47.1454085459493,84.28782961398467,87.86977000000002
1677830519999,4713670.0487487,5578,122.20773,2733613.1563701,0,62.68003568250254,80.47874187928264,84.85507745019154,100.17332400000001
1677830579999,3866230.282261,5181,83.48512,1867334.4040624,0,50.38263273199586,85.75109669775277,84.88379286590038,100.299232
1677830639999,4713222.154897,5120,106.88262,2390436.0367722,0,57.50711042557754,78.40387751459458,85.23823363984673,104.04683600000001
1677830699999,4446059.1339282,6024,111.97593,2505635.6302428,0,55.59416597547179,59.1969231802818,85.65684992528735,111.48783800000001
1677830759999,2325954.9091188,4332,52.85194,1182734.4143796,0,39.53616149451643,40.11249314919571,85.2532975038314,95.48066800000001
1677830819999,2968747.6505378,4546,55.28776,1237029.5808497,0,42.410021743815605,19.456945682549037,84.88738931034482,82.09667400000002
1677830879999,4458526.2749557,5551,92.50081,2068605.30623,0,52.62168375763035,29.60218846100888,85.03318881226056,83.89981200000003
1677830939999,2890411.1639703,4219,70.67234,1581032.6813499,0,48.96313822829931,49.17078169221886,84.87504534099617,76.65775600000002
1677830999999,2526953.8910249,4309,62.48072,1397784.1460271,0,47.32504861471165,63.68119387470248,84.60364417049809,66.75871400000001
1677831059999,3165213.0086282,4672,66.88104,1496335.0085404,0,50.99845841689731,67.44430552736931,84.39202143486588,69.56453400000001
1677831119999,3245251.6434733,4928,72.75325,1627285.2599333,0,48.280387322698196,53.88794888416106,84.25950065325671,73.05763200000001
1677831179999,1917759.5750309,3494,44.97909,1006290.5306097,0,43.1748451973883,34.046970018148976,83.74453780172412,63.55328800000001
1677831239999,2279870.6175615,4016,43.58041,974724.040937,0,44.87417479918648,13.252410465551145,83.21440679885055,58.13490200000001
1677831299999,2609815.4636389,4392,64.04907,1432659.2975363,0,37.08953465421629,7.24017387754941,82.96775843869733,58.44857200000001
1677831359999,2596304.4793895,4279,58.75741,1314475.4981201,0,37.85463427684006,9.519117360198743,82.65138309961682,56.82384600000002
1677831419999,3027093.5795697,4985,77.26775,1728466.7860526,0,48.71008808762864,35.61227681598269,82.59285031130266,57.72674600000001
1677831479999,5293502.3918516,5670,128.05069,2865330.2150735,0,53.943598162983875,68.94561014931601,83.23297504310345,74.34106600000001
1677831539999,2589435.3580064,3569,40.60911,908615.0425359,0,39.826061667904554,72.0788669396448,82.6588400756705,73.74680600000002
1677831599999,2687895.6415601,3952,58.35342,1305724.499731,0,50.88918895522288,65.75070056552643,82.33006938505746,72.60767600000001
1677831659999,3263599.81271,4355,71.73669,1605370.6887072,0,52.56772787694536,62.502092503919094,82.18743010823755,75.20353200000002
1677831719999,3621822.1513305,4560,90.42918,2023989.8054749,0,49.65676566934978,80.30145846246619,82.29974414942528,77.83581800000002
1677831779999,2502135.5835258,3676,48.57278,1087091.6924849,0,46.56635073564215,70.92948786641614,81.83031620019159,61.94023600000001
1677831839999,5323513.3239033,6080,111.98339,2505996.2332748,0,56.56485971598422,74.17809592802347,82.23597370402298,76.21509200000001
1677831899999,3415886.7401811,4913,78.73783,1761931.953601,0,51.46065318433332,67.2833040552678,82.17788970498084,80.29197400000001
1677831959999,2423917.2746222,3901,57.0375,1276400.1841324,0,48.13662400934843,54.88513249027884,81.82658991475095,77.35213600000002
1677832019999,1728357.3943356,3257,43.79579,980143.7099393,0,49.85469162229479,32.51457001647332,81.29203376915709,68.02545800000001
1677832079999,1848113.8643991,3677,41.10134,919751.4609144,0,49.69653774646799,22.367191766276463,80.722931454023,66.53117
1677832139999,1296843.7333313,2889,28.96219,648097.7849563,0,45.61561753689008,17.13216696810049,79.98874936590036,49.92693000000001
1677832199999,1445459.4763552,2721,31.90646,713985.8820178,0,46.62496231341259,14.106229767584223,79.31247534195398,40.56065600000001
1677832259999,4175911.110291,4759,104.73903,2344150.835613,0,53.038121460980136,41.270166992344905,79.6471854779693,50.10096200000002
1677832319999,6176831.3730907,5676,170.60445,3819443.3855993,0,54.5542035255218,74.60350032567824,80.8880009224138,75.46269400000001
1677832379999,3416816.8710449,4344,83.74674,1875458.8481,0,54.62246756245738,100.0,80.91776999904212,83.991774
1677832439999,6352994.9690879,6475,125.46582,2808602.8832597,0,56.840065520408764,100.0,81.52048556034484,103.29250000000002
1677832499999,4281132.6291287,4846,73.70057,1649222.3942489,0,50.18563421020295,66.66666666666669,81.4035100440613,111.65132200000001
1677832559999,3043553.3335745,4487,83.19278,1861582.9185799,0,49.30387733896214,33.33333333333335,81.41542061494252,107.342072
1677832619999,3150266.299685,4426,79.7723,1785602.8755992,0,53.24097789286659,17.414199588757704,81.37714091379313,89.17564200000001
1677832679999,2137507.2124269,3420,41.76727,934818.9233276,0,42.29956745787153,17.414199588757704,80.81638740134099,80.77974800000001
1677832739999,2317160.0731952,3179,39.53625,884851.1506146,0,45.38705822625229,26.820332331649535,80.23209582471269,63.593834000000015
1677832799999,3250425.1588246,4330,67.18849,1503447.4214735,0,51.17799007795074,36.454512147684795,80.03036556417626,62.29141800000001
1677832859999,2543046.6119771,3786,64.46487,1442777.0262778,0,52.45859983227964,67.40430737675146,79.78921590804596,58.54583600000001
1677832919999,2799256.9421574,4109,62.86807,1407252.2309538,0,52.59594482794482,91.33150796719296,79.52843645498086,55.16499000000001
1677832979999,2966035.6608422,4120,68.15989,1525712.0805414,0,54.75241703684349,97.61646189573337,79.33916360153256,60.443514000000015
1677833039999,3734728.4884018,4437,72.85516,1630641.9447707,0,54.9437216387976,100.0,79.21620901436782,67.10729600000002
1677833099999,3366979.5183756,4316,83.71965,1874277.5492232,0,47.01582234379627,66.66666666666669,79.24228677203065,70.41352800000001
1677833159999,2503390.6808435,3398,66.92643,1498292.3941397,0,32.89752531966799,33.33333333333335,79.03502431034485,70.90584000000001
1677833219999,1756694.3681281,3230,35.29689,790228.0374245,0,40.227159045097906,11.082234805692934,78.4064200555556,65.39160400000002
1677833279999,2667205.021956,3491,53.41962,1195925.2094595,0,33.93860240948386,12.6563190222259,78.03193556321837,62.44355
1677833339999,2582032.5933102,3771,51.13949,1144735.4952439,0,43.5465501439943,37.798692322459495,77.63019397605362,58.10041600000001
1677833399999,10884025.5445832,6821,248.90027,5574130.5938509,0,72.82050040492508,60.04979085009992,79.96410954310348,91.13654000000001
1677833459999,6023676.3741967,5823,132.22902,2961402.745986,0,55.50648165802868,76.96578415933793,80.67315225478927,104.19705800000001
1677833519999,12236351.5906147,10007,252.09435,5650839.4877109,0,68.84049439118229,81.74469709688911,83.03244803065137,147.55655000000002
1677833579999,8795812.5264319,8843,204.44851,4585656.0742071,0,63.660881057843845,71.31492447716205,84.722197158046,177.762328
1677833639999,4565645.5765846,5467,98.791,2216310.3267595,0,52.3182649229789,52.824846951391066,84.94454256417627,187.29263
1677833699999,9618558.8335518,8981,198.47243,4453106.0067317,0,58.6061590882836,35.58928648567514,86.53782118390806,177.207062
1677833759999,7148903.6016152,7451,160.26197,3594763.2866946,0,55.97384127822204,20.060792521339817,87.59453843582378,182.813652
1677833819999,4663035.6057817,5969,98.90255,2218538.208307,0,51.7643101639117,20.060792521339817,87.79604611206895,152.175292
1677833879999,4451949.5718973,5407,97.15392,2179004.1056317,0,51.39922944705759,7.375066749270958,87.9713571178161,130.716374
1677833939999,1855096.2621088,3572,46.51021,1043097.220363,0,47.95117992998734,0.0,87.44245979980843,120.26021600000001
1677833999999,4279259.9020089,5301,89.85551,2015814.1630251,0,51.22664983961539,13.60924082193243,87.51258028065135,98.536832
1677834059999,2770783.0129515,4267,68.29694,1531996.3258708,0,51.78465259285996,46.94257415526576,87.28691661877396,80.14382600000002
1677834119999,3564292.407679,5024,74.87333,1679891.3067687,0,51.174895858975546,74.97386773241021,87.15734703927201,75.33798200000001
1677834179999,2377995.1268648,3611,51.22282,1149283.5937346,0,50.00445912981438,79.21857971340373,86.70004140804596,66.151762
1677834239999,4572183.5126229,5717,145.27072,3260871.6132802,0,43.762233085709624,45.88524638007039,87.5396993132184,85.90386400000001
1677834299999,13581188.9688124,12665,315.26316,7082401.0347811,0,60.35280366790583,51.187286136259274,90.72286864080456,130.985394
1677834359999,11842130.5289786,9248,221.02466,4961401.1869258,0,48.19016422556588,42.22981485761957,92.59514735153255,161.53093800000002
1677834419999,4496803.3760857,4771,93.5716,2098840.0444596,0,44.090749053925904,42.88986040696477,92.69944802586205,165.27059200000002
1677834479999,4489582.7742072,4829,77.80774,1744688.684391,0,48.76317354454214,19.604283687457933,92.58348019923375,170.587576
1677834539999,8047796.6720199,6668,193.01953,4326646.5407422,0,49.68436579120453,22.173382353901896,94.05495501532569,180.13733800000003
1677834599999,3388756.1015758,4202,89.15624,1998399.7198318,0,46.174862973491614,33.93293350708695,94.09196135249039,134.915954
1677834659999,3320242.5269081,4592,64.81648,1453242.8453779,0,48.09027440256599,47.719042866387014,93.79024907950188,103.67431800000001
1677834719999,3334278.16472,4723,65.73555,1473882.8776842,0,48.23809871230411,55.850120150889275,93.50033892049808,98.10710800000001
1677834779999,7473289.516186,7173,122.70408,2749444.3419159,0,54.24275597211214,76.76385678169235,93.99759422222223,107.08637600000002
1677834839999,4499310.4707347,5073,111.03099,2488078.9145889,0,51.222240389789285,73.78375199570054,94.32681409865899,90.688668
1677834899999,3190796.3471571,3915,84.68138,1897693.7905001,0,50.94050177269262,69.62925032870231,94.2864550373563,89.79369600000001
1677834959999,2774863.0160388,3990,66.66515,1494026.6336079,0,49.53494079531811,43.49500722873592,93.99171365421456,90.16343000000002
1677835019999,2573919.5809119,3655,60.94325,1366060.4532115,0,50.56216115167984,29.914402964619654,93.61618217049806,89.20497000000002
1677835079999,2519124.7815012,3688,48.13053,1078957.7879555,0,43.799487274643816,14.472247156385444,93.06819628160923,74.29026000000002
1677835139999,3526910.3989813,4543,66.29253,1485036.3781501,0,30.28715533230981,7.273156923018495,92.77073112068962,65.34256800000001
1677835199999,2807309.481516,4047,67.58254,1513845.6846111,0,35.75400915489092,8.987837654705348,92.48834777873563,61.92280000000001
1677835259999,2414386.5834834,3705,58.62324,1313377.5851661,0,45.83998768150051,34.55763278037361,92.08248102298853,60.31441800000001
1677835319999,2559351.1127131,3574,46.75281,1047269.1207402,0,46.26885099551077,67.89096611370694,91.51354602681995,57.476330000000004
1677835379999,5021565.711045,6215,93.60954,2095807.2353861,0,35.708851803811626,70.21126618889569,91.59159211877397,66.57213200000001
1677835439999,5626378.7393264,6005,117.69754,2634491.7571071,0,55.324325447646444,77.97480439656074,91.99732448754791,76.85313400000001
1677835499999,4536153.7092772,5695,114.6868,2568138.923422,0,60.107549965066674,77.97480439656074,92.35575198754789,86.27398600000001
1677835559999,4715733.0863034,5051,103.63351,2319956.8592864,0,57.37795025849137,96.27083968642518,92.55686403065133,95.27604000000001
1677835619999,2710012.0399815,3713,57.77125,1293091.4037765,0,36.78757069196213,64.41124466626067,92.13340156417625,97.47972800000001
1677835679999,5287621.5322627,3916,95.70135,2141853.1393588,0,47.181878653440975,45.93542591266347,92.23259270402299,97.89809000000001
1677835739999,4655076.4194073,6102,113.14643,2532021.6460698,0,55.40998573089074,42.949937270562565,92.5733778151341,96.98786800000002
1677835799999,4021091.6342412,4618,89.46298,2003417.062598,0,54.24151971595785,69.73203071221974,92.58168025095785,91.94310400000002
1677835859999,3886693.9497375,4951,80.85489,1811071.7497418,0,53.665184024574415,85.08472839072374,92.4690674770115,87.38738000000001
1677835919999,3536886.4594027,4393,78.73946,1763095.7153531,0,55.86524240853783,91.79937734639947,92.33545561494256,91.581022
1677835979999,2400319.4078818,3712,52.24828,1169688.2361799,0,47.39210490340544,63.54354559157347,91.83334478352491,82.89040800000001
1677836039999,1607172.5877086,2689,45.9544,1028579.9287467,0,46.057115092845706,33.33333333333334,91.24626167241381,69.45200200000001
1677836099999,1504255.272879,2793,31.23637,699229.9002801,0,45.10995362620614,0.0,90.46041250957853,57.806680000000014
1677836159999,1287277.62928,2894,28.15242,630241.6759823,0,46.571232930397755,4.528870505061477,89.63971265804598,47.26618600000002
1677836219999,1781069.1622003,2785,41.98253,939910.1727017,0,39.16371437918383,4.528870505061477,89.01385559291187,39.914800000000014
1677836279999,1850039.7773028,3170,34.78714,778978.070489,0,31.269195536726812,4.528870505061477,88.29192574712644,36.42257200000002
1677836339999,3107057.6005648,4554,56.10811,1255834.1898204,0,37.77732458138489,14.177042523217422,87.86850146551726,38.45331400000001
1677836399999,2576918.188956,3867,71.74307,1605784.4397577,0,43.4707702558522,40.75645458715619,87.65780176724135,46.55465400000001
1677836459999,1021496.7271966,2451,20.92263,468405.0464915,0,42.60575846970351,71.72667275964386,86.7456477078544,45.108696000000016
1677836519999,2480151.8067876,3478,57.3299,1283286.5238867,0,42.25283176867447,87.55569225379138,86.33966329885058,48.17817000000001
1677836579999,3923332.1461592,4570,58.2273,1302785.8833803,0,38.11791447488984,62.970326870771736,85.95496427586208,52.86620200000001
1677836639999,9134609.3900919,9269,190.73699,4264861.8200992,0,64.8964443196725,65.3334420316174,87.39813439367818,79.791978
1677836699999,3101041.430455,4227,75.7742,1695504.9867102,0,49.43077518182527,49.40938373453207,87.24373577107275,80.59820400000001
1677836759999,1761200.6020142,2870,35.4233,792514.8962961,0,45.52996452384247,56.64169624499419,86.5301879032567,83.498338
1677836819999,1771463.9297426,2738,44.03739,985191.2983291,0,49.1202112669884,37.003783404460584,85.93722662068964,80.839836
1677836879999,3763065.065698,4600,77.57377,1736133.1171665,0,53.20110333154836,36.12524410411071,85.80645002394635,84.70913
1677836939999,4184631.4959684,5691,80.38529,1797835.9768759,0,55.09869104232731,60.23221824606278,85.71045377681993,62.63879000000001
1677836999999,4157705.3060902,5471,89.94805,2011166.0726517,0,56.32562587639914,79.8701310865964,85.74376120881224,65.47356
1677837059999,2745840.094495,3707,69.13751,1546204.4374896,0,52.740518384749095,83.41475271958369,85.48601097701149,72.21640200000002
1677837119999,1367541.8714453,2398,26.39928,590486.6365167,0,49.21014986046313,50.08141938625036,84.64203597701152,68.68878000000001
1677837179999,1967832.609045,3255,51.45677,1151232.1077062,0,49.56506319279266,18.41072174791317,84.14635505076623,63.46538000000002
1677837239999,3331343.0714393,3477,62.76047,1404038.0599589,0,49.153197160091054,1.662635694996145,83.80540149329504,59.94041600000001
1677837299999,1359378.3124199,2594,34.46447,771026.8399303,0,51.33322894735536,21.919457343040918,83.08821251532561,48.843700000000005
1677837359999,1020100.9436192,2414,27.10175,606288.649221,0,46.84343641346819,20.25682164804478,82.28071217432951,40.43654800000001
1677837419999,2908592.1271024,4229,58.91843,1318446.2585354,0,50.0677932697732,44.19524665669008,81.91440021072798,46.94037800000001
1677837479999,3174004.8484277,4187,58.89486,1317065.2707745,0,32.5257721478615,23.938425008645314,81.54772095785444,48.42799600000001
1677837539999,3095528.2244214,4550,69.78365,1560445.992154,0,48.90352599157086,52.965482411660965,81.34014045689655,49.832632000000004
1677837599999,2168140.3694283,3237,55.12218,1232857.8145736,0,53.97982996391606,62.360390736349,80.92910954693492,53.964174000000014
1677837659999,3978935.4065394,5246,90.94545,2034646.5212136,0,58.53826626600624,95.69372406968233,81.01805266283525,66.73291400000001
1677837719999,2346618.9631566,3663,53.88562,1205416.6969624,0,45.742857803185494,83.60350939474705,80.59530904980849,65.726352
1677837779999,2385919.0271611,3398,57.33651,1282669.0895223,0,45.86726034955541,50.59425727833718,80.22248541954028,65.414682
1677837839999,1931807.488662,2758,34.22965,765852.4632801,0,40.47223112554978,17.26092394500385,79.53191943486593,58.303882
1677837899999,2381172.3965827,3534,56.97511,1274694.5601893,0,47.93391855320211,14.091513435523348,79.16124106609197,58.67446800000001
1677837959999,3107607.7196549,4441,72.71273,1626314.4274545,0,58.662083641701884,47.100765551933215,79.01295195019158,55.027924000000006
1677838019999,1914383.631662,2974,34.45203,770396.3329201,0,46.96925787762609,59.006720160978965,78.34296964750955,51.14120600000001
1677838079999,2138587.9800516,3354,54.96539,1228838.3487934,0,48.654848181114566,60.234126499204194,77.96158300287357,50.666982000000004
1677838139999,1844853.5319264,3174,43.26755,967541.0376957,0,51.61140587487288,40.13440065280526,77.42397794923369,52.47456200000001
1677838199999,2832140.8801095,3510,50.76246,1135278.4560373,0,54.3290035448828,49.20924747919545,77.00372257471265,51.232032000000004
1677838259999,1409920.5471772,2524,42.93736,960337.5795377,0,46.794678656359906,34.21440892237035,76.48344463314176,45.276958000000015
1677838319999,1622506.8574748,3007,39.83955,891034.0412611,0,46.224636478330055,20.980801435435946,75.92361888026818,46.35446200000001
1677838379999,2189459.0810499,3827,37.34756,835257.2114707,0,43.35236417728604,0.0,75.33093342720308,42.83089600000001
1677838439999,1603445.1091684,2535,33.48982,748915.8575748,0,45.36111545475109,6.100079785181262,74.68925512643678,40.87535000000001
1677838499999,1182329.0062382,2473,34.83944,779101.4322529,0,35.88099898268523,6.100079785181262,74.0691658409962,37.69074600000001
1677838559999,2486679.0135572,3543,60.8728,1361323.5725292,0,51.86162704410018,39.4334131185146,73.81265339846743,41.277834000000006
1677838619999,2724592.1469546,3816,79.30999,1774241.8707133,0,55.42154643711047,66.66666666666667,73.81561244252873,49.171922000000016
1677838679999,3839442.5142741,5027,109.51127,2451249.7034667,0,67.9460740661067,100.0,74.23693576819925,63.604664000000014
1677838739999,4687613.417053,4858,104.84449,2347007.2332645,0,62.48775339093724,94.32578835283256,74.590764960728,77.87559800000001
1677838799999,1754913.4673744,2885,36.54288,817858.25383,0,42.59510396971634,60.99245501949923,73.99986376819926,78.21628600000001
1677838859999,4519895.9549123,5156,119.60132,2677546.6488342,0,64.73033335325074,56.76416092709835,74.55874510632187,89.96199
1677838919999,1575731.584604,2845,33.83812,757429.5117743,0,47.01825439521355,34.920925061316396,73.92904290421457,80.86761600000001
1677838979999,1194653.1335782,2475,26.31199,588906.288298,0,47.57850469841691,42.425403770126074,73.20022717145595,64.22776000000002
1677839039999,2854630.4335892,4006,67.80216,1517903.4368254,0,52.21813087317115,27.811633532581535,73.04961230938699,56.81929400000001
1677839099999,1840892.6095805,3242,36.56253,818382.8840204,0,49.21784096509834,26.135270379367217,72.46877350478927,56.82322400000002
1677839159999,2652053.4635137,3834,51.53387,1153489.8172589,0,51.39421092348555,46.68246140298155,72.10366249904214,43.20973400000001
1677839219999,4019970.3862836,5021,74.50568,1666606.3182243,0,54.22377788988204,65.52452573292696,72.06217357183901,51.34324600000002
1677839279999,1241366.7027629,2487,31.07966,695311.5540626,0,49.748646630175784,64.9195106784382,71.42256515804598,52.29678000000001
1677839339999,2771143.8141133,3954,60.63703,1356522.677565,0,52.540911862445114,58.99537302960021,71.1979054262452,50.863754000000014
1677839399999,1070323.5753578,2342,27.14932,607348.1104846,0,46.72650296832444,25.662039696266874,70.51626376532568,48.98111200000001
1677839459999,2336374.0801672,3769,48.7194,1089882.554527,0,47.04855977801584,23.559415948328056,70.13460238601533,48.41821800000001
1677839519999,2516782.7495504,3619,58.59821,1311096.9301585,0,44.88731376871803,1.4318838647420478,69.88982960823752,45.23672400000001
1677839579999,2066511.9226207,2566,41.09905,919576.2149055,0,43.759519982594725,1.4318838647420478,69.40693648180076,47.24060200000001
1677839639999,1332174.2010135,2635,24.76955,554173.0736223,0,48.71685744843864,33.33333333333334,68.7016415632184,40.06710600000001
1677839699999,1573385.8827787,2777,37.91768,848327.8853273,0,39.49701210510563,33.33333333333334,68.1813123429119,42.22077800000001
1677839759999,1769985.5218382,2946,49.18458,1100647.533733,0,52.44088390113385,66.66666666666667,67.81916290804595,42.313814000000015
1677839819999,2332408.7559758,3382,52.47551,1174443.896983,0,54.21818686478558,66.66666666666667,67.5046631465517,41.08927400000001
1677839879999,1862390.7925857,3027,35.20763,787777.0761403,0,44.29976754188548,77.54160365411006,66.9512676819923,39.91099000000001
1677839939999,1896757.7702816,3247,48.30878,1081072.1787927,0,52.19337319613088,72.9567936741337,66.57937972509579,44.61883600000001
1677839999999,1924492.6475666,3179,37.32935,835473.8751374,0,47.30745399258642,49.7315442763009,66.05755904501916,44.501170000000016
1677840059999,2007887.2528317,3228,51.85426,1160470.0804285,0,45.56425034185444,43.1062185720098,65.73813444731802,45.03510600000001
1677840119999,1757148.2756309,3565,35.16972,787139.3846627,0,50.89464163456723,42.206709477997656,65.19101250574711,41.57394800000001
1677840179999,2052188.8768226,3634,49.68541,1112066.2561455,0,47.43575610965418,41.50915042861853,64.85300362260534,44.469504000000015
1677840239999,1666900.2102691,3473,42.45926,950390.1873081,0,54.08737545469896,70.59287247879958,64.4144543275862,43.29960000000001
1677840299999,2508792.3894317,3972,59.5627,1333031.5423628,0,52.96562205339975,71.6900941503392,64.21333697892723,47.74627000000002
1677840359999,1404434.8766556,3074,27.80768,622360.562101,0,42.47884500888478,62.2795692642178,63.5753854454023,42.93695400000001
1677840419999,1908585.7593149,3115,40.61771,909102.5575953,0,49.879667226156336,50.197338735030115,63.12012220881227,44.02655200000001
1677840479999,4523597.5113064,5470,76.35799,1708280.033599,0,61.75593333676065,54.584436137478995,63.15859033141763,49.36106800000001
1677840539999,2161768.4711112,3945,47.94147,1072293.1493715,0,52.13560325046308,71.28259801291468,62.80851884865901,50.45751000000001
1677840599999,4577990.4268085,5940,90.39883,2021126.2303435,0,57.7507303948087,76.43915789822859,63.047015967432905,56.624736000000006
1677840659999,7170592.2932815,8237,137.09347,3063763.3521273,0,63.67996149989021,76.43915789822859,63.9263815565134,78.48189400000001
1677840719999,2684671.4609117,4218,68.98374,1542156.0738076,0,54.68957765586805,67.1153756410268,63.85736603448278,84.15510000000002
1677840779999,1364374.2258764,2852,28.51219,637517.3200598,0,47.4455306880869,40.70771295156723,63.22745150862068,74.58594000000002
1677840839999,1379734.4108932,3305,33.69323,753338.2424708,0,49.52368264477881,11.641343621638692,62.66904270689658,71.73629200000002
1677840899999,1657137.2462901,3164,35.61292,796144.9613811,0,47.7997873014201,4.994341138745331,62.13694124137931,60.77911000000002
1677840959999,2204416.5502171,3651,60.62358,1355466.8917189,0,53.372160064947636,32.26560448652224,61.956435671455914,45.48513200000001
1677841019999,1936626.816028,3144,47.2044,1055731.6047903,0,49.670354877156335,40.511791143737405,61.60137252969348,41.12926400000001
1677841079999,2115204.4148023,3071,36.89335,825142.9720217,0,49.26648560718961,48.55804520651882,61.107588232758644,42.80549600000002
1677841139999,3080342.9968143,4032,62.37488,1394902.2569486,0,50.36260153611492,36.61726041459775,60.9737572681992,48.54182600000001
1677841199999,2661491.0163257,4403,51.02797,1140712.8486321,0,53.16033961058951,55.71770571295702,60.68450203639844,51.624836
1677841259999,2326025.1360447,3711,60.61614,1355179.407051,0,52.74591827708882,76.72975443384898,60.53057834578547,51.62334800000001
1677841319999,1502931.0560854,3198,37.68569,842518.3404488,0,44.49643261392832,61.39927587799314,60.06220746743294,49.71960600000001
1677841379999,1706786.1980992,3467,45.07678,1007981.8923823,0,49.566367420239686,49.2916403295045,59.696173613984676,51.35629200000001
1677841439999,1927610.2484544,3457,37.73434,843886.3563107,0,41.07980629823096,19.50596041049059,59.22833402394636,46.42818400000001
1677841499999,2116628.3118373,3522,42.29932,945686.1038924,0,31.271046922597677,19.50596041049059,58.82628095402298,44.68245400000002
1677841559999,2128071.5122854,3330,49.85713,1114532.6572448,0,45.03247642864991,25.072767483222236,58.53059667624521,42.53065200000001
1677841619999,3665366.6026311,4639,78.22471,1749113.715752,0,63.77745387821628,58.40610081655557,58.62743562260537,50.638456000000005
1677841679999,1377372.0136069,2530,26.98239,603227.6699685,0,48.51840737822901,76.09221469474105,58.01651988505748,47.01957800000001
1677841739999,5218698.3013426,6107,117.8948,2634047.0331964,0,63.04129901810837,83.59789873430837,58.66396236685823,63.051670000000016
1677841799999,9414930.1663624,9941,179.93775,4017698.3558827,0,66.92404999766384,83.59789873430837,60.16389619444442,90.579356
1677841859999,8732739.0085408,8226,191.67364,4278377.3889307,0,70.59048232692517,99.24511818945622,61.814879527777805,118.94265800000001
1677841919999,5434193.3694246,6732,124.76834,2786030.580484,0,60.78459373452036,85.19110895373846,62.52805252107279,128.251384
1677841979999,3602869.1345597,4684,94.44999,2109944.7516705,0,53.890281461353304,51.85777562040513,62.8162072078544,141.74490400000002
1677842039999,2024840.8622888,3729,45.99193,1027429.3428866,0,49.439640304452276,18.524442287071796,62.431826344827606,127.36433000000002
1677842099999,2568198.9913821,4327,60.80998,1358752.2861368,0,50.021320419418316,0.9167170340043014,62.27126804310343,103.53877600000001
1677842159999,2861678.6269209,4303,68.54116,1531317.2219232,0,53.51118387487736,12.879579627557943,62.224187611111105,78.91228000000002
1677842219999,2806948.1487011,4275,56.63608,1265376.3181301,0,51.302009180396404,26.82789860969228,62.030480902298855,65.28582800000001
1677842279999,1492605.0687733,2993,32.64649,729242.5320845,0,49.447632724860995,25.97661474839407,61.520041575670525,52.92512800000001
1677842339999,2214066.5212149,4117,51.66152,1153857.9163569,0,50.98549556673312,26.62884984565316,61.27821420593869,54.05904600000001
1677842399999,1190194.061698,2716,28.46488,635801.4372402,0,47.819957764009644,12.680530863518825,60.7304955287356,47.59002600000001
1677842459999,2935620.9703875,4331,55.70758,1244029.6238951,0,47.70005038675641,12.61509769081274,60.57116247318004,45.023310000000016
1677842519999,2934686.8150431,4558,63.17468,1410794.9511542,0,54.05981352332881,33.33333333333334,60.518961349616845,46.33103000000001
1677842579999,3960810.5846457,5670,90.08357,2011871.7601617,0,46.357257804180875,33.33333333333334,60.84117204597704,57.818446000000016
1677842639999,3252533.9653408,4155,65.61409,1466368.3328413,0,33.390978777569856,33.33333333333334,60.82169897988508,60.60896000000001
1677842699999,2041877.7377404,3580,44.36985,991669.3942961,0,29.174948523295853,0.0,60.51152388888888,63.78995400000001
1677842759999,3285045.9059041,4670,70.27388,1569959.6251614,0,41.28558298276494,16.222222435809954,60.5609376302682,66.70321400000002
1677842819999,4747364.8877931,5706,106.36541,2376202.8146118,0,51.87089563675099,49.55555576914329,61.10860613888891,75.34136000000001
1677842879999,2044445.7533572,3355,50.95926,1138565.2819256,0,50.763289396169874,81.26215778191046,60.88677003160919,67.516498
1677842939999,1409101.0035666,2903,30.96762,691840.1740191,0,45.4861350601313,88.99602826333255,60.39822083045977,60.58720400000001
1677842999999,1834292.031052,3455,45.7117,1021401.3799448,0,46.61862101763223,72.45652429588338,60.140269623563206,60.85557400000001
1677843059999,3077862.3962994,4232,56.91977,1271757.7785491,0,50.0421056012457,64.5355729557396,60.05370491475093,58.18475200000002
1677843119999,1824703.4571127,3435,41.87811,935390.10651,0,51.407554217768336,73.91281337184091,59.76317974521074,45.287292000000015
1677843179999,2113038.553742,3485,51.36974,1147805.2126238,0,49.95418140457849,82.27087313647941,59.60701514559388,45.369388000000015
1677843239999,1350930.7464302,2479,25.527,570374.8419876,0,49.54246317612549,78.83660370265439,59.10796694731802,44.28126400000001
1677843299999,2026471.6141343,3607,50.86468,1136566.596613,0,49.241278961558145,45.50327036932106,58.96449874521074,45.31186000000001
1677843359999,2730107.2615148,4403,57.51641,1285331.5498667,0,49.111267097043346,20.35138123879838,58.914114922413816,45.431188000000006
1677843419999,2089249.3699485,3690,52.47088,1172638.4949855,0,43.656581459336614,0.0,58.794924856321835,47.54974200000001
1677843479999,4833979.0789699,5651,105.51288,2359150.4943488,0,56.137468826788954,33.33333333333334,59.41407590134098,58.378370000000004
1677843539999,2873003.7233817,4746,62.79282,1404409.8423024,0,52.6582950701078,57.37466240914316,59.444513294061295,65.831534
1677843599999,2086213.9491745,4154,43.01358,961904.0678299,0,45.99576948741772,63.622049471757634,59.2042301886973,64.261314
1677843659999,3729479.4816407,4992,69.09842,1544873.3993255,0,44.36010128120943,32.167641894156105,59.32600345593869,66.57771600000001
1677843719999,4042007.8645561,5726,76.05185,1699070.5281598,0,54.45007708000655,36.68384278630662,59.542904955938695,71.29391000000001
1677843779999,2803520.8990725,4395,71.79996,1604304.3447364,0,57.66964150810284,63.769789057025484,59.69848524137931,64.55132600000002
1677843839999,3500293.3578413,5149,72.38639,1617852.6223442,0,55.29182171834899,89.26902024932208,59.86162668486588,66.47004000000001
1677843899999,3122077.4205205,5013,77.65666,1735429.2452347,0,54.21311729139392,85.38806523490615,60.097001368773945,73.39865600000002
1677843959999,2174404.6298719,3732,47.68597,1065782.5582604,0,51.11249682792846,52.054731901572815,59.91716410057471,69.11616600000002
1677844019999,1996887.4463176,3287,46.02577,1028558.0717645,0,48.94470003621296,24.676574953544417,59.714338138888905,63.11095
1677844079999,2793240.4933391,4241,67.03153,1498308.1142955,0,58.35572793095501,33.33333333333334,59.805804630268234,62.15726400000001
1677844139999,2330136.4583872,3588,62.72774,1402513.1394284,0,52.60926319601299,46.3130106536943,59.84276156704982,60.22553400000002
1677844199999,3195928.3464109,4422,68.23995,1525921.0001402,0,52.3705100847381,58.44703783556796,59.96072590804597,58.34219200000001
1677844259999,2067032.0640735,3733,36.5091,816306.2062534,0,46.84389701874857,25.113704502234636,59.64441354022987,56.10681800000001
1677844319999,1565290.3638761,2914,34.23061,765327.1922955,0,32.365315302722834,12.134027181873682,59.298710328544054,53.747786000000005
1677844379999,2160381.1108795,3641,48.56988,1086056.3665868,0,45.90653423847575,22.296736135875207,59.1566781532567,50.05545600000001
1677844439999,2220407.3239159,3570,51.73765,1156749.4410894,0,52.77631689576404,55.630069469208536,59.064524850574706,47.85743800000001
1677844499999,1757934.3749835,3090,34.0698,761672.3436655,0,38.22162773228316,65.19404963102635,58.73229060249044,41.023408
1677844559999,1359679.0986171,2499,23.09657,516331.4936022,0,32.662476828312464,43.38260982620909,58.25318278831417,38.340902000000014
1677844619999,4106519.405604,4685,77.21725,1725746.2581628,0,51.33702480839268,40.997366493683316,58.52589689080462,46.93823000000002
1677844679999,1837050.9161165,2954,36.20836,809404.3691175,0,42.55626570023162,47.82970654179797,58.230579467432975,44.46592600000001
1677844739999,2701388.1897447,4543,57.8231,1292141.2865206,0,46.176359747406664,71.46615947344274,58.23432991762452,45.68301600000001
1677844799999,2172844.3633969,3341,46.47738,1038713.2348514,0,49.74897338069772,71.01679349460545,58.07904105651343,48.164532000000015
1677844859999,2819293.2408069,4120,70.82434,1582882.7121372,0,54.70710781238559,87.95380661800634,58.257817068965515,57.71008600000001
1677844919999,4280604.7478499,4501,140.92959,3150732.7542272,0,61.82309560767668,97.16539068863693,59.400799421455915,70.452554
1677844979999,2419024.1362693,3755,42.91873,959650.807111,0,47.561804573387164,69.61817646473348,59.18174094157088,71.79462800000002
1677845039999,2991558.7597258,3718,41.2951,923018.3139742,0,46.65143422188406,36.284843131400145,58.941550915708795,68.489028
1677845099999,1672627.5048994,2793,35.27002,788293.9330544,0,49.83550365105215,9.947160764698994,58.62117281034484,66.247556
1677845159999,2186893.249342,3388,53.10911,1187154.5097514,0,52.40681138905929,19.640667269998975,58.545476847701146,62.704510000000006
1677845219999,2941962.8094262,3876,65.098,1455421.9413033,0,52.119866824899674,51.31210798926144,58.63554917528737,47.53819200000001
1677845279999,1836124.2968827,3438,40.15453,897915.2397313,0,48.59296447252057,55.561189234155314,58.38091552777776,46.985352000000006
1677845339999,1923743.6664848,3431,46.03557,1029364.2689006,0,51.49636644580227,68.29214315035102,58.22182328065134,47.93344600000001
1677845399999,3514519.488627,4016,98.87913,2211551.3010243,0,58.57855186348424,69.95403576442189,58.79445625095788,60.655268000000014
1677845459999,1783930.0587597,2792,32.06206,717004.4960615,0,45.03127625404591,58.70930355289581,58.439396318007674,56.44585800000001
1677845519999,1733784.3065186,2863,43.35174,969446.286975,0,50.8410407166854,47.62837102241637,58.24120317145593,52.09660600000001
1677845579999,1388794.6877752,2956,27.28445,610237.248118,0,46.35687905919055,17.55670899816182,57.82467020402299,49.522590000000015
1677845639999,1843408.1590522,2699,39.49279,883197.3157763,0,49.16848180818311,27.736383183611633,57.58161442049807,48.21403400000001
1677845699999,2570073.8792535,3130,67.2283,1503196.2472646,0,49.57531643769754,39.512627229916895,57.72595027490421,41.883868000000014
1677845759999,5318995.0675852,5862,104.57191,2338202.2822694,0,45.346123078271646,36.250955920838116,58.38555327969347,56.385838000000014
1677845819999,3076864.8823177,4291,64.75922,1447305.9254039,0,53.285084980865264,59.40461506872165,58.48852793295019,60.667334000000004
1677845879999,4122025.3228227,4758,82.15719,1836064.4312513,0,55.867730822727815,66.66666666666667,58.83020040517244,71.64188200000001
1677845939999,1520398.4262193,2797,29.55441,660537.8986484,0,49.276085357741216,79.11711585947268,58.44445936781607,69.65420600000002
1677845999999,2601659.4885544,4166,51.67017,1154710.2777269,0,49.81970324046006,59.95645863813227,58.36423360823755,66.54258000000002
1677846059999,4084002.5865125,4992,66.07987,1476623.5713311,0,50.1222848210222,30.902276682988248,58.48040903448272,58.844172000000015
1677846119999,4239261.1488519,5160,61.14292,1365801.2088088,0,52.7510463363384,36.024379478176876,58.52780263697314,58.12091200000001
1677846179999,7359479.4095539,8393,136.87841,3057117.5956389,0,60.064207726552816,55.185036699517276,59.61960835632185,69.065156
1677846239999,5193542.2305038,6404,95.82557,2140377.1580028,0,49.652630080681526,50.90588532132798,60.13874130555555,82.31938800000002
1677846299999,3202075.9044124,4446,72.64739,1622729.7990679,0,55.1258757585723,50.85628026815319,60.33427642816091,86.514832
1677846359999,1954825.4344361,3323,38.55622,861335.0720771,0,49.427316188549646,17.522946934819853,60.061341204023,81.01010200000002
1677846419999,2289953.2826782,4382,47.99605,1071764.3451701,0,52.513172691351734,27.193242345770916,59.92007886494255,78.380728
1677846479999,4506652.1791081,5708,109.84925,2453183.9118602,0,57.61918935023716,43.00362874428441,60.632858792145605,72.97489600000002
1677846539999,2846094.2406554,4611,79.75331,1782125.2190969,0,51.34948552911999,50.82507691464963,60.92327904885057,69.76044400000002
1677846599999,3706657.5985672,4798,89.56163,2001701.3301247,0,48.280730785514756,41.154781503698565,61.34680465804597,73.143292
1677846659999,1956591.9602835,3541,38.73863,865601.9201634,0,47.09293869817061,7.82144817036523,61.06770949137932,73.17977400000001
1677846719999,3836869.869932,4887,78.69229,1757959.0583397,0,49.63146953429722,8.038730725164823,61.339288696360136,79.319022
1677846779999,2104908.4122232,3979,47.31102,1056535.8005702,0,51.97790005424893,41.372064058498154,61.17575010632184,66.81137600000001
1677846839999,3256265.7564526,4023,92.99266,2077176.6212046,0,54.37329458932233,74.70539739183148,61.64191579693487,69.45924600000001
1677846899999,11452534.6424061,7507,166.08584,3710754.7130224,0,59.414547624007,100.0,63.11221824233716,84.76408800000002
1677846959999,2229612.8294142,3851,57.08936,1275142.8365002,0,49.68091460713286,66.83513809042594,63.06732513218388,88.43423400000002
1677847019999,6580173.7547132,6253,116.56422,2603929.0270224,0,48.35890964695366,33.50180475709261,63.84112263793103,96.00862000000002
1677847079999,2488340.6755179,4112,62.60419,1398819.8632819,0,47.371022265519336,0.1684714237592784,63.86305606513408,99.06725400000002
1677847139999,1372769.6263138,2566,21.91069,489650.7031155,0,46.093246608957735,0.0,63.320911104406136,84.85086000000001
1677847199999,2248278.0410164,3717,45.56739,1018090.8995285,0,50.54868074787371,33.33333333333334,63.106303840038315,60.74717000000002
1677847259999,2231621.9892817,3344,37.45101,836649.5739688,0,49.17305239796173,56.37490229518036,62.7812125421456,56.81950000000002
1677847319999,1051329.0310704,2222,16.63379,371570.8777534,0,42.187149496293856,56.37490229518036,62.17299665613024,36.83341400000001
1677847379999,942183.3420491,2504,18.73607,418559.8720976,0,44.63404048540158,32.79612593427317,61.60267404597703,28.05979000000001
1677847439999,1535317.3335828,2569,32.86177,734133.2229337,0,45.05129645006886,21.172509289209618,61.23543661015325,30.250006000000013
1677847499999,6536019.7693579,4509,69.13018,1544091.8047566,0,52.72168995304873,54.50584262254295,61.36880570210729,34.96256400000001
1677847559999,2674372.7741175,4242,59.87134,1337422.414208,0,48.216451376427294,63.82916855946693,61.379301056513405,39.44663000000001
1677847619999,2088812.5726831,3771,48.19664,1076753.5541603,0,50.08718106586566,74.88639316637087,61.22627246264369,45.75920000000001
1677847679999,4989020.8059615,4995,140.94116,3150072.2682592,0,54.31981856014277,74.88639316637087,62.3503823965517,70.20021800000002
1677847739999,2470152.7220768,3697,62.39668,1394691.7883453,0,40.749210299658785,55.80851025702075,62.38411454118772,76.1072
1677847799999,2660162.9764585,4431,63.19519,1412542.4803496,0,50.67507100770565,57.71411400659125,62.42638608141763,74.920202
1677847859999,2453621.9934031,3142,59.23599,1324168.7318914,0,42.774732546571144,29.356048320399037,62.41293098180079,74.79313200000001
1677847919999,2650301.2199591,3440,39.67564,886850.1283161,0,46.83587712424672,44.3066599848533,62.13114056513409,73.08893200000001
1677847979999,1926804.4630746,3394,43.02312,961738.3761187,0,53.2483183232963,53.25921264492873,61.894698916666655,53.50532400000001
1677848039999,1365641.7660379,2204,23.32299,521331.1476859,0,46.53533662577387,60.25247917309588,61.38821849329503,45.69058600000001
1677848099999,1756720.4729949,2781,36.7039,820418.5935244,0,49.88551186880164,67.93270115631292,61.06666885249041,40.392328000000006
1677848159999,1641503.3403108,2335,42.78515,956319.2016079,0,54.1970200556732,67.93270115631292,60.83014943199235,37.10216000000001
1677848219999,8048127.7202306,4569,80.37411,1796444.1326804,0,58.880706135985065,89.29750031433798,61.11361308620691,45.24185400000001
1677848279999,3832767.4841219,5266,78.05503,1744128.2758774,0,56.74069873048942,94.22183514845902,61.3613274511494,52.248236000000006
1677848339999,2636030.0065484,3728,65.3945,1461651.1576331,0,49.40060125998761,60.888501815125686,61.42930984291188,60.662538000000005
1677848399999,1711862.5361919,3059,36.60133,818176.4327195,0,46.48651967108766,27.555168481792354,61.09751318295016,60.64202400000001
1677848459999,2768424.8764352,3996,54.37096,1215344.6100713,0,50.915397028064206,11.911168647548152,61.01202015996171,62.959186
1677848519999,1717100.5314885,2869,36.76651,821769.8770572,0,30.127543163197572,11.911168647548152,60.68352558045979,54.23766600000001
1677848579999,4244007.5478273,5258,62.629,1399385.032579,0,50.055465855408514,43.86560194588068,60.71160568295017,51.152460000000005
1677848639999,2625286.2438507,3924,55.65938,1243687.5547725,0,48.25234088097136,61.01755486216448,60.6421814272031,49.205436000000006
1677848699999,1468906.9654645,2678,34.58088,772701.409873,0,44.70275964472661,84.38892126403323,60.28026349042146,48.80134600000001
1677848759999,4928329.7315254,3790,41.31031,922821.2991182,0,50.37170914715984,85.76782129903404,60.012819816091984,46.18921600000001
1677848819999,2451957.2697261,3503,70.21387,1568530.9264404,0,55.53914613779379,90.03803306853543,60.143457755747164,52.87868800000001
1677848879999,2829508.8685499,3464,53.22529,1188758.9572626,0,56.15957654376368,100.0,60.03780412643677,50.997946000000006
1677848939999,4653889.1613519,4999,129.93399,2902584.4477921,0,65.23079044344381,100.0,60.98917030268199,65.85286800000002
1677848999999,2336055.8737919,3631,46.75396,1044165.6684544,0,50.51790947271109,66.99463742662614,60.786485175287346,68.287484
1677849059999,3181007.9366504,4266,83.11049,1856629.4735187,0,50.35823591219518,33.661304093292806,61.0834546494253,76.64752000000001
1677849119999,1587631.2615655,2634,29.72755,664138.8512693,0,44.41930698520718,0.32797075995947195,60.64003752011497,68.550256
1677849179999,2396314.058008,3089,37.50144,837676.9199561,0,46.74223768231424,3.720591249167161,60.3083129770115,65.40548600000001
1677849239999,2245444.2425103,3317,63.30567,1414240.0463616,0,53.14085506479249,37.05392458250049,60.33350885057471,52.079822000000014
1677849299999,3229098.6661007,4257,43.77582,977723.0822706,0,48.75898159826535,53.63995026455469,60.091922613026824,51.484194000000016
1677849359999,2753842.6330728,4385,66.87547,1493008.1966649,0,53.48186729822744,83.25269234872088,60.17789070977013,48.23719000000001
1677849419999,4309937.7807294,4624,88.45367,1974572.6802383,0,53.01631075847293,80.95011012839991,60.561691092911914,59.98241400000002
1677849479999,3499847.1355769,4909,81.00564,1807992.2675267,0,52.95712789548456,93.99389528602585,60.837018506705,68.683254
1677849539999,2785474.3953888,4343,69.67581,1555642.0614773,0,54.189804553793586,93.99389528602585,60.951540563218394,69.95728200000002
1677849599999,6231133.1897655,6529,138.00497,3081720.0646675,0,60.06369766957684,96.29647750634679,62.00527106321841,88.80311200000001
1677849659999,2064193.0808368,3069,45.17496,1008706.9649043,0,47.70006549036307,66.66666666666667,61.771175621647494,84.46301000000001
1677849719999,4960806.0145974,5653,113.19867,2527436.6453341,0,55.03660753102803,53.11323278445486,62.47553263984675,89.41201000000001
1677849779999,2843834.0295325,4480,68.1207,1521524.7347682,0,44.51761023526937,19.779899451121526,62.550815615900376,86.83502200000001
1677849839999,3207918.3917976,4198,77.37947,1728692.3068392,0,53.126182761981454,38.23807542431309,62.75325539846742,88.375754
1677849899999,3175534.4160362,4490,75.56627,1688645.5297175,0,49.171473677792264,33.20566350035149,62.928161435823746,75.88801400000003
1677849959999,8719941.9447194,8874,245.51291,5491287.9228059,0,68.86753070081423,66.53899683368483,65.44572705459771,115.955604
1677850019999,8352431.3245954,8024,167.12183,3740104.1271277,0,60.087812737013664,69.39533606774158,66.86212957567048,126.74023600000001
1677850079999,4024888.8804034,4628,81.91422,1832352.9517417,0,51.32565266837916,58.29355114333944,67.09156457854407,129.49894
1677850139999,5967491.1983019,5213,179.74544,4022020.4751879,0,58.714157008924325,41.11012253455409,68.66616393007665,149.972134
1677850199999,3222004.5858555,4194,56.46623,1263695.5056054,0,49.40879744550953,19.795607327305756,68.5271950478927,146.152126
1677850259999,5472922.3978042,5924,120.3244,2691693.8412385,0,51.72717753540089,23.38646485862635,69.26839545498086,121.11442400000001
1677850319999,4686082.0564104,4995,97.24513,2175321.5480389,0,50.865408406459714,12.454380935891843,69.68722856609195,107.139084
1677850379999,2875071.2827037,3939,52.29026,1169379.1076415,0,49.10557198012197,12.454380935891843,69.47926435727972,101.21429200000001
1677850439999,4040511.3750968,5007,85.28701,1906747.1586101,0,47.18551889593585,5.217820801813475,69.73271169444445,82.32260600000002
1677850499999,2691195.5022991,3527,48.52197,1084706.7150663,0,50.190066591934254,22.051765184714615,69.48812119444445,80.733754
1677850559999,1733335.4170181,3091,42.91581,959428.8660529,0,45.70432804709293,22.051765184714615,69.1799161954023,65.252036
1677850619999,4757940.7089567,4725,95.37275,2132118.7354699,0,51.65074912992682,55.38509851804795,69.60309547701145,64.87756
1677850679999,10472881.0131167,8818,172.41459,3853474.2877487,0,55.31975710568858,66.66666666666669,71.08883244061303,88.90242600000002
1677850739999,2191734.5692729,3481,56.36343,1259427.7823668,0,49.04697325952332,78.25444984326954,70.96175429885058,83.11771000000002
1677850799999,2927284.2367233,3974,73.00046,1630783.7265985,0,39.90158827479302,44.92111650993621,71.06457834770116,88.013408
1677850859999,2141584.1038364,3531,41.72735,932075.8621998,0,42.23119475433127,16.624279414880945,70.73562201915706,87.77571600000002
1677850919999,3063069.4380693,3849,58.90325,1315777.2923135,0,48.44311486390238,23.502862516469516,70.64500269540231,80.48181600000001
1677850979999,2178905.7157225,3727,40.14463,896737.9808299,0,39.423124494845375,23.502862516469516,70.29312877011492,54.02782400000001
1677851039999,7790824.4637442,8371,163.05147,3640809.9092249,0,58.080005251972636,51.79969961152478,71.63762475383143,75.36543200000001
1677851099999,3328787.7799344,4446,60.8459,1358507.2660021,0,45.738807532384946,44.61725429839404,71.55949730172415,72.93452000000002
1677851159999,4014851.9041099,5428,82.40964,1839292.432943,0,48.934834363849745,61.61135957037835,71.77830856992338,81.07097800000001
1677851219999,46068884.0378862,34997,861.30611,19147430.9182661,0,78.28063893583769,61.61135957037835,82.73867699521074,241.55155
1677851279999,16422389.3631098,15400,365.41307,8136527.8719518,0,57.39809331078831,62.27030852132603,86.7852695296935,306.605238
1677851339999,27476232.0080119,23304,632.00596,14120508.6974481,0,63.74158477937199,63.716854835899234,94.48028899712644,400.396136
1677851399999,17938290.7603866,14952,439.97621,9833682.9329137,0,58.596305259502024,41.35779992335551,99.47033527394636,476.22219800000005
1677851459999,7951663.6844509,8651,181.50623,4055170.1136942,0,51.71205762311825,29.414930007347134,100.8598662777778,496.04151600000006
1677851519999,8932196.6708988,8817,192.85902,4310779.9878426,0,50.417266154394724,10.974278420789611,102.39879009195403,362.35209799999996
1677851579999,11417442.500568,10326,275.35716,6159610.6473625,0,54.53167882561943,10.292990801325702,105.06202735440614,344.340916
1677851639999,13964791.8980728,11829,300.19794,6718901.4236547,0,54.6855320985153,27.688130944602893,108.04448710536396,277.97931200000005
1677851699999,7067071.6574916,7994,168.92806,3778352.7445866,0,52.51937033411802,44.10466642797166,109.19195174521073,223.76968200000002
1677851759999,6111421.4465638,6710,144.19365,3225717.0495277,0,51.68424102420648,43.70620802300846,109.98752334578542,216.307166
1677851819999,16777710.5355561,15890,407.10709,9119987.4309277,0,56.609155083756974,59.644401213064604,114.39968688314175,259.15677999999997
1677851879999,9513173.132998,9639,215.92154,4839385.5512958,0,50.92935605048466,43.22786572969584,116.14073389272033,247.269656
1677851939999,9216266.3174839,8210,210.59201,4715492.9909137,0,52.72506412474477,43.871899127303855,117.79003311877393,229.34847
1677851999999,9458693.4947191,8001,255.45519,5723219.5136467,0,53.122585336316575,23.41008509118485,120.04283527490423,246.65389599999997
1677852059999,10781890.9469062,9228,240.15041,5378541.113615,0,34.527413325987794,23.41008509118485,122.06557736398464,265.84524799999997
1677852119999,8805028.7781062,7931,165.47834,3704636.4939143,0,43.69711465066547,29.308942444083357,123.04038290038314,217.51949799999997
1677852179999,5783457.1254332,6828,142.93412,3200478.8435998,0,31.778362804706532,16.437423146869026,123.69848986015326,202.922014
1677852239999,13080812.7070835,11889,317.33375,7114164.4601969,0,45.369810401163456,37.663225705115515,126.75443258812257,224.27036200000003
1677852299999,11046150.650876,10105,269.99084,6058479.7262174,0,53.9741525208715,54.559135891579835,129.1310937825671,227.17749200000003
1677852359999,26133335.8298464,19694,582.75512,13090619.0320939,0,63.780531303996966,87.89246922491316,135.80250247701153,295.698434
1677852419999,19020046.9212558,15558,432.05055,9683184.5416512,0,55.28345274249166,91.14947625950857,140.346692651341,349.01287600000006
1677852479999,10982423.5090494,10197,233.93267,5241830.8101954,0,47.999413795760425,62.577143158006216,142.12371565038313,367.212586
1677852539999,9472005.6626115,7761,237.65158,5324113.3688956,0,52.24793041371,38.2176496382606,143.9365601781609,351.276152
1677852599999,5000409.4936665,6291,118.74233,2660920.6328798,0,49.21580640314939,16.30413973063659,144.09395193582375,321.02645
1677852659999,6163331.8490525,7281,123.26933,2761290.6511558,0,39.598316532292934,11.543139498805616,144.30697890804595,229.12929200000002
1677852719999,7633997.0817579,7773,164.67331,3688841.2217452,0,47.89032860215739,24.419800808802517,145.08369645114942,175.65384400000002
1677852779999,5998677.271615,6320,113.27255,2537378.1183195,0,46.14017958750967,39.08913811952505,145.1420853333333,151.52182000000002
1677852839999,2779111.1082062,4438,58.23504,1304215.1913786,0,42.240606713117295,48.247072314777675,144.43649468965518,115.63851200000003
1677852899999,7863154.4790022,7476,213.6997,4785012.4872507,0,49.06270138312434,59.7299045245264,145.8762025086207,134.629986
1677852959999,9090762.8110427,8631,197.58819,4424443.8566369,0,51.18710191002151,75.82460086191931,147.0767103237548,149.493758
1677853019999,5735941.7855767,6616,127.64169,2859521.8935633,0,49.45378300886449,93.541907145356,147.29679155076633,142.08743400000003
1677853079999,3490783.4621904,4687,66.80099,1495840.6106786,0,40.261423232865255,60.208573812022685,146.6701167806513,132.793122
1677853139999,2986594.5523211,3993,75.67632,1694510.8969165,0,42.21385785821969,32.831955489405786,146.16441750670498,136.28137800000005
1677853199999,6428257.7352011,6290,102.94356,2305189.8946422,0,25.070212188013656,5.956715010716451,146.030832795977,114.13015000000003
1677853259999,4133051.6873404,5460,102.65108,2297908.8521396,0,29.714625708192557,12.305817246127324,145.8855656992337,95.14272800000002
1677853319999,4598593.2327346,4713,106.49019,2383474.6983627,0,39.68302538065608,34.7615987637661,145.7908156532567,90.91242800000002
1677853379999,4412076.0751651,5301,103.56116,2318058.3030551,0,39.130948053632785,62.100660975905534,145.64893321743295,98.26446200000002
1677853439999,4512512.5020057,5149,77.96386,1745074.745075,0,46.10545453371612,89.08489207382799,145.14960353448276,98.72197000000001
1677853499999,6401002.7213988,6253,109.35625,2446132.8702822,0,48.73609030547867,94.00572887880611,145.080256387931,100.00450800000002
1677853559999,6502820.5166467,6622,148.14018,3314774.7612304,0,48.49089262273826,99.14907495620109,145.54216920402303,109.10232800000003
1677853619999,3585820.9583455,4204,79.73019,1783640.5461964,0,47.03053366886473,93.23017376801663,145.0598052816092,103.75032800000004
1677853679999,5379121.4355629,5929,122.80086,2748461.6802791,0,55.83966950305275,93.23017376801663,145.16799356417627,107.598268
1677853739999,3564065.8885093,4444,85.30373,1909488.2777174,0,35.236864127813575,60.747765478482215,144.75117298850566,109.06624200000003
1677853799999,3758919.035991,4388,71.17173,1593307.2519113,0,35.39800052578833,33.594036337997,144.13463577394626,101.42933800000002
1677853859999,8400966.7419633,8088,161.27554,3609008.8833711,0,53.712090544951764,30.15182071193482,144.75917959578544,104.05641000000003
1677853919999,9938453.9221263,9574,215.4704,4825322.3707877,0,66.65258914121428,63.48515404526815,146.12202631992332,131.20445200000003
1677853979999,8764878.6486652,9149,205.07634,4594622.0611078,0,64.44506188826176,94.21551018692811,147.32471399137933,147.65954800000003
1677854039999,8298141.8525423,7661,159.46508,3572603.4567986,0,56.06131474831786,86.36202507262071,147.88304704501917,162.49181800000002
1677854099999,6888671.1709419,7452,165.19414,3698191.3289617,0,56.629754289200875,60.54427990756139,148.51459836398465,181.29630000000003
1677854159999,5372864.4717204,6513,108.02341,2418923.0805989,0,50.14601644116824,29.55322076123777,148.34483577490417,170.64587400000002
1677854219999,9352761.5437542,8667,186.55548,4174158.8444187,0,56.909062489937476,23.28131666577528,149.25207954693482,164.86289000000002
1677854279999,6159277.1916059,6753,146.93605,3288689.1696529,0,55.61076679199883,42.70009264556677,149.59759257662827,153.234832
1677854339999,6730953.5688589,7493,131.85851,2951808.2962457,0,51.880433049150724,51.248590839405125,149.72484803735628,147.71351800000002
1677854399999,5034961.9712333,6060,108.73629,2433300.8916489,0,46.618648666335325,35.482862341903875,149.52698569252874,136.42194800000001
1677854459999,3964495.6185714,5769,86.48441,1935409.7493902,0,50.629462758639825,21.54057075463041,149.0218019779693,132.114148
1677854519999,4868803.989937,5961,124.83602,2794589.2782759,0,50.191350810960905,26.235901191961432,149.04352503065132,119.77025600000002
1677854579999,6276866.0640982,6846,152.12597,3405609.2892453,0,56.40574585920087,59.56923452529477,149.43757317624514,120.80824000000003
1677854639999,4608436.2133012,6107,108.16806,2422799.7018585,0,53.35472445286678,69.51919013959098,149.21356475095786,116.07015000000001
1677854699999,6295370.9876031,7038,117.3026,2626529.907677,0,45.32637433032495,56.27536150842161,149.11013830555552,117.78341200000003
1677854759999,11997937.9556707,10746,288.55174,6465751.5283553,0,56.219779557624165,55.71586436518857,151.36386257183906,158.19687800000003
1677854819999,7639562.1926159,7986,177.37296,3975976.3828758,0,47.987480664010256,40.780025370144564,152.0623039703065,168.70426600000002
1677854879999,7198956.0473827,7835,145.31442,3254391.2041671,0,48.951373259027335,51.87236014537175,152.3146798218391,167.34195600000004
1677854939999,5998429.9242988,6816,143.19224,3207912.9725571,0,48.360798807336764,28.38372729220247,152.5330439137931,174.34679200000002
1677854999999,4512201.4823248,5476,97.34723,2180178.8940858,0,49.19094203799144,25.25046360370288,152.11230587068965,170.35571800000002
1677855059999,3693405.4034912,5559,73.16842,1639205.1612092,0,40.63594074460596,14.158128828475688,151.35243567720306,127.27905400000002
1677855119999,7308235.5096065,7152,139.14221,3115074.2710574,0,49.38319563767754,38.206258824878006,151.50013764750955,119.63290400000001
1677855179999,5864492.7867887,6604,136.2897,3052165.3136686,0,50.35760385315632,66.66666666666667,151.60568881321845,117.82796000000003
1677855239999,6886215.0433609,6948,132.65211,2970705.5928169,0,51.99271186562696,100.0,151.65565096072797,115.71993400000004
1677855299999,6519232.9976035,6686,149.34307,3344932.5235277,0,55.28649334224045,100.0,151.93170580555548,126.11910200000003
1677855359999,4036102.5992419,5504,89.82933,2011952.7913207,0,47.15708697383372,66.66666666666667,151.3762871829502,129.45128400000004
1677855419999,4067107.8807325,5173,95.9636,2149379.7266953,0,45.276724416085735,33.33333333333334,150.90441241475096,120.81556200000003
1677855479999,4065763.5472999,5361,68.79503,1540448.7220592,0,46.59248649947002,4.381593265176212,150.05313854118782,107.31662800000001
1677855539999,6364458.5760502,7411,110.3008,2468326.3611763,0,49.4261851221959,18.19963021395454,149.7766758275862,102.84636600000002
1677855599999,5881431.5274244,6878,122.00074,2730514.3337313,0,31.517352854265127,18.19963021395454,149.66693499137924,97.37790000000001
1677855659999,22533043.0170073,18056,437.05411,9776089.4843844,0,69.84010101537196,47.151370282111664,153.8965403141763,166.822856
1677855719999,14602513.2889285,12771,262.46599,5865038.3842381,0,57.34986005589733,55.80258761978977,155.68733537164752,200.123334
1677855779999,36801739.3242681,28607,798.36288,17794092.2746205,0,74.61679084350207,89.1359209531231,164.85066781992342,346.036904
1677855839999,14432138.1653186,13539,326.37822,7277836.1028473,0,56.518120806942996,75.13831380638275,167.42949421168586,389.252388
1677855899999,11723115.2332109,10681,258.68051,5771915.779968,0,55.151974767088845,52.669059519926314,169.04766149712646,416.588342
1677855959999,10693488.0911012,10830,230.73848,5144098.6870524,0,52.59867312588445,19.335726186592986,170.2592309070881,375.325216
1677856019999,16115825.0351511,12787,369.28348,8233762.8629755,0,56.137686622133934,5.357729396062731,173.3612577222222,396.688714
1677856079999,10292569.2458408,9222,233.48592,5204556.9961461,0,52.483323975473986,5.357729396062731,174.55663740613025,283.71332200000006
1677856139999,10741487.0537452,9236,267.95467,5978902.7364771,0,52.89579613417091,9.120101466369045,176.20823125191566,272.02861200000007
1677856199999,10950902.1489639,9250,236.30497,5275579.5446081,0,53.6253971361104,14.179812547742776,177.404233020115,267.55350400000003
1677856259999,9917118.7927058,8669,234.41182,5235789.8610622,0,53.43392090372812,22.850699194446836,178.55722260153257,268.28817200000003
1677856319999,6514925.1898229,6818,143.12599,3197465.8459364,0,51.78679463845263,19.088327124140523,178.4332605833333,223.05667400000002
1677856379999,5338703.8559606,6046,105.84642,2363770.035641,0,49.89270599226813,8.670886646704073,177.7948883247127,197.52877400000006
1677856439999,9260401.386192,9722,230.35684,5145805.0385802,0,52.475474240351595,23.064398209892047,178.86973931704983,190.00920800000003
1677856499999,24110667.583096,19452,601.02597,13458900.4332332,0,53.65322247328425,56.39773154322538,185.04125631226054,262.953408
1677856559999,10146355.0052572,9568,222.18281,4977696.2366715,0,49.177378404602436,56.39773154322538,185.9354548189655,260.507606
1677856619999,9706975.6649356,8624,202.36184,4530254.6616799,0,34.57863661351095,33.33333333333334,186.53877910632184,272.354776
1677856679999,9232728.2341314,8568,205.10004,4591968.0737934,0,45.85555441751698,19.706706237133574,187.1646093400383,292.20550000000003
1677856739999,8124797.7959209,7870,167.96545,3759489.4354623,0,46.83385280938897,41.12301427823106,187.26082673754792,279.727222
1677856799999,6484091.1174381,6799,148.80171,3328751.1210467,0,47.12260207767839,69.76467313639849,187.0801437413793,189.28237000000004
1677856859999,6529720.7476651,6933,140.05545,3132365.8276183,0,41.14266431457169,67.5006905733462,186.7686678333333,172.85689800000003
1677856919999,6778270.5781955,6971,160.21112,3581188.408588,0,46.89081208297837,78.12567346267697,186.7294845632184,164.42675400000002
1677856979999,5649565.4068931,6263,144.33335,3227312.1117221,0,44.67042964862908,69.14846304198318,186.4634282116858,152.27341600000005
1677857039999,7342752.8438038,7535,165.76308,3709287.0162608,0,46.93175585792537,83.97525884389351,186.48539315038312,151.83294200000003
1677857099999,5600353.4712104,5809,117.42529,2626064.8247952,0,45.10922945917661,74.77327476555585,185.8282581360153,145.557658
1677857159999,6335191.8874031,6267,145.21529,3249515.5604569,0,50.09224306995957,88.44215966141554,185.54839377969344,146.589626
1677857219999,5257075.22491,5965,107.62904,2407366.8997774,0,50.07868177123153,89.42259859309932,184.73971057471263,136.07321000000002
1677857279999,3801964.8296829,4914,76.69596,1715466.6120391,0,42.60695797991417,66.58329174100872,183.50005384865904,122.54573200000004
1677857339999,5135787.7933698,6191,112.2806,2510473.7419539,0,15.29496364972485,33.249958407675386,182.74920474521076,111.84923600000002
1677857399999,5208383.642624,6005,128.4921,2874039.4209605,0,36.28288221795081,20.104942031781782,182.2145200363985,114.06259800000002
1677857459999,5069578.5482454,6355,116.53156,2606756.0325427,0,37.137667954564094,41.036866012745314,181.50651161590045,108.32585200000003
1677857519999,3408956.1014076,5445,71.52764,1599930.8062602,0,32.23371913282209,61.71002433080338,180.17332291091952,101.10557200000002
1677857579999,3588304.7752906,5345,90.64493,2027591.3099125,0,39.197972451270914,74.93841563235493,179.10206786590032,103.89536600000004
1677857639999,7196771.4159952,7831,125.81518,2813790.2857892,0,46.92615115365361,87.33982498472473,178.51968303735634,106.60228200000002
1677857699999,6166474.3229976,7014,143.11355,3197286.1882005,0,50.39979678750646,100.0,178.1683235019157,109.52657200000003
1677857759999,5345626.6016298,6235,109.54624,2447428.280874,0,43.600793233226675,87.52435962691784,177.3482191676245,108.12950800000003
1677857819999,4931860.2282844,5661,112.38574,2511515.459867,0,45.82744353716949,73.91838166864794,176.55963488218393,116.30112800000002
1677857879999,4400838.457119,5666,95.44288,2132805.5152637,0,40.70682631356231,40.5850483353146,175.53018315038312,117.26071800000003
1677857939999,4575335.5568745,5652,99.02658,2212269.7105341,0,47.24231038527895,42.20235100646729,174.5470834865901,111.90299800000003
1677857999999,1756034.4732315,3521,32.23265,720135.4372483,0,34.83833599298151,22.474995631403857,172.63739601819927,89.72681800000002
1677858059999,4013369.6503945,5703,91.63718,2047452.7440112,0,47.972693082771286,55.80832896473719,171.55039965517236,86.14500600000001
1677858119999,4198664.0747118,6193,95.11697,2125325.1364317,0,52.509960741297654,66.66666666666667,170.51109546168587,82.69125200000002
1677858179999,5169557.5225783,6651,112.85712,2520893.4593895,0,50.08256910271395,95.42130077048141,169.71513133237548,86.17410000000002
1677858239999,3788883.3236565,5547,93.24195,2082480.8028218,0,45.000224244307326,81.25596207271792,168.64447699329497,85.01717400000003
1677858299999,4642606.9007984,6309,107.43103,2400561.9012302,0,48.71731691857706,64.42162163906637,167.77382174808423,100.05685000000003
1677858359999,3075176.2505659,4921,70.38638,1572771.1629793,0,49.8354521100557,57.12902714958512,166.3862425881226,95.80669000000002
1677858419999,2603237.0320264,4284,56.29591,1257996.6669014,0,44.974683385779535,37.96103251401528,164.80841291187744,88.04247800000002
1677858479999,4348264.1575331,5374,80.90501,1807402.3588497,0,43.22005457691988,21.462039614333502,163.57115174042144,81.65205600000004
1677858539999,4483715.8752548,6441,104.77181,2339974.7096934,0,44.32423305719824,5.563679152803005,162.6627501149425,83.95802800000003
1677858599999,3105951.9594029,5067,59.49529,1328948.5155518,0,42.83914858305822,5.563679152803005,161.12704729980845,74.37088000000003
1677858659999,3910804.7699719,5786,93.20486,2082064.4522973,0,47.47849801728067,38.89701248613634,160.07412185057467,78.93457600000002
1677858719999,4768082.1999316,6452,98.55396,2201510.0530509,0,50.42183842737255,66.66666666666667,159.10205726053638,87.38618600000004
1677858779999,3297726.3146023,5087,65.13947,1454691.9942741,0,45.749056000457614,79.45855396587405,157.66750930842917,84.23307800000002
1677858839999,5730230.6105906,6796,121.42093,2710286.9225517,0,61.4912358278467,79.45855396587405,157.02023493965515,87.56290200000004
1677858899999,5238256.8668722,6174,123.5075,2756508.7977049,0,54.81784408736285,65.32795745455498,156.39551913218395,100.36534400000002
1677858959999,4354453.846932,5260,94.20542,2103002.5939899,0,49.87217984110562,61.266593047470366,155.36633180938705,100.56545600000001
1677859019999,4660170.9930699,6079,111.0407,2480060.9786877,0,49.74464837298494,36.39374065629046,154.56964640517248,103.06280400000003
1677859079999,4437326.2235057,5508,107.78779,2407193.6427222,0,52.14345617705301,23.99810933984223,153.72246584003824,111.59246800000003
1677859139999,2768950.5114574,4289,56.63106,1264828.2957733,0,43.24963504821318,15.267586447719472,152.16751995881228,98.63449400000003
1677859199999,1987668.3688415,3696,48.01375,1072335.649639,0,46.78414064242183,20.054151003057086,150.49293789655167,83.53574400000004
1677859259999,4481605.1126718,6764,101.62815,2269848.1423417,0,55.85124925807812,46.580378830824394,149.5573764913793,85.02029000000002
1677859319999,4487442.5105859,6570,118.41802,2645117.1962066,0,54.94173423802187,77.50789598614182,148.8528003237548,86.49575400000002
1677859379999,6760342.9781669,7679,168.08342,3757666.1070681,0,57.809466638710695,97.59418382198412,148.83843624137933,98.55488000000001
1677859439999,5775260.5870463,6251,122.53633,2738008.0901975,0,57.77090488081202,97.4775984320928,148.18513528639852,111.73593400000001
1677859499999,4184473.6302936,5128,91.83608,2051789.3178224,0,49.83001291513383,66.55008127677539,147.10363779214558,120.50040000000001
1677859559999,5219310.3183013,6200,126.37259,2825392.9502089,0,53.22123754647257,47.38323414169187,146.49370626628354,125.44928800000002
1677859619999,4562705.6423193,4695,95.57462,2137441.3054929,0,53.545700917949304,29.688384194168787,145.45251257375486,120.88060800000002
1677859679999,3435701.8574221,4511,78.73568,1760807.4225067,0,44.52389971183707,29.688384194168787,144.17374825383146,103.01106000000001
1677859739999,3335891.0132257,4268,77.01833,1722365.3639389,0,44.030238530964056,15.521897995918971,142.87937257279694,93.90746000000001
1677859799999,2076823.0144519,3145,41.4363,926590.2285151,0,43.33137268798109,0.0,141.09266118773945,83.82750400000002
1677859859999,4474985.6069357,5588,82.6224,1847020.2297166,0,46.616892084972946,10.721930093429437,139.8779585900383,75.07746600000003
1677859919999,5736560.134393,7338,112.439,2511075.4101456,0,50.52077456316421,44.05526342676277,139.1491060028736,78.45034200000002
1677859979999,3384549.3550393,5051,69.22671,1546364.7672977,0,51.43582023259156,77.3885967600961,137.84845306226063,76.54854800000003
1677860039999,2708600.2730134,4171,53.0127,1183861.0996571,0,50.560145593145215,96.39837823768475,136.37806466283524,71.74742200000003
1677860099999,3098440.7304726,4682,63.87615,1426253.1357403,0,45.32156043358696,63.06504490435142,135.0945824233716,76.23539200000002
1677860159999,2944626.6536194,4695,64.43772,1438694.4208084,0,43.03011551815626,29.731711571018085,133.83011322605364,72.59845600000003
1677860219999,5520098.9516943,6540,146.28184,3267584.1887976,0,47.400974034798864,17.332905311065854,133.70682933333336,79.36702400000003
1677860279999,3808479.8952996,5036,73.22798,1636119.5657601,0,44.483599655020456,23.767072339127512,132.58826952873557,80.16727800000002
1677860339999,4209433.3030606,5717,101.33812,2264926.8898028,0,51.06924294542311,57.10040567246085,131.8791762107279,89.83236200000002
1677860399999,2880041.8230373,4097,60.27912,1347217.3503122,0,42.67024722205421,39.767500361395,130.61022599042144,89.11295600000003
1677860459999,3055096.8990962,4563,63.92221,1428291.1946358,0,46.26478410384833,47.59907414403875,129.39956307758618,89.00985400000002
1677860519999,3072765.4254534,4938,78.9267,1763774.1875191,0,50.02263977769354,43.44539036961018,128.42873076245215,75.53882600000001
1677860579999,4051840.3481416,5866,94.47677,2112231.3306525,0,52.00348945866111,76.77872370294351,127.68550428256704,79.78858400000003
1677860639999,2609178.9933097,4357,57.2247,1279468.5901723,0,51.80492134295367,95.13713746191661,126.43957829693483,70.96590000000002
1677860699999,4955276.8005936,6133,94.8079,2119211.6081266,0,51.40461042811921,95.81222578368705,125.73102887164751,77.87165600000003
1677860759999,3936397.0614434,5235,71.5133,1598092.6979427,0,45.21052229493287,62.478892450353726,124.71509631513406,79.38987400000003
1677860819999,2607731.9751412,4211,62.98286,1407234.8701561,0,49.20473499220292,49.454482739336164,123.59050299999997,76.20110600000002
1677860879999,3721027.461832,4667,85.66953,1913768.654563,0,54.091957490534014,52.93307819199428,122.78648743773944,74.43965800000002
1677860939999,2169048.6886534,3002,42.61543,952140.2384561,0,47.53485991220131,61.656659332797794,121.4108122796936,71.51780400000003
1677860999999,2423881.4282692,3777,64.56666,1442672.2808639,0,50.01424382835929,60.085988333001616,120.35969196168585,65.46955600000003
1677861059999,3139710.5990773,4723,79.59799,1779151.0537018,0,41.35781382835324,26.752654999668284,119.56553524329505,67.08649400000002
1677861119999,2638097.4669535,4092,60.24887,1346702.8581437,0,48.04590069453572,35.53604054519557,118.53825393486588,66.53969600000002
1677861179999,2984176.9671497,4622,70.76524,1582125.1602554,0,45.13953606830373,32.06925252451832,117.67266238505746,63.55883800000002
1677861239999,5714548.7798242,6394,122.82675,2745654.3736707,0,59.607686182124574,65.40258585785165,117.54114590996167,79.60110200000003
1677861299999,4229574.8353041,5698,90.92237,2031224.3728575,0,53.81606581323357,70.65057647273514,116.96917779310346,84.87224400000002
1677861359999,3571650.3584278,5271,82.87696,1851135.4021502,0,50.569512745433016,68.59847480785635,116.28933687164748,85.52803800000002
1677861419999,3134484.3113411,4717,60.55539,1352308.5380537,0,45.2031805917722,35.41177280602885,115.30944712547894,85.58934200000002
1677861479999,3231027.4986371,5293,81.98779,1831566.7907782,0,53.66575662833686,32.239984542870246,114.63022622605362,87.83385200000002
1677861539999,3455835.6616288,4974,64.55238,1441885.8178311,0,45.23706943643071,19.860955972618765,113.7082417452108,76.17897800000001
1677861599999,4104772.131813,5111,90.16342,2013533.2744131,0,52.91470991649511,50.089351864515265,113.15379913026824,76.02718800000002
1677861659999,1710192.3045045,3408,37.44187,836140.8216398,0,46.49279861048803,35.585873349155094,111.88245245114939,66.94017000000002
1677861719999,1941873.2503165,3863,46.91506,1047851.1815617,0,44.47798245816767,35.454717746097856,110.75041029118775,64.21210400000002
1677861779999,2089472.383369,3602,45.65108,1019518.2981865,0,50.49101721479035,28.837064798142134,109.6028387068965,56.94476200000001
1677861839999,4099392.6168842,5503,123.00836,2748864.2429971,0,58.016154413088344,57.09070760877996,109.52514006896551,68.63595800000003
1677861899999,2766853.1890614,4329,56.26687,1257299.3448855,0,47.197360047108035,63.786288070690006,108.52494723946351,61.85664800000002
1677861959999,2752297.1785713,4069,70.01938,1564564.9438763,0,51.18967409964331,56.55426562714553,107.71888713505754,68.37215000000002
1677862019999,3386413.7935917,4496,86.02528,1922843.0957823,0,51.83357692046493,37.505385553334584,107.1370914377395,76.19419400000001
1677862079999,3849775.8743042,4805,67.29643,1503474.1365935,0,42.74672790885229,30.809805091424536,106.29864645689655,80.52326400000003
1677862139999,3153990.7618797,4448,66.92552,1495302.4265955,0,46.58419002891549,28.361434602409872,105.45610726053637,69.30669600000002
1677862199999,2087906.957364,3525,46.5196,1039200.945408,0,45.00066552628829,22.345111892709372,104.33617134482755,67.35724200000001
1677862259999,2160055.8316422,3907,48.58551,1085329.5855726,0,48.256981158956926,42.558401241095325,103.25446451149428,63.07046800000002
1677862319999,1895633.6336508,3205,49.26287,1100642.703117,0,44.92811938081523,41.67737401593384,102.1850837816092,55.71798600000002
1677862379999,3695781.9059199,5371,94.5346,2112968.6481412,0,54.27770346963691,66.7425767994453,101.7471845756705,61.165620000000025
1677862439999,1936038.8351143,3501,43.76789,978294.378646,0,43.823865334086925,46.52928745105934,100.60817070402302,56.534094000000024
1677862499999,3482350.7639188,4965,89.79459,2007489.2834578,0,57.09562513668703,66.66666666666667,100.10663275574707,65.18909200000002
1677862559999,3409911.4347886,5004,77.46981,1732246.2522551,0,54.10947217752268,59.16664907648666,99.4419446762452,70.96595200000002
1677862619999,3700166.772704,5015,70.89696,1585103.3269934,0,53.34764813539382,83.0865686223509,98.69981504406125,75.29277000000002
1677862679999,2456195.4457189,4252,64.28676,1437258.5519338,0,40.41504780821686,49.75323528901757,97.87936267049805,69.24320200000003
1677862739999,5955380.2457114,7588,148.02109,3311322.6981051,0,64.18961639413443,57.25325287919759,98.22298327011492,90.09384200000002
1677862799999,4987217.4804394,6512,121.10786,2710074.8759099,0,57.59171146489232,57.416018710079065,98.19703183237543,96.35649600000002
1677862859999,6392261.0767778,7374,173.54993,3884681.3902083,0,61.73530961966718,87.3082706408235,98.89316599137933,115.57252000000003
1677862919999,5631986.9572376,7209,144.0625,3225465.7366777,0,60.004175983155115,81.44003880049407,99.18382272030654,130.20562800000002
1677862979999,3822665.6491872,5181,98.6111,2208174.6395204,0,53.69510602690206,57.35735342374835,98.84783883141759,137.07049600000002
1677863039999,4451289.1644829,5814,94.93931,2125759.1697261,0,55.87594321770956,36.50648610325559,98.46439418103449,126.45414000000001
1677863099999,2938546.5611572,4478,76.24721,1707399.4606084,0,53.22666189003857,9.041384610251681,97.82444901149424,117.48201000000002
1677863159999,7407616.4843981,7223,203.56908,4560144.1726154,0,63.894270638586136,42.37471794358502,98.94164814080459,123.48584000000002
1677863219999,3785950.1597794,5555,72.02981,1612820.3482399,0,48.246074033309675,33.33333333333334,98.23697103065133,109.07930200000003
1677863279999,4361904.7636379,5837,91.48353,2048426.3421539,0,53.90956868994245,45.39754494717747,97.80829313888891,107.65378800000003
1677863339999,2601785.139176,3615,56.70166,1269837.5051888,0,47.23763766995058,12.064211613844144,96.9014634511494,100.00625800000003
1677863399999,2028356.5515128,3734,43.54536,975285.9474495,0,47.17215387740124,12.064211613844144,95.81897224425282,93.46588800000004
1677863459999,4040408.8332714,5057,88.7157,1987360.0809453,0,51.39552134725357,20.89509397576271,95.3829882538314,70.49521200000001
1677863519999,10137674.3671614,9967,243.98969,5470083.8057212,0,61.41565743503368,54.22842730909605,97.09720654501912,104.88718800000001
1677863579999,5187256.4463994,6366,108.16308,2424730.9998911,0,47.625186760740654,55.28863669158479,96.92850269923372,108.22309800000002
1677863639999,3610721.7448269,4715,77.1395,1729106.5873616,0,47.39305351688596,34.91050269595364,96.33524268869733,112.31066600000001
1677863699999,7681396.4451837,7532,151.27081,3387628.5077867,0,48.7121621711297,4.712841505358777,96.76641911206895,133.855756
1677863759999,4482381.8977133,4905,108.33634,2425510.7828088,0,47.96647336012344,5.015716674509234,96.59791487739464,137.77988400000004
1677863819999,3619198.6108096,4404,72.50742,1623505.1827936,0,48.49772700731604,32.41340160443881,95.93816939655167,103.48343000000003
1677863879999,1777943.4875203,3098,47.69522,1067825.6526673,0,47.345678232024156,29.277729461700336,94.94229608812262,91.38985800000003
1677863939999,4078366.9209311,4970,71.43469,1598789.78412,0,49.7311423076483,61.24797824339447,94.2820013783525,90.24889600000003
1677863999999,3104239.9016361,3476,69.22641,1549501.9571356,0,41.27509401363715,33.33333333333334,93.59871012260534,73.84001600000002
1677864059999,4315697.3867734,5166,103.49689,2317187.8944428,0,52.33917187920981,66.66666666666667,93.3900886024904,72.87212600000002
1677864119999,2346462.6574388,3476,54.22037,1213945.5139097,0,47.347569881051086,51.62820297420734,92.50106936494254,69.21471600000002
1677864179999,4481961.5111945,5370,119.88628,2685621.3480649,0,54.30813011941688,84.96153630754067,92.5191828572797,83.65292800000002
1677864239999,3405059.3082253,4128,65.08968,1458199.524604,0,51.39003024006389,77.49819505773804,91.78056302777779,82.38392600000002
1677864299999,3661060.4061201,4555,77.8853,1744189.3843604,0,49.270762594979836,68.41327714521456,91.22388575957856,84.11570400000002
1677864359999,1748002.2071631,3021,44.45488,995490.0427996,0,33.927676270590354,35.079943811881236,90.2405023927203,72.30730200000002
1677864419999,3686198.2572595,5219,105.84946,2371601.8544675,0,49.788249625175055,35.150776324687854,90.1248231091954,82.63312000000003
1677864479999,2389338.1910344,3853,42.28879,947682.464607,0,46.98963600733149,50.87438502309907,89.19877763218392,67.11362200000002
1677864539999,3258272.050927,4563,98.30264,2203425.0472685,0,45.27683913192919,74.72632405794742,89.07254861398468,73.75621400000003
1677864599999,4305254.9660343,5386,88.52937,1984687.231513,0,48.12279976910601,78.61864437418535,88.82687773659006,75.88502800000002
1677864659999,3605471.1260269,5131,64.52623,1446281.6792129,0,49.22624051168628,82.86591616290498,88.26375062835251,79.89929800000002
1677864719999,3532364.7105121,4583,81.78047,1832547.5985769,0,53.353639008621,92.34731046138995,87.96780434482758,75.08550000000001
1677864779999,3326109.7938455,5092,79.1055,1773359.2868808,0,50.78736582706612,85.25636864602285,87.6494930967433,82.44884200000001
1677864839999,4325134.988991,5645,78.1224,1751198.2346133,0,50.91542615615438,73.87144679454973,87.33571084961682,78.41279400000002
1677864899999,3028709.6255254,4518,68.88056,1543541.8310694,0,46.24441536239929,40.53811346121639,86.90960653448278,74.48303200000002
1677864959999,2944200.6774554,4542,53.61702,1201221.5915793,0,49.92932557966553,35.07351291078155,86.28882611781607,72.30119000000002
1677865019999,2932649.6462806,4184,64.11886,1436149.5207452,0,42.49808064663321,17.277602546773334,85.82147232279695,68.76886800000003
1677865079999,1812496.7606772,3744,45.26236,1013931.6285138,0,47.047287727286076,35.29281124293963,85.09802576532569,62.00024000000003
1677865139999,2981371.2754987,3755,74.95637,1678824.942074,0,49.584720902949776,49.80279529921327,84.80188111590037,61.367034000000025
1677865199999,2161304.3087317,3771,56.68933,1270138.9955256,0,51.81260461465581,83.1361286325466,84.30416710249038,58.92878800000002
1677865259999,2692362.0032746,3692,50.62456,1134275.2068725,0,40.213653042865644,65.1209199363803,83.73865295498085,58.33029600000002
1677865319999,1510684.2609235,3080,36.54032,818619.6914484,0,48.764706855681716,57.90754810866732,82.99340765038316,52.81458800000003
1677865379999,3012867.494787,4727,71.29756,1597823.2117398,0,43.61339674336937,34.344476278313984,82.74371811973181,58.021628000000035
1677865439999,1409258.0305691,2714,32.56385,729674.7841301,0,38.35895704878829,34.344476278313984,81.96902989655173,49.54312400000003
1677865499999,1803876.5110208,3334,42.84513,960181.3153841,0,45.21722829323008,31.739753920522848,81.34728632662835,46.77428400000002
1677865559999,3114286.7643274,4338,77.03762,1726457.393958,0,49.02649491329044,55.302825750876174,81.20647464176247,52.05689600000003
1677865619999,3063659.8338738,5478,72.83909,1633198.3145895,0,48.72176756760042,87.6839638992767,81.01571900862069,59.316650000000024
1677865679999,6056734.0647915,5547,152.44935,3418826.4615612,0,61.479161725183864,99.04780481506721,81.92988403639846,75.54700800000003
1677865739999,2413370.5127413,3877,64.36057,1443449.4243564,0,49.43864197954352,74.36742717931942,81.63030667049809,81.90635200000001
1677865799999,3151743.0263111,4664,77.98089,1748636.9394134,0,53.03826021039328,53.2646963855718,81.52367861494254,88.93350400000003
1677865859999,4711586.5298981,5359,87.58857,1964003.1197968,0,52.93329685518445,30.935515456096354,81.55601036015324,91.04369400000003
1677865919999,2657932.7727239,3126,58.53336,1312576.4021511,0,51.61740647707492,28.314316259499332,81.18950017337161,88.18254800000003
1677865979999,4169713.5391374,5049,125.76105,2821145.3027806,0,55.672833943039805,50.36924223817974,81.75200818199234,82.84488800000001
1677866039999,5642465.7522599,6278,121.53744,2727166.9047671,0,57.475358666865276,72.69842316765519,82.25496827011492,94.28026200000002
1677866099999,4195704.7407481,5021,104.68823,2348746.5076902,0,56.08098886408742,92.06565845536683,82.52619161685821,99.62173000000003
1677866159999,6026852.5777316,6607,137.43604,3083507.807011,0,60.8913067967962,92.06565845536683,83.2502433132184,109.59122400000001
1677866219999,5397863.4943465,5816,122.67319,2750539.3673027,0,55.79599459322409,59.519021751716565,83.76435642720308,122.41919000000003
1677866279999,4324920.6388892,5496,80.61945,1806777.5119423,0,55.38113165325426,34.12002996301641,83.69535011398466,113.39087000000002
1677866339999,5135331.1572262,5654,121.0049,2711558.86817,0,58.19931756216115,17.835071291057627,84.18771358333332,113.28436200000002
1677866399999,2844665.1425206,4240,64.3387,1442183.815354,0,48.72781129228218,17.04837466137456,83.9005919808429,105.21445600000001
1677866459999,3440759.3724654,4476,78.85886,1767692.3164547,0,50.590846665957486,23.605006452877735,83.81807867145594,93.49902000000003
1677866519999,7797575.4417284,6375,118.18571,2648471.5228258,0,46.34821542839344,6.55663179150318,84.28121605938699,92.60152400000001
1677866579999,4542631.5940821,4846,121.74548,2728953.6594081,0,57.46020966101591,37.811092648666055,84.79127529118772,100.82673000000003
1677866639999,5730877.0618213,5699,108.41617,2429058.7290578,0,53.95967334550146,54.08701985532597,85.11530583141761,98.30898400000002
1677866699999,3320164.4310382,4432,59.82746,1340132.9594157,0,46.72084396998539,55.20481663656738,84.76184999616859,97.40673600000002
1677866759999,2624618.7432689,3479,65.21367,1460812.7664796,0,50.83581695827443,37.412090417777925,84.48573362068967,94.67769800000002
1677866819999,2846737.7881636,3913,79.23341,1775254.016567,0,43.28449699240476,14.57953141961483,84.40585727011492,86.88723800000002
1677866879999,2690407.9424714,3851,64.91437,1454764.6865461,0,42.05881070097882,13.461734638373434,84.1316975814176,75.52101600000002
1677866939999,2032930.0490653,2952,39.01947,874559.1222238,0,41.01807814482484,0.0,83.50308022796936,61.64167600000003
1677866999999,3992843.941868,4909,96.31232,2159191.8264464,0,44.729157819707254,12.599913094036497,83.67126191283526,68.93864800000003
1677867059999,4163276.8877931,5232,102.60698,2299500.141659,0,47.371038581393414,45.93324642736983,83.92378316666668,76.41731000000001
1677867119999,3109201.5338253,4107,55.78109,1250124.4929944,0,46.78600751627016,76.19698162628734,83.52599414942529,71.72684600000001
1677867179999,2934322.1019829,3770,81.4229,1824992.8645674,0,44.67505914583008,82.78487363780512,83.48429177586208,75.02855200000002
1677867239999,3701998.1604365,4864,71.34045,1598458.3895762,0,51.076919432876004,82.78487363780512,83.30575761206899,81.49274800000003
1677867299999,2288495.5703723,3644,58.5253,1311456.2613493,0,46.85606295110226,63.87723238387944,82.94932816475098,73.93534400000001
1677867359999,4067078.8606095,4902,75.95622,1701566.7608445,0,42.99633599298875,44.689427278325184,82.83664699712645,68.60519200000003
1677867419999,3192322.5310832,4337,70.41801,1577231.2574846,0,41.54295535307223,11.356093944991846,82.64974126053642,71.53257600000003
1677867479999,3719320.7363442,4760,85.08652,1905833.1822226,0,46.172945749010694,16.18770659361718,82.66465419252876,72.26530000000002
1677867539999,4068903.1639901,5567,100.41998,2249545.0482737,0,57.47439639571958,49.521039926950515,82.89454343199236,78.08120600000002
1677867599999,3294534.60656,4081,53.02245,1187820.2017151,0,48.05596859652618,63.148209049147454,82.47288508524908,76.98063600000003
1677867659999,2549798.231822,4157,60.42647,1353866.6441686,0,46.93637571455472,58.245148849715385,82.15729588122606,73.87468600000003
1677867719999,3684438.2135959,4570,66.86078,1497640.9659182,0,50.32542712006469,37.159450800451374,81.93530388697319,73.16324000000002
1677867779999,7027227.5767675,7540,143.85051,3221011.661655,0,64.96946875548872,56.86561501158777,82.77915941475096,84.91603800000003
1677867839999,5167298.3537451,6100,103.72221,2321700.7608706,0,51.11264638236653,53.300610608069356,83.06116679597699,85.57648400000002
1677867899999,3024211.2795712,4572,61.64211,1379348.5804179,0,44.44574847779942,41.052975324000045,82.75742294540231,87.30041600000003
1677867959999,3570451.7590564,4999,84.06471,1881318.5371938,0,54.10660890659996,23.41020279557523,82.76678641666669,92.02806400000003
1677868019999,3919662.695189,5876,103.13784,2308997.396875,0,53.21418614095352,29.93170478289385,83.0425180900383,99.28347600000004
1677868079999,2018759.7842971,3363,43.70938,978646.0044933,0,46.43142612177063,36.782984261243385,82.50476770785441,79.25525000000002
1677868139999,3105784.4652476,4684,70.28842,1573971.5276323,0,51.46705860332357,45.318388894473706,82.3411752480843,72.56849200000002
1677868199999,4442536.6805152,5404,90.13968,2017825.3773005,0,51.758300538325244,54.21187057032797,82.4534572231801,78.26800600000001
1677868259999,1827289.4832398,3462,44.51167,996370.0712218,0,47.07879324645167,50.54202521245528,81.93985792145592,70.35739800000002
1677868319999,4479996.5246917,5663,76.13938,1703686.2025439,0,49.028282562624774,42.56609208083972,81.86739398275861,64.95770600000003
1677868379999,6040184.2555652,7099,115.59054,2584666.4858892,0,51.56560426089529,51.392174642552455,82.33933266283522,79.33393800000002
1677868439999,12702026.3931203,12720,266.23768,5947680.721404,0,68.13841384299725,81.54407385540894,84.88546827298848,118.52379
1677868499999,5376293.2879525,6669,123.38164,2756728.3579719,0,54.35256028927886,76.80701730816138,85.43964304597701,125.17218200000002
1677868559999,4794060.5052531,5666,111.83183,2499872.8423487,0,53.08734579026649,51.92643353565895,85.83060595306516,138.63621400000002
1677868619999,3490795.0668633,4237,78.19848,1747868.508761,0,45.20757395681893,18.593100202325612,85.75771874233715,139.04803400000003
1677868679999,4264236.9355072,6237,89.42865,1998011.9795134,0,48.9106481107051,12.46308493391007,85.83887106321839,133.81565600000005
1677868739999,4095800.5845578,5125,96.87644,2164484.9337315,0,52.83495932828137,33.18466186096577,86.01926340421454,99.94340800000002
1677868799999,3606716.9652905,4588,76.20255,1703070.6806051,0,49.365624308510675,50.77421665002668,85.91133769444443,90.50759000000002
1677868859999,36919940.3707847,31916,739.53069,16476955.2983641,0,75.17512275601352,78.72458949249982,94.95163874042143,216.04736200000008
1677868919999,12660739.5163567,13347,268.8458,5988533.4114777,0,56.71973432958347,60.83372309921759,97.44290980459772,254.17682600000003
1677868979999,10783876.6634554,12346,263.27476,5870558.3808059,0,55.83329182234296,51.597252643285266,99.83860159865905,288.946048
1677869039999,8076879.6095342,8603,193.60119,4320873.3004607,0,53.035837601455455,23.004051837013737,101.25776746168579,308.29099800000006
1677869099999,9183767.9477107,9840,209.28567,4676120.0782529,0,54.92139113027056,15.932142500971388,102.88050066666669,334.90762200000006
1677869159999,6052237.0928301,6932,135.47932,3026509.7499214,0,51.72877963964225,7.579058167842798,103.47129154789272,214.097348
1677869219999,8635215.6711783,9423,194.5747,4340945.514828,0,52.275043988588074,7.27521692730031,104.8717742011494,199.243128
1677869279999,7638052.6184889,8300,180.94345,4036693.0892835,0,47.33266508894444,4.436291286519324,106.07465168869732,182.776866
1677869339999,3467236.2779456,4362,83.24,1856998.9371037,0,48.70820333189343,10.47831659027557,105.91804492816092,160.704628
1677869399999,4764456.1965375,5605,99.0674,2210882.1068739,0,49.590356145476186,21.26877543343258,105.98085516954025,138.66097400000004
1677869459999,4257212.6802884,5800,106.73032,2382222.0820331,0,50.93118322838349,45.53858701275468,106.14672157758623,132.91117400000002
1677869519999,7665105.2904384,8090,205.92511,4600681.2704595,0,53.59560229106764,72.82989504233177,107.67660161590041,135.18125600000002
1677869579999,6185085.6960419,6559,131.64684,2941838.4532855,0,51.03065194159728,73.44284907911766,108.17043505842909,125.32193400000001
1677869639999,6462796.4469946,6632,141.98071,3173162.9442362,0,51.961798673145175,68.9091739024585,108.79827672605366,137.07007600000003
1677869699999,2929673.0939926,3835,73.65472,1645364.5632868,0,19.214415441374825,35.57584056912518,108.47627580651344,131.98754000000002
1677869759999,2884786.5674215,4176,61.57143,1374933.874288,0,33.36140062794598,33.45195648029121,107.98817809674325,122.95576200000001
1677869819999,3119794.5587492,4535,66.85677,1492351.3344382,0,34.22564275622169,28.99564382069862,107.57285494636015,95.14209400000001
1677869879999,2745953.9752781,4417,57.64915,1286356.4276045,0,37.90721347241624,48.02291275670563,107.03090451532563,80.34255600000003
1677869939999,4257961.313847,5429,99.33372,2216176.8494876,0,40.652259879603925,67.64042601241071,107.0701567356322,71.81315800000002
1677869999999,2427185.4454993,3485,54.3731,1213223.7207113,0,42.74898262886028,85.69393560267368,106.48845678831418,67.95683400000003
1677870059999,3046819.6193901,4368,59.55678,1328747.1905564,0,36.641492949642966,76.1146460953903,105.98098613026826,67.55390400000002
1677870119999,4682462.4773557,5861,100.35469,2238102.2590211,0,42.43340259018783,74.39227975915065,106.03634091762451,74.25348800000002
1677870179999,3539092.3313324,4460,78.7154,1755597.135092,0,49.50438758183641,74.39227975915065,105.79146345785439,78.46673800000002
1677870239999,4273098.0956777,5937,88.51397,1974732.8161113,0,48.82853358783597,96.52620312569961,105.6803820766283,76.30278800000002
1677870299999,4493282.3582109,5535,95.62463,2132311.6035301,0,48.76571756300012,96.33435538608228,105.66753675766283,84.55309400000002
1677870359999,1589169.0101352,2796,38.75062,864134.0061654,0,29.490998081796732,63.00102205274896,104.86464927394636,80.39186200000002
1677870419999,2518970.5685364,4230,60.32662,1345869.5834317,0,39.950975792183904,48.84075209377736,104.36014382471265,72.38624800000001
1677870479999,2955677.879923,3803,51.91894,1158146.5270826,0,37.24103428269262,30.780860538775443,103.73826467241379,67.02695600000001
1677870539999,4778166.9481739,5734,127.50281,2844969.2249293,0,57.47489173238212,64.11419387210877,104.16573098946363,74.82472400000003
1677870599999,2930725.401675,4369,56.82413,1267725.7406135,0,49.433210319767625,70.44695405318042,103.61149559578547,67.06462400000001
1677870659999,3830881.5867436,5779,87.13665,1943667.8761152,0,52.284718737292025,81.87074905082595,103.47662783908048,76.74183000000002
1677870719999,4334621.0030976,5597,101.71127,2269887.6711739,0,54.904699353056095,77.63660439877977,103.54268287068969,85.01876000000001
1677870779999,3676545.2466108,5341,88.27846,1970509.4848442,0,48.68680827723467,53.88221138140716,103.42016132375483,92.29066400000002
1677870839999,3506595.4179233,4444,78.90052,1761325.9220698,0,53.18250058700152,53.20003067066934,103.16624357950195,82.57020600000001
1677870899999,1790896.2794117,3260,38.62442,862471.9126646,0,47.51066416839894,24.10084198938218,102.35369180076626,78.93026400000002
1677870959999,2592876.9809107,4592,65.33465,1458829.4801741,0,45.690933532713366,24.10084198938218,101.91051111494247,74.56986400000002
1677871019999,3887873.5839119,6150,92.71907,2071494.9732007,0,51.69906991323013,26.732886622066285,101.84350712452107,72.77142400000002
1677871079999,4176125.0821603,5577,97.10159,2170222.1422501,0,51.05581495284056,50.60364415183369,101.83712558716473,74.53605000000002
1677871139999,2671636.1292438,4526,52.3169,1168865.6881162,0,45.12691161721224,50.60364415183369,101.20791559578544,69.21932600000002
1677871199999,2739253.7283397,4539,57.28296,1279262.6239659,0,52.361119611880454,57.20409086310074,100.65079280076628,72.95103400000002
1677871259999,2290847.1295577,3974,52.8213,1179677.6451449,0,49.00018063920703,51.18034125665858,100.03406347413797,70.44836400000003
1677871319999,3255503.0062011,4477,77.32128,1726411.7524569,0,53.244844940079375,84.51367458999191,99.75699629118775,67.36880600000003
1677871379999,2012241.9089464,3392,49.35016,1101996.5800171,0,38.63443638823217,51.18034125665858,99.09287203927202,57.81852000000002
1677871439999,2202512.4272673,3119,50.33088,1123836.1062202,0,48.815599153334674,56.56143752807719,98.45172619827584,57.421316000000026
1677871499999,1607689.8305517,3175,37.35771,833961.9758838,0,40.30693440088881,27.04387249152929,97.63841948563218,53.436266000000025
1677871559999,2391996.5689715,3841,51.6498,1153004.1998101,0,40.24118193088005,30.70962794011037,97.03529028065135,53.20196600000001
1677871619999,2939642.5250659,4476,54.2414,1210269.5403444,0,43.072106387768414,22.010545305153517,96.47675907375476,48.585990000000024
1677871679999,3033481.8257337,4261,50.47789,1126109.6623525,0,44.07955294720789,33.11657253392263,95.87056735536402,48.811536000000025
1677871739999,2475505.8205335,3934,62.02433,1383395.095638,0,55.536914538247245,62.78415041867488,95.4278956350575,51.15022600000002
1677871799999,3130426.5582683,4970,71.75857,1601067.6270336,0,51.6528190744695,73.12401971561617,95.12085163888891,58.03039800000003
1677871859999,2684072.4621103,3968,51.87263,1157267.8694116,0,39.06877312416913,58.202224190061635,94.55214434291192,58.07496400000002
1677871919999,3195798.6565301,4736,86.43085,1928203.3480833,0,47.54141110174748,42.0184439737452,94.46203291475094,64.51285400000003
1677871979999,2771128.1810863,4145,54.06919,1206717.4726912,0,50.42825180812354,40.14239001004062,93.92603773563218,65.23111400000002
1677872039999,1341725.2890804,3140,30.72729,685738.4237571,0,44.044805791114875,53.32318704621952,93.06833746743298,58.971706000000026
1677872099999,1929347.7623986,3719,35.90072,801131.1461253,0,46.21758038774465,57.1511437324574,92.2832226388889,51.80013600000002
1677872159999,1928214.6739846,4146,53.50778,1194171.8849762,0,44.5074778197915,36.57430611549781,91.74602271647507,52.127166000000024
1677872219999,2963442.4123069,4693,55.20218,1231598.9211877,0,51.53592794034448,56.726842412652246,91.25043922222224,45.88143200000002
1677872279999,1391962.943194,2395,36.95674,824518.3761025,0,46.781489644032746,47.92678657157106,90.50826736973178,42.45894200000002
1677872339999,1528960.3251093,2599,28.43552,634234.6128601,0,47.80584421924074,61.15371635703634,89.6524103716475,42.00058800000002
1677872399999,2064048.3249102,3588,43.64452,973601.0973389,0,48.04017018512976,44.574633272074585,89.01809851628354,43.54934800000002
1677872459999,2935339.3920537,3772,57.20554,1275917.2411609,0,50.688683101221244,59.7904850569368,88.57703174712643,44.28890000000003
1677872519999,1451007.9459157,2599,32.25454,719372.747434,0,46.14550631946729,44.147555995407394,87.79327895114945,39.699372000000025
1677872579999,3172294.5958169,4484,80.05365,1786064.3896636,0,53.30638924861773,60.72663908036915,87.67030321647506,48.31875400000003
1677872639999,2645699.5512372,3709,70.37793,1570990.127704,0,49.74675066636067,50.09683574183047,87.41304370402301,56.70723600000002
1677872699999,2574074.9116777,4428,64.00558,1429323.3275223,0,52.34162163631026,78.93925353745311,87.06777940996169,60.77944800000002
1677872759999,3136335.9207337,4349,76.30171,1703956.1968142,0,47.86133103477633,53.592946069902716,86.89589960153258,64.59868200000003
1677872819999,2858296.3348266,3472,74.15473,1655949.2857381,0,54.8610961865635,70.16277699473892,86.69229120498085,72.97872000000002
1677872879999,2866550.4917132,4789,60.1789,1344220.4629003,0,57.46636049755238,74.65369253244961,86.3002931561303,69.00377000000003
1677872939999,3607219.3588543,4380,71.37572,1594202.8595079,0,58.72684796140833,100.0,86.06320438505749,69.20332800000003
1677872999999,3076515.5602069,3925,89.56461,2000836.6320258,0,58.84465936016242,100.0,86.07762037835249,74.31513400000003
1677873059999,7533516.3535834,8754,197.97119,4425928.3485435,0,72.98676663422168,100.0,87.5829786886973,98.64903000000002
1677873119999,6506195.6995641,7693,148.76235,3328105.5131078,0,66.36932695486736,85.78765782913456,88.4007704578544,113.57055400000002
1677873179999,5932819.9617429,6942,134.29955,3004774.7443094,0,65.2343796207046,67.66603270772096,89.00887671360152,128.39468400000004
1677873239999,7092580.8309673,7553,148.9901,3335321.75753,0,65.18242648961635,49.270989702777456,89.81616326532566,143.91756000000004
1677873299999,2613428.4918509,3881,55.76082,1247623.6792605,0,49.83067076654882,30.14999854030957,89.3317374559387,137.15680200000003
1677873359999,3469929.5039868,4659,60.81545,1360303.8234922,0,53.51126054638538,22.356445987324623,88.91787027969349,109.72565400000003
1677873419999,2886771.381572,4317,65.71518,1469860.6649301,0,48.02937495686222,7.4181556589347935,88.57359372988508,93.11622000000003
1677873479999,3299955.1392662,4731,64.04581,1432041.4279888,0,49.11015434060793,9.51842215608825,88.20757398467431,79.06547200000003
1677873539999,2469179.5463272,4224,60.76843,1358496.9594096,0,49.5410951188761,11.292481701979101,87.79769733045977,61.42113800000002
1677873599999,3459878.276891,4263,73.47891,1642846.5488756,0,49.60030376234403,20.844722926447147,87.5639146657088,64.96475600000002
1677873659999,5483942.305139,6162,123.92347,2771058.6284786,0,56.19915153302161,52.07778976262703,88.02401655555559,77.58636000000003
1677873719999,5065774.9439725,4894,140.42386,3140988.9934815,0,59.93277471943256,76.21890789113472,88.70598162068964,92.52809600000003
1677873779999,2405791.9814599,3836,41.38487,925692.9686631,0,46.95080123535107,66.66666666666667,88.01277656513415,87.99590800000001
1677873839999,2847507.2636413,3881,74.1414,1658046.1327143,0,48.47702116624405,37.25215182104743,87.7746013773946,90.67050200000003
1677873899999,3374721.4025177,3610,99.27582,2220962.6654503,0,38.33603003890891,3.918818487714097,87.88143619061302,95.82988400000002
1677873959999,1859449.2032543,3425,41.21219,922032.556041,0,37.55012643866728,3.918818487714097,87.18273326628353,79.28762800000001
1677874019999,3250705.9257199,4300,60.31784,1348919.3979089,0,41.52704460641055,12.131894946348966,86.74710905172414,63.26642400000003
1677874079999,1366760.8445271,2625,29.71995,664719.8109346,0,36.82048071957102,12.131894946348966,85.89049667241378,60.93344000000003
1677874139999,2072336.8668429,3624,49.53065,1107937.4658359,0,49.17821736599605,45.4652282796823,85.30740773180078,56.01129000000002
1677874199999,2325850.2998847,3086,42.4244,948802.354344,0,47.58721079045836,62.3751403107247,84.62566117432954,44.64100600000002
1677874259999,3046872.0440775,4338,52.8486,1181856.6808539,0,48.33610524548338,93.43698940546089,84.0910121283525,46.968288000000015
1677874319999,2145757.2261603,3827,54.13235,1210199.1520293,0,48.71672022112242,92.19216289696715,83.57598477681994,45.731190000000026
1677874379999,3830702.1658247,4825,94.81827,2120749.5409642,0,54.01850185958966,96.48368925290913,83.63155986590043,58.750854000000025
1677874439999,2217333.2291412,3026,34.54069,772370.5296582,0,45.86845256140701,65.42184015817294,82.85280265421453,55.75286200000003
1677874499999,1828147.5705461,2936,34.58151,773221.166104,0,39.38494684938258,33.33333333333334,82.07876941570886,54.18428400000003
1677874559999,2054248.06745,3111,53.2275,1190379.8418308,0,39.692427154571256,0.7004001077756089,81.56699955076627,54.26006400000002
1677874619999,2215644.9334266,3337,49.02937,1096872.7723904,0,51.164853257289025,27.533493409869816,80.99783266858238,53.23946800000002
1677874679999,2058651.18947,3197,42.59649,952740.0741604,0,44.77400700796974,42.78279441441807,80.34728618486592,42.795112000000024
1677874739999,1999562.6257667,3168,40.07884,896227.3072268,0,39.39848141258402,42.120692752410406,79.669574887931,43.902742000000025
1677874799999,5854763.5308893,6541,100.07273,2236303.3049363,0,60.46888656249101,48.62093278364953,79.82555416091952,57.000986000000026
1677874859999,3272636.2403758,4644,77.55164,1733304.5343064,0,53.028396262640825,54.93412627170951,79.67447657088123,61.86581400000002
1677874919999,1943233.3522277,3357,46.14754,1031426.0905888,0,52.878569454756125,76.22129664704713,79.09456096839078,61.28944800000003
1677874979999,1495933.0749057,2917,38.57596,862333.4681189,0,47.99440930579407,56.48670181613568,78.41351168678165,60.485342000000024
1677875039999,1272162.2085795,2466,22.99343,514005.8691326,0,46.549655087498905,34.92420732352745,77.52542644923372,57.06826000000002
1677875099999,2792628.5953614,3907,59.34383,1326842.6081582,0,51.05611328756148,36.7846120038631,77.14268631417629,48.92248000000003
1677875159999,2380361.334893,3903,44.27255,989391.5847108,0,48.46561017167338,33.276888447525884,76.55393571072794,42.266662000000025
1677875219999,6522056.018199,5691,117.4197,2622830.7549547,0,53.19450262578569,66.61022178085922,76.98119111877395,56.521094000000026
1677875279999,1775214.6056719,2775,38.42555,858698.0487431,0,50.52149742192454,63.34876997878922,76.31928639080459,56.491012000000026
1677875339999,2537017.6901038,3440,52.51362,1173819.014644,0,52.31969387058936,80.42467791732501,75.85840395210727,62.395050000000026
1677875399999,1266577.0964049,2370,26.92127,601758.1506635,0,46.657108855229275,47.09134458399169,75.04522414176243,55.91053800000002
1677875459999,2113400.497221,3161,41.09222,918367.3931427,0,49.01631122714821,39.19619354262325,74.4311735651341,55.274472000000024
1677875519999,2565777.1074274,3161,52.33529,1169756.6534742,0,51.192754624355295,38.72877130904714,73.97585318678159,42.25759000000002
1677875579999,1577477.9973636,2498,29.98641,670238.8168273,0,48.82119673614824,51.46787588789673,73.21347728735637,40.56976200000002
1677875639999,4940361.2699192,5093,69.27207,1547339.0474027,0,46.21958358083484,39.43860522989395,72.99383779597699,43.92145200000002
1677875699999,2301297.8880393,3580,52.69976,1176796.3586974,0,46.904523134827926,17.33000206993489,72.54820478065136,49.07715000000002
1677875759999,3030025.5621043,3670,54.19415,1210048.0681983,0,51.082952007275566,37.18826433463547,72.12796442624521,51.69753600000003
1677875819999,4410610.4017201,5256,67.87317,1514815.6295481,0,53.8791898876387,70.5215976679688,71.89655221551722,54.80511200000003
1677875879999,6474330.6385989,7787,132.78269,2960857.6086402,0,62.857475116361,99.26403351021685,72.56174159578545,75.36436800000003
1677875939999,7560334.6017206,7808,167.81879,3740543.2829911,0,62.742783746275265,99.76035496916495,73.70430225574708,95.07371200000003
1677875999999,5587481.6420564,6101,137.37536,3063762.1926415,0,60.555753273120125,93.2442472057719,74.4164848113027,112.00883200000003
1677876059999,4117469.3864761,5367,96.45737,2152415.9437011,0,47.43596301631195,59.910913872438556,74.55839823850577,120.46147600000003
1677876119999,4548326.1542345,5330,77.93899,1738922.3586128,0,55.67232649819358,44.61998366622196,74.44239154310341,122.47464000000002
1677876179999,1494061.7854371,3006,37.5155,836801.1881451,0,47.998305232867125,19.027358611472014,73.76950409770117,103.42120200000002
1677876239999,3596843.3355779,5175,89.55028,1997969.505501,0,57.80758539293495,45.378446481038424,73.82036308908042,87.76750000000001
1677876299999,2263209.141712,3455,57.96719,1293372.0105352,0,52.016173094269796,42.29601503388142,73.43209441858235,71.88586600000002
1677876359999,2974169.4024363,4481,69.6909,1555041.7759438,0,52.07121976892182,54.91175913655254,73.20576765613026,66.53257200000003
1677876419999,2020211.3809983,3515,46.2268,1031652.8375805,0,51.93298409846917,41.931271356547434,72.65552705076628,60.19013400000002
1677876479999,2355115.5638524,3799,48.02442,1071626.0486659,0,47.22324033483401,27.210944707422755,72.13943213409962,62.291918000000024
1677876539999,3162676.8055329,3958,74.62085,1664706.1449396,0,52.79162746972567,46.703933422894636,71.99551956513409,59.30603200000003
1677876599999,2756690.4069349,4194,63.1721,1409889.2525198,0,51.11506161029157,56.630451997319575,71.69245002873564,60.347014000000016
1677876659999,4805229.4286295,6596,109.21794,2437203.4715228,0,54.7528926936051,89.96378533065291,72.02649673467431,68.25242200000002
1677876719999,2591974.3800103,4156,54.75419,1221928.5345111,0,40.80930896500535,56.630451997319575,71.60873691762453,69.95790000000002
1677876779999,3709609.2932413,4773,48.87746,1090175.3296784,0,34.95701109903172,33.333333333333336,71.1088608237548,70.12850800000002
1677876839999,2413827.3082184,4159,71.77122,1601160.1888903,0,41.54124561017062,11.086875957309944,70.92681158812262,69.55858200000003
1677876899999,3290582.3404037,5345,80.61067,1798760.7917325,0,47.7725246203451,32.66630307213381,70.86844523180078,73.04629600000003
1677876959999,2290033.8769293,4738,48.65029,1085858.1521568,0,46.03297428689785,61.47504119369713,70.36578828927202,60.93276600000003
1677877019999,2301434.2334339,4521,48.65685,1086071.9825906,0,51.694579478087135,83.72149856972051,69.8658548840996,59.71329800000002
1677877079999,1425889.3732201,2677,30.15992,672997.6170095,0,39.94055835914378,62.142071454896644,69.11720268295022,55.969790000000025
1677877139999,2831533.4065594,4459,73.58829,1642235.6229444,0,52.543801933791684,66.66666666666667,68.9901752940613,56.33320400000002
1677877199999,5926638.7757552,6684,85.20057,1900450.0372381,0,52.5265731592073,66.62109962809087,69.02808676245208,57.25118400000002
1677877259999,4254606.5585096,6276,74.15341,1653258.7520017,0,54.74113438610272,99.95443296142422,68.91617449712643,62.35180800000003
1677877319999,3653412.5521229,5277,101.53382,2264315.0717462,0,58.35831535960373,99.95443296142422,69.18231051819922,72.92720200000002
1677877379999,1894204.3459985,3361,34.42156,767965.7523913,0,44.426250406149116,66.66666666666667,68.52160069540233,73.77953000000002
1677877439999,1589186.5548472,2903,32.52296,725674.7679295,0,45.634802671023124,36.224869916775056,67.84068555459768,65.56646400000002
1677877499999,1630471.6439809,2653,36.82121,821506.4066463,0,38.29724459756853,2.891536583441724,67.22324048946365,55.89059200000003
1677877559999,2710501.3552393,4431,56.03556,1249506.3017858,0,50.23377076770958,22.725184068716974,66.93813027873561,52.26702200000002
1677877619999,2236236.7326714,4040,56.12172,1251899.170939,0,51.35015602651191,53.166980818608586,66.67459260440613,43.18460200000003
1677877679999,2735301.2435248,4364,45.55187,1015689.8907569,0,44.87805303053893,69.97244849477823,66.28510614080457,45.41066400000002
1677877739999,1718157.659234,3226,34.21151,762660.6067632,0,41.02363797490846,57.10121546695103,65.75338188793103,45.74837400000002
1677877799999,12014662.3818043,11965,244.09598,5435196.777865,0,72.39418363076376,57.10121546695103,68.13338539750958,87.20332800000003
1677877859999,6265144.6225137,7538,150.80769,3357246.9134253,0,59.64309895669608,60.08018846330367,69.21624997796935,106.15775400000003
1677877919999,7025195.143431,7559,148.81795,3311902.8533344,0,61.56171712180763,74.94087666209491,70.27586211111114,124.69700000000003
1677877979999,3608477.2194711,4524,73.64813,1639355.0310003,0,50.005490996380935,51.15137160641436,70.30172629597699,130.31625200000002
1677878039999,3656542.8441286,4478,88.27681,1965676.4043506,0,50.28072575634906,31.776713324885645,70.53028413888887,141.12931200000003
1677878099999,5129046.123869,6329,98.1573,2184952.0410542,0,52.19517632210002,16.2696441267237,70.89615818390801,111.94157600000003
1677878159999,7290425.5263686,7467,173.72064,3865402.5795627,0,56.06688752824602,24.209598951723677,72.30510636494253,116.52416600000001
1677878219999,2620974.7497856,3920,59.19336,1317692.7653031,0,51.928247683530934,34.37359922529134,72.137452644636,98.59924800000002
1677878279999,2881153.1923631,3999,59.81367,1331281.1881617,0,52.12855667379999,38.70268188100659,71.98529491283526,95.83235600000002
1677878339999,2399580.2772764,3837,49.73452,1106661.7291094,0,50.99818071573522,21.218898778353843,71.70198482854403,88.12389800000003
1677878399999,14218336.8610808,13837,265.26341,5894899.1236445,0,62.40741001884549,43.97844944712594,74.39377822701154,121.54512000000004
1677878459999,28647236.8992597,24261,556.62007,12342275.6163853,0,72.05951570295825,66.66666666666667,81.08477345114943,198.12500600000004
1677878519999,10641570.6731174,12037,251.73822,5586395.21948,0,57.21567418459741,76.5069632300676,83.52358958524907,236.633978
1677878579999,14603750.5910854,15261,373.9305,8324275.4471921,0,61.03276567725363,59.05515714022878,87.62922557088127,299.45734400000003
1677878639999,13755407.9204329,12635,290.47042,6474979.8378068,0,51.6407984546142,25.721823806895447,90.55738566570881,347.604524
1677878699999,7422542.1570027,7631,185.16092,4128492.8909438,0,51.205217427900585,15.881527243494526,92.01038624712646,331.58402600000005
1677878759999,5903544.8068964,6527,129.29654,2882251.8085905,0,49.34007497220994,0.0,92.68081260823756,246.11932000000002
1677878819999,5202180.6370573,6050,120.13335,2678014.5026368,0,51.64484696177097,6.570406668862684,93.22207793390801,219.79834599999998
1677878879999,4844906.6693304,4977,111.44858,2484520.9141921,0,50.82338034216561,28.023076414850348,93.63958609195403,167.301962
1677878939999,4736283.4611168,5228,89.512,1994755.387848,0,49.69540961971628,33.16219139188858,93.75232393103448,127.110278
1677878999999,2845844.6036319,4093,59.47059,1325644.5972165,0,45.84135859774037,26.591784723025896,93.45128299521075,101.97221199999998
1677879059999,3135410.9810716,4072,88.08651,1963019.5096695,0,51.12185933725167,35.46857896079943,93.54295973275859,93.73020600000001
1677879119999,4148546.9287696,4935,107.41794,2395123.6337684,0,51.821899516726326,63.66279731709452,93.89861789080459,91.18712400000001
1677879179999,2440540.1759959,3687,51.76325,1154165.8018615,0,50.07502579673966,87.25969965056629,93.48130915613028,79.250058
1677879239999,3628905.754804,4443,84.43667,1883090.4764704,0,42.2668502482145,56.93023566680509,93.52192303065137,78.234992
1677879299999,4893377.0786304,5239,103.93407,2318124.064114,0,24.77529705834202,23.59690233347175,93.82882168103447,87.127688
1677879359999,2245642.5984222,3333,37.73544,841050.3563323,0,33.753789417349836,11.065459297303262,93.22102683141762,77.057474
1677879419999,2461359.2612961,3668,45.83538,1021485.5201338,0,19.87362380280996,11.065459297303262,92.73108324521075,64.740962
1677879479999,3712540.3994371,4528,86.26826,1921458.9484073,0,29.641029483824397,25.604685708509507,92.8028999846743,71.641964
1677879539999,2397645.5608152,3570,45.87934,1021860.5805112,0,34.048691618163545,47.87255974453958,92.31692245019156,63.930498
1677879599999,4883101.6203831,5377,103.52537,2304895.639131,0,47.06053657862128,81.20589307787291,92.62536765517243,63.848758
1677879659999,2121581.1473634,3207,50.31194,1120349.4364522,0,42.76335262479674,94.73130817358094,92.19617640038315,66.364058
1677879719999,3472748.0521753,3391,88.2679,1965159.709584,0,47.734875391704584,94.73130817358094,92.29457761398466,74.850562
1677879779999,4125080.2538415,4708,96.9611,2159417.357209,0,50.74723650591645,94.73130817358094,92.51373117337167,76.98913
1677879839999,3155892.2330064,3648,88.8059,1977228.9617825,0,53.0778382147531,100.0,92.61612295114944,85.574442
1677879899999,2857647.0440408,3620,78.06574,1738920.8404194,0,48.90765437587394,86.52321274286383,92.56735515229884,80.482516
1677879959999,2224881.9522576,2910,41.05399,914470.0453166,0,43.03428859433068,53.189879409530484,92.00566240708811,78.630926
1677880019999,883683.7322022,2081,19.98811,445239.1632326,0,46.40367854245441,31.03914610461889,91.15687967816093,64.974968
1677880079999,2507414.6626348,4035,66.73489,1487253.1662829,0,48.05836030295834,27.85688982470312,90.95569257854407,58.929726
1677880139999,25180260.4094827,21720,494.58375,10981584.6954629,0,72.60187201163549,61.19022315803645,96.65429779980838,140.08529600000003
1677880199999,12795906.3912883,12765,305.42662,6777665.944911,0,63.55870538491925,73.14604525553476,99.7000435613027,185.55747200000002
1677880259999,6845163.4879394,8469,156.33876,3474157.083506,0,54.897574072190274,67.27898349672331,100.66509692241378,208.614426
1677880319999,6215138.7908291,6526,146.68368,3256955.6887865,0,52.75274643039866,40.321247080355285,101.4871973256705,233.95354000000003
1677880379999,5028106.2581041,6481,122.62146,2724683.7243589,0,53.5494594397537,18.520773077295562,101.96818992528738,245.130854
1677880439999,8584333.7367996,9690,201.63011,4488145.0776346,0,54.44958943113827,12.94782675383538,103.53315268486591,186.54012600000001
1677880499999,4711926.5072048,5650,90.55124,2015526.3352877,0,51.73405255822019,6.572229836870075,103.5535532969349,143.56505
1677880559999,2422412.0901577,3862,51.18046,1138846.9047534,0,48.40371863422019,5.234281714009753,103.02720381992337,122.53339000000001
1677880619999,4384760.9397249,5362,105.28495,2341609.2387593,0,50.3447888896712,10.701906147473315,103.25049964463598,114.25364400000001
1677880679999,2746405.9832179,4386,62.404,1387523.5428867,0,48.93696705316568,13.641920563137623,102.87742836590037,102.21015200000002
1677880739999,3911326.6892373,4328,89.15579,1982608.2133318,0,50.44084019262077,34.03148314043247,102.8703131264368,79.71528800000002
1677880799999,2437162.348852,3714,54.99169,1223114.2378419,0,50.55529417981801,56.66291032629249,102.38686786111116,72.603378
1677880859999,2040706.1339433,3461,38.4444,855067.7938077,0,50.737977161053344,87.05622924396152,101.67504197605366,70.056166
1677880919999,2470314.584016,3383,46.14847,1026145.6848858,0,49.15032013530808,70.61543373554653,101.07108427681989,58.22887000000001
1677880979999,1385429.0736686,2467,31.30671,695999.4574931,0,20.987705842815785,37.2821004022132,100.26153221264369,52.00941200000001
1677881039999,2565556.2588144,4111,64.20145,1427818.5879186,0,31.21745896400178,15.41057079694081,99.90542568199231,47.018544000000006
1677881099999,1526198.9069609,3372,31.13872,692787.5552475,0,38.10174004963664,30.63701731827514,99.09131244157086,42.24795000000001
1677881159999,4471683.4629695,4874,128.84554,2867321.6215488,0,48.54780671037313,63.257214412814086,99.6273762988506,60.328178
1677881219999,4845525.9832487,5140,114.05129,2538022.2169642,0,49.291617618841265,85.12874401808648,99.95012952394639,73.908742
1677881279999,3030143.2956788,5120,75.42389,1678742.9855841,0,38.822010251217094,79.97825200678267,99.73683454597703,82.732178
1677881339999,1465035.1546146,2882,29.49035,656330.371244,0,43.88638771098938,64.58984208053387,98.88949016954025,75.78995800000001
1677881399999,4607903.8700195,8056,81.36707,1809364.3274228,0,52.94854086512422,64.58984208053387,98.76099281513409,85.835628
1677881459999,3286838.0004087,5592,78.54684,1746970.8650675,0,47.097509871714976,70.09220715079435,98.59311054885063,75.77588800000001
1677881519999,1649710.3036179,2891,45.19253,1005175.5251213,0,48.092192123454886,74.73458504492366,97.96474813409958,62.004136
1677881579999,1277418.3744107,2451,16.49291,366884.3203389,0,41.98030283277676,41.40125171159034,96.94196436781607,50.21794000000001
1677881639999,1551037.2796849,3062,37.49867,834106.2897821,0,48.01156589171818,40.20364527353467,96.21417219636018,51.819604000000005
1677881699999,932053.1524305,2367,23.53142,523336.6132985,0,48.29483783272031,51.66281354444853,95.2987154597701,40.252474000000014
1677881759999,1703875.3039792,3145,36.32671,808157.2690709,0,48.889896618842215,84.99614687778187,94.57645427203067,31.80844800000001
1677881819999,1157147.3609653,2735,30.67901,682591.0333777,0,49.927548503604775,100.0,93.78706347126436,28.90574400000001
1677881879999,1095669.3504614,2534,26.67353,593596.1462617,0,45.35886851525771,66.66666666666667,92.95235000957857,30.94186800000001
1677881939999,3681026.0596633,5127,85.14512,1895786.7280056,0,56.28411111635501,66.66666666666667,92.93585738409962,40.47115800000002
1677881999999,1605328.3959857,2893,34.80424,774796.6083342,0,37.70187593754899,33.333333333333336,92.22219320498084,42.72572200000001
1677882059999,1523329.5775673,2571,32.90203,732445.6081794,0,39.017498485172396,35.69333386603555,91.48478314176248,42.04078600000001
1677882119999,3079438.4875907,4486,67.90278,1511842.8433668,0,48.972024129921564,22.576707661718203,91.23328506609195,49.485540000000015
1677882179999,3025888.6885507,3226,44.34175,986828.3375534,0,52.16209798012991,48.515858510972215,90.65643782471267,53.01918400000002
1677882239999,1856785.8040266,3179,54.38345,1210515.4598188,0,45.52679287220943,64.19365599552141,90.21967022701149,46.866850000000014
1677882299999,1041862.1936248,2594,23.43329,521667.2504366,0,41.64297225606079,50.63487651173486,89.35783293773947,44.59266000000001
1677882359999,1326409.2010168,2676,32.41599,721661.7864543,0,47.90803757723527,44.54865984958476,88.62952045498083,44.495452000000014
1677882419999,1276364.5725513,2871,29.29547,652188.0774879,0,52.287862649325554,59.84419516566667,87.86851189846742,36.77399000000001
1677882479999,1069184.1104608,3007,23.2311,517129.4008976,0,47.30649760396037,70.92099012338365,87.02501484770114,32.55186000000001
1677882539999,1062750.0581836,2615,25.0355,557277.8272308,0,50.29761511373793,78.16914242923572,86.21128253831414,26.68227000000001
1677882599999,1473757.9145928,2949,30.81579,685994.368347,0,48.87840696715783,55.354407571635534,85.48438950862071,28.15877000000001
1677882659999,2351237.7790944,4892,61.12114,1361593.4676159,0,55.63051991401814,70.95301830202247,85.17649713026819,33.89980000000001
1677882719999,3186389.7350799,5365,89.61161,1997654.481052,0,60.674113741697276,77.18526514239981,85.26149980747128,45.96302800000001
1677882779999,3586949.501569,5397,87.89819,1960215.978698,0,50.57823452873402,71.47018711713316,85.31713235632182,58.89644600000001
1677882839999,1745533.7181937,3137,31.18348,695040.180539,0,49.25935253670467,39.21336288107324,84.5868179913793,60.126042000000005
1677882899999,2371430.0850085,3607,53.6392,1195854.5406508,0,53.91288635732983,19.46925767394837,84.16731441187744,64.69072400000002
1677882959999,2639744.7359883,3839,56.99426,1270467.1905947,0,47.662525783202945,14.665737223481875,83.79401179406132,63.86534800000002
1677883019999,1754835.8823427,2962,41.62091,927766.5471394,0,49.395777665438956,22.832704891430282,83.20838884003831,54.26720800000002
1677883079999,1367084.4894075,2956,26.17968,583506.8834488,0,43.883418798599436,9.243476765221818,82.41487893582374,41.92350600000002
1677883139999,1630885.4496629,3247,41.04546,914937.2670445,0,54.10602554598399,42.57681009855515,81.82721513601534,43.895902000000014
1677883199999,1114969.8398449,2756,26.01562,579880.0654675,0,48.5487644327804,48.54584468022174,81.03162404597703,38.37118600000001
1677883259999,1369984.2038837,3341,29.90781,666757.6400242,0,50.1383592956415,68.94162255961761,80.29232483716477,32.95389600000001
1677883319999,1272414.374934,2370,13.82991,308261.5396511,0,47.967747127741745,48.92625019283613,79.33309305747127,27.395696000000015
1677883379999,962674.3444232,2479,18.70345,416749.7776004,0,48.649127219764914,37.41390820721458,78.44383793869734,25.900450000000014
1677883439999,1270399.5100951,2826,25.90569,577081.9220191,0,48.95880161566948,32.23740813623317,77.65597151245207,22.872496000000012
1677883499999,1962402.4183458,3375,54.58517,1216309.94476,0,48.60440886686149,28.696439248000065,77.27078824329507,28.58640600000001
1677883559999,1712127.1597168,2966,42.68693,951379.2647966,0,39.216321716833036,24.9962698867332,76.72369117241384,31.142230000000012
1677883619999,1698303.9583455,2725,47.07885,1049642.0471772,0,40.73345797888956,14.9677863381311,76.23750378448274,37.792018000000006
1677883679999,2193186.2693407,3837,56.92043,1269464.1003215,0,57.422204549860304,38.52412759314569,75.88624787452106,45.435414000000016
1677883739999,1173957.0416427,2942,25.72908,573971.0526941,0,42.33717177785086,44.238123246163035,75.10151673467432,45.400092000000015
1677883799999,941598.1590544,2152,17.58429,392232.5756047,0,39.45713034800913,39.48822792248877,74.20766346743298,37.99991600000001
1677883859999,4504639.2246608,6022,115.62437,2580764.4898397,0,63.726196549350995,39.48822792248877,74.66864351245209,52.587404000000014
1677883919999,3867734.0111307,5790,80.33333,1792087.1456553,0,59.35554827125439,61.10452145071875,74.64302255842907,59.23830000000002
1677883979999,1898376.6562044,3895,40.20934,896841.9711034,0,49.867146810115656,74.9616818572058,74.05995310440612,55.896082000000014
1677884039999,1318576.5434111,2886,35.57794,793659.7652563,0,51.57130409011128,58.26705180373242,73.414180841954,57.86585400000001
1677884099999,1367512.2042302,3731,34.08225,760712.7215442,0,50.69139976104668,32.91922887243185,72.74694918965513,61.16544600000001
1677884159999,1261123.2373607,2989,32.10054,716357.6380818,0,53.174331506577516,30.239511179194693,72.05305505938699,44.46068000000001
1677884219999,3772759.7854973,6471,88.50054,1976272.1944862,0,60.28504435322956,46.93414123266808,72.13903015804601,46.09412200000001
1677884279999,952684.7201926,2037,25.01723,558516.1726948,0,49.887705741570066,44.95167498272131,71.34376859291189,43.055700000000016
1677884339999,939176.8172588,2229,19.90889,444566.3457102,0,45.33950333882187,33.33333333333333,70.48228613505745,39.92189000000001
1677884399999,1764878.0434654,3562,29.23857,652576.5234345,0,48.17997261262322,6.3351543470682365,69.75262980651344,38.95315400000001
1677884459999,4067335.5921773,4864,130.354,2910881.8934039,0,58.9316827834941,36.65005882051441,70.42005944540227,58.60384600000002
1677884519999,4151306.6406522,5724,94.67931,2115011.8024143,0,53.83719486231521,57.48971777803896,70.58943964080461,59.83960000000002
1677884579999,7239613.1675173,7696,151.33732,3378393.9874844,0,62.13657403435151,84.48789676430404,71.54395937835253,85.10361800000001
1677884639999,3854160.1978496,4729,86.71454,1936471.8926913,0,56.022258843293166,72.90316399407475,71.60870911111111,98.46474800000001
1677884699999,2444744.9125617,3569,49.78562,1112160.2677324,0,43.581028255730835,52.063505036550204,71.16894699904215,102.57415800000001
1677884759999,3523802.7680385,4795,78.88012,1761256.4685342,0,49.85658596212028,30.003634600797984,71.13495880938704,92.27938200000001
1677884819999,1665481.4086391,2850,42.70623,953850.2777945,0,50.2483487363744,23.250691628708893,70.60193026628349,81.884766
1677884879999,815522.4579721,2114,21.396,477888.5215552,0,48.634716681237315,36.79085388714529,69.77447031992335,55.89650200000001
1677884939999,2259977.8775396,3257,53.99126,1206215.3909823,0,51.80834249584564,58.8507243228975,69.40312835440616,49.35184600000001
1677884999999,1193246.1821694,2078,25.55654,570878.881389,0,49.432859903084214,55.256580308027225,68.639964190613,44.50603000000001
1677885059999,2884052.6834448,3782,98.85512,2208753.5398162,0,50.871849598825136,65.21354770793731,68.89204235249044,48.50103000000001
1677885119999,3357223.3587192,5057,68.88658,1538620.7871918,0,53.91471421975377,65.21354770793731,68.72572031513408,53.73710000000001
1677885179999,1233177.2694447,2786,29.52448,659604.0094595,0,50.808620783116346,67.06254390303538,68.01447446934867,55.36279600000002
1677885239999,2845340.5746035,3818,86.00575,1921915.6059972,0,54.423056437232674,76.89874757802222,68.08660019923373,61.76569400000001
1677885299999,1951896.3966158,3713,45.39307,1014425.6474337,0,42.69110750996484,43.565414244688895,67.59636390134101,65.73300000000002
1677885359999,2479508.9862384,3889,33.96227,758867.4465676,0,44.54936608335337,38.61309996292687,66.95457488984677,52.75443000000001
1677885419999,1392453.277635,3334,31.61907,706342.9123327,0,38.09146813236457,5.279766629593536,66.2824574415709,45.30092800000001
1677885479999,3147109.2112823,4515,70.16723,1566856.1353392,0,48.263962918514586,26.04217829516683,66.14369185440613,53.42947800000002
1677885539999,2078633.4483758,3968,54.82209,1224795.0325637,0,50.55345937300487,54.09574499890663,65.79342280268197,47.192746000000014
1677885599999,2876291.0463626,4238,50.78201,1133853.2222689,0,46.73235729296782,77.2083947452385,65.38989868007661,48.27053400000001
1677885659999,2477648.9054948,4134,42.72719,953634.944242,0,50.00260809677671,88.30589945634676,64.87506940421456,50.02351800000001
1677885719999,1894463.4136165,3387,56.95239,1271298.1282222,0,54.50376709461442,88.30589945634676,64.5570177586207,55.090182000000006
1677885779999,2251496.897001,3024,31.56066,704735.0686707,0,47.10600551142185,66.79591138055186,63.88616902586211,47.368868000000006
1677885839999,1166563.5694126,2778,27.21932,607750.4893911,0,50.228753487060594,49.93282862579546,63.15946537643678,41.84831400000001
1677885899999,595758.9202508,1654,14.17564,316524.9666712,0,36.03518719065887,16.599495292462134,62.25840265900379,34.527040000000014
1677885959999,1011659.586976,2401,31.81884,710637.3892908,0,43.627981382325856,28.70081849994094,61.60643942145593,32.34537000000002
1677886019999,2054533.7560137,3258,47.70623,1065839.7261271,0,53.399872672251014,47.03731821134911,61.18029027777779,30.49613800000001
1677886079999,2209702.9390679,4268,43.27977,966588.3502641,0,40.07913199725004,54.80009401069208,60.691814035440615,32.839960000000005
1677886139999,1127232.9732119,2748,24.398,545000.1930141,0,44.577802706229136,57.49455474926228,59.94186924042145,32.27569600000001
1677886199999,5039540.9168734,5064,134.88657,3014931.8656727,0,67.24254165420342,57.49455474926228,60.717094683908066,56.417882000000006
1677886259999,8723121.6400078,7848,196.31199,4390693.0885293,0,73.41097601498548,83.06511228325265,62.33201452107279,89.31651200000002
1677886319999,5156064.5442789,5679,93.49886,2091542.7036414,0,52.804228996307835,79.3923322416915,62.515394033524906,98.47503800000001
1677886379999,2109434.3894305,3132,40.6308,908803.8288219,0,48.43546585640205,50.51874984508143,61.96496630172413,97.94524400000002
1677886439999,1975798.2659868,3543,41.82062,935446.5695621,0,49.00579365976244,17.94659923266025,61.43033500574713,101.42976800000001
1677886499999,3254187.6826622,5226,64.6737,1445886.0506529,0,52.35741215739447,10.455322966855803,61.23029364080459,87.38719400000001
1677886559999,1941851.7833959,3936,42.30503,945740.9471151,0,48.453687740054136,6.134603628387002,60.72996927873562,56.585802000000015
1677886619999,2497473.7627775,4566,47.90388,1070813.1393786,0,51.800590547849865,33.974226334075524,60.317072820881215,47.46680600000001
1677886679999,1789197.014156,3101,36.73484,821102.8834757,0,51.03282020115872,50.762672872318184,59.752586563218394,46.68761400000001
1677886739999,2414848.1567308,4626,55.12866,1232678.6982166,0,54.39403221340232,83.95697460739706,59.44674513793102,49.34922200000001
1677886799999,2792766.4224896,4112,49.71604,1111823.8539982,0,51.97202721074043,75.09879233714473,59.07036840229885,46.35769000000001
1677886859999,2961151.9703845,4315,53.70539,1200555.5883551,0,50.6788243632313,53.07595648968169,58.760895019157104,48.637762000000016
1677886919999,2429558.2795606,4338,59.28923,1325486.0626109,0,51.80678980427868,29.862877406236922,58.52896578639848,50.91483200000001
1677886979999,2675427.1322615,4007,44.61946,997244.777058,0,52.304051072498225,24.702001981643907,58.09474513218389,52.49175600000001
1677887039999,2327429.5308175,3502,60.24377,1346690.0939969,0,39.14948718713566,24.702001981643907,57.87652215038314,53.514778000000014
1677887099999,702084.0324448,2088,18.5148,413937.3120415,0,22.58444394560432,14.581747731755335,57.102365065134094,47.27453000000001
1677887159999,2210201.7514985,3672,42.00085,938920.6751326,0,39.48746663672689,18.95832900140266,56.7036961475096,44.933622000000014
1677887219999,1293003.137275,2367,21.6981,484962.8461511,0,45.54253985973786,44.70799185989792,56.04507908524905,37.41539600000001
1677887279999,3202104.6386541,3866,58.50252,1307137.7094482,0,53.363482403046554,78.04132519323126,55.92784793103451,40.19200800000001
1677887339999,3927943.263176,4317,84.08689,1878355.1467832,0,53.871537064344665,92.41632952516193,56.18572378639848,44.96063200000001
1677887399999,1835410.6377188,2563,62.05988,1386701.941112,0,53.94504974275204,100.0,56.14946023467431,53.66964800000001
1677887459999,1549694.0875446,2516,27.60074,616842.5570176,0,46.364512587334,69.92748888542526,55.64433849329501,50.78962600000001
1677887519999,3351519.9105728,4395,69.55142,1553729.3208298,0,55.29270482176627,69.92748888542526,55.72671009770116,60.360290000000006
1677887579999,1889523.3148153,3181,49.65888,1109813.0002438,0,49.12207026917605,46.88947480387102,55.53871497796935,58.59156200000001
1677887639999,2544735.2609213,2907,43.71656,976718.4180512,0,49.03868512517019,53.612654077684205,55.27257417241381,50.51749600000001
1677887699999,2198292.3121261,3500,35.63222,795870.817153,0,47.14159219898771,23.18054117527919,54.896434235632206,45.231964000000005
1677887759999,2813727.2933898,3903,81.28536,1816045.408806,0,53.087524456443234,37.20064376680943,55.1550171388889,55.96888800000001
1677887819999,1266798.430319,2483,25.2979,565167.4606736,0,47.569783222544345,29.61711262952258,54.64386233524903,47.11818400000001
1677887879999,1277872.4892066,1950,36.5244,816219.8644449,0,46.98326397072681,26.715892198594272,54.290090802681995,44.49128800000001
1677887939999,1562085.8186466,2793,32.3921,723999.8931744,0,51.95161900855228,29.531002379877176,53.88391132662833,42.22639600000001
1677887999999,1979034.3427193,3436,54.82525,1225504.5467284,0,51.80890256976893,53.48173711232729,53.79400728831416,46.06500200000001
