OpenTimeStamp,Open,High,Close,Volume,CloseTimeStamp,rsi,stoch_rsi_smooth,wma,sma
1568678459999,121046.61276517,198,5.169901,53024.77485059,0,,,,
1568678519999,160984.93308187,211,11.735473,120380.47519235,0,100.0,,,
1568678579999,57920.18884502,152,2.976941,30544.97791995,0,42.844736631910095,0.0,,
1568678639999,290735.54520113,315,3.243689,33250.82399456,0,43.82262111140559,0.8554631908506363,,
1568678699999,153403.70259708,244,4.73227,48439.25257432,0,48.718836275185474,3.996123144216771,,5.5716548
1568678759999,40007.03542779,122,2.281701,23348.63934209,0,42.605735524246235,3.996123144216771,,4.9940148
1568678819999,112965.16047636,179,6.986682,71512.23347593,0,53.74826134600548,36.75914768364968,,4.0442566
1568678879999,237053.71912931,298,6.848322,70077.44690715,0,53.44314893529377,65.75391009306023,,4.8185328
1568678939999,38712.25325851,118,2.551305,26104.37764661,0,45.43326976012858,74.21259735156526,,4.6800559999999995
1568678999999,63400.2718612,165,4.527366,46321.3689356,0,48.95169651294682,59.86347247692843,,4.639075199999999
1568679059999,74025.8946388,181,4.507829,46113.26999318,0,48.92050983699907,41.422625545566014,,5.084300799999999
1568679119999,75759.0364267,141,4.603504,47084.72309156,0,49.079377547999485,48.1373165121897,,4.6076652
1568679179999,337471.85400959,272,23.377763,239095.71805366,0,68.3784537482438,62.48644138682653,,7.9135534000000005
1568679239999,42457.70195298,83,2.648141,27083.04652348,0,48.205549311145724,48.50671155846205,,7.9329206
1568679299999,45307.24104306,96,2.296651,23489.12146986,0,47.965610379052606,33.333333333333336,,7.486777600000001
1568679359999,75135.08253869,88,3.601066,36831.70960378,0,43.77683300470423,0.0,,7.305425
1568679419999,91949.06242878,130,6.903934,70613.54651474,0,53.27794741461808,12.873290624438319,,7.765510999999999
1568679479999,332190.12228954,419,26.172317,267869.6176517,0,64.529847715296,46.206623957771654,,8.3244218
1568679539999,45769.36146105,114,2.969629,30415.15012081,0,49.12407454386569,54.79532237698232,,8.388719399999998
1568679599999,51025.97008636,121,2.952616,30244.03668572,0,50.34166775910653,52.466419071609494,,8.519912399999999
1568679659999,125626.78431037,160,3.59257,36790.79885999,0,48.19687215561188,19.13308573827616,,8.518213199999998
1568679719999,64511.45211491,106,3.863755,39555.85667375,0,48.41667813702653,10.99298078082518,,7.910177399999998
1568679779999,43644.19868446,86,2.743277,28086.61146929,0,50.10539384683347,30.109876617940483,,3.224369399999999
1568679839999,102009.69440639,148,3.345873,34257.41938122,0,49.34142092919051,47.89787735973221,,3.299618199999999
1568679899999,20236.61450825,47,1.145652,11728.87798558,0,48.170360249291136,47.44928389797253,,2.9382253999999994
1568679959999,225969.20460414,182,7.49958,76783.4655341,0,51.4754954956791,51.12133407512508,,3.719627399999999
1568680019999,101628.04699558,139,1.512869,15482.94641342,0,37.191273335017975,33.33333333333334,,3.249450199999999
1568680079999,101098.52731128,125,2.683362,27447.45216008,0,50.02676676005685,63.285946504873856,,3.237467199999999
1568680139999,51320.920054,55,3.375208,34517.34736528,0,50.815448115374075,61.74567507139718,,3.2433341999999987
1568680199999,35864.60077099,66,2.495131,25519.48779917,0,49.15845286909182,89.67201085520476,,3.513229999999999
1568680259999,50159.23388392,90,4.06683,41603.77094483,0,47.78272509024768,85.63277574381878,,2.8266799999999996
1568680319999,48333.42187985,79,3.563924,36458.18841387,0,24.997240211320957,53.83971384396212,,3.236891
1568680379999,38623.52911964,59,3.041593,31120.98590909,0,50.15969686444336,58.40008504698639,,3.308537199999999
1568680439999,315232.38756268,293,22.325646,228678.35592769,0,73.17432467277875,65.8200403201652,,7.098624799999999
1568680499999,255794.94864916,348,7.250355,74257.27815901,0,53.2523002396334,85.36948680089944,,8.049669599999998
1568680559999,120596.20048751,113,4.362257,44687.65660551,0,50.4235308694907,70.47502374939818,,8.108754999999999
1568680619999,43168.21313751,60,2.530166,25913.71205654,0,49.82110256546162,37.14169041606484,,7.9020034
1568680679999,122483.11578231,90,1.778854,18220.73511082,0,48.68783180307795,17.592243935330618,,7.649455599999999
1568680739999,36580.05765283,77,1.443838,14789.09729555,0,50.25774190342982,11.464716517546227,,3.473093999999999
1568680799999,408034.40848532,145,1.990007,20379.01403849,0,44.70621165921664,11.464716517546227,,2.4210243999999994
1568680859999,41878.09642094,87,2.539753,25995.0425219,0,51.10178019725188,44.79804985087956,,2.0565235999999993
1568680919999,57341.44276737,93,1.640102,16786.26163137,0,48.87410580629698,55.05615657827948,,1.8785107999999995
1568680979999,63915.36037734,106,3.77837,38670.20099912,0,50.421923168084334,84.84611439503782,,2.2784139999999993
1568681039999,33785.08390476,112,1.631877,16702.38386159,0,49.11990312852012,74.51668573442025,,2.3160217999999992
1568681099999,24342.17839397,56,1.083018,11084.50310734,0,46.8931753922988,52.7938624894741,,2.134623999999999
1568681159999,133920.11583491,186,5.638556,57702.6904472,0,51.99204515452908,56.3372380060491,,2.7543845999999994
1568681219999,1479677.49264818,1281,23.632145,241154.25860257,0,64.80393742256541,66.66666666666667,,7.1527932
1568681279999,336659.71019823,400,20.464999,209046.05445114,0,48.2587102948762,69.20803425387457,,10.490118999999998
1568681339999,250172.03831663,323,17.805588,182013.28055899,0,62.868661330571435,65.60633361392108,,13.724861199999998
1568681399999,126634.50711547,189,3.22039,32923.26742408,0,48.916809165855966,33.59885872081108,,14.1523356
1568681459999,157672.98704205,243,7.034767,71893.98097199,0,54.11824586937178,42.8625785449638,,14.431577799999996
1568681519999,54922.37669337,130,2.445215,24989.78471248,0,50.56925699396298,18.402573601377274,,10.194191799999999
1568681579999,41965.34300499,87,2.388702,24420.29715042,0,50.8110349591789,21.602340793649933,,6.578932399999999
1568681639999,108451.63744638,176,5.912842,60435.45950317,0,53.2034397521637,37.26806468980279,,4.200383199999999
1568681699999,71756.48310235,135,3.66731,37487.06728844,0,50.895963555681945,35.064978179860795,,4.2897672
1568681759999,186568.64495703,298,5.672787,57952.79301321,0,53.14905446100165,63.184486463595626,,4.0173711999999995
1568681819999,943556.90077535,923,31.307305,318893.9756705,0,65.7260854597798,69.04700848941549,,9.789789199999998
1568681879999,967247.88583839,836,52.369767,533506.83134554,0,73.83351556662917,99.3118005828975,,19.786002200000002
1568681939999,241135.7302899,275,4.452905,45426.63852446,0,51.095468467118096,66.9565914028096,,19.4940148
1568681999999,415342.8561811,320,23.197602,236776.15325636,0,55.225922909734834,39.67838734910783,,23.4000732
1568682059999,75156.65330622,162,3.33664,34101.11907889,0,44.026054713313194,6.345054015774501,,22.9328438
1568682119999,399464.9152711,235,9.793646,100092.20478636,0,46.918585140337655,9.289812078521821,,18.630112000000004
1568682179999,44573.80526719,76,1.690997,17279.98892927,0,45.48863494890774,7.587651393234477,,8.494358000000002
1568682239999,63277.93048035,105,1.994683,20370.48788172,0,49.62703301826155,24.257425854621648,,8.0027136
1568682299999,161018.48842368,201,11.911613,121618.75687514,0,51.43082319685676,54.35607638906475,,5.7455158
1568682359999,136231.99954714,84,8.201406,83743.40028531,0,51.697574402975135,83.33644112805385,,6.718469000000001
1568682419999,216304.49388843,235,5.104761,52093.67656211,0,50.786890455691406,95.11089908337915,,5.780692
1568682479999,163275.16773395,182,8.527317,86969.56002535,0,50.757905883324376,79.98331736991759,,7.147955999999999
1568682539999,125007.90569681,133,10.507827,107192.98434556,0,51.98603790803164,79.98331736991759,,8.8505848
1568682599999,86328.06682469,88,2.555832,26084.1776612,0,49.12524541963106,51.53908495320511,,6.9794286
1568682659999,97242.74182123,123,3.734677,38109.53119253,0,41.030725590616456,33.33333333333334,,6.0860828
1568682719999,121832.45364526,85,3.397064,34655.49867991,0,31.586601479790033,0.0,,5.7445433999999995
1568682779999,93074.41528845,129,6.646804,67773.94462087,0,51.24210090216572,32.11771640770103,,5.3684408
1568682839999,155436.39297157,185,13.027861,132942.92444992,0,43.305011648325596,51.99071296152285,,5.8724476
1568682899999,106317.77867187,97,6.777926,69196.12851307,0,52.76012235862361,85.32404629485619,,6.716866399999999
1568682959999,70380.21886315,120,1.520616,15528.37508793,0,43.234319945224435,71.54325572971892,,6.2740542
1568683019999,147854.56522798,112,7.365555,75271.95591478,0,54.81858724558934,85.00359250923043,,7.067752400000001
1568683079999,115728.03095914,131,4.442432,45386.51449793,0,51.98999437492525,76.86441317423993,,6.626878
1568683139999,100865.06669408,157,7.713789,78824.24051522,0,46.17376690230494,66.98564551255053,,5.5640636
1568683199999,75549.51422497,92,4.475161,45733.00954891,0,46.57415079324524,43.262561325533085,,5.1035106
1568683259999,142528.16312017,219,5.959915,60886.04689769,0,50.81022903617617,35.94601862026547,,5.991370399999999
1568683319999,107286.86138421,189,3.735363,38134.59623458,0,45.35432510861308,27.4878604393911,,5.265331999999999
1568683379999,52696.91580172,79,3.662312,37368.76241581,0,43.10857418338117,17.877611293075223,,5.109308
1568683439999,127667.37011703,157,9.703275,99010.30653397,0,57.48331403971788,33.33333333333334,,5.5072052
1568683499999,111001.87420792,120,7.647222,78061.10042346,0,54.02251451301402,58.641479054481216,,6.1416173999999994
1568683559999,143871.74260311,169,12.755818,130203.37728867,0,58.762212414644594,91.97481238781455,,7.5007980000000005
1568683619999,54820.71292259,112,3.011947,30761.31019539,0,46.9658039243891,66.85518137727259,,7.3561148
1568683679999,52204.02858762,92,2.869728,29312.06843009,0,40.53461064037096,41.54703565612472,,7.197598000000001
1568683739999,46473.11696964,82,2.790595,28504.06333594,0,45.80179739751577,17.845956421771646,,5.815062
1568683799999,49777.68180308,63,2.271091,23200.24561282,0,50.87773328290458,28.54701639303745,,4.7398358
1568683859999,51682.47550856,97,3.024587,30895.74600766,0,44.23652590462383,40.47737627948552,,2.7935896
1568683919999,56314.90137516,178,3.15131,32218.71846174,0,48.14828657397979,55.38212193948652,,2.8214622
1568683979999,85104.75582837,219,4.729876,48377.63026047,0,45.502105525188355,42.81951595515622,,3.1934918000000003
1568684039999,217364.68106853,279,10.303299,105421.67563232,0,58.20751127787868,64.22248940204149,,4.696032600000001
1568684099999,111973.61021617,152,2.662826,27246.41957859,0,46.042919233348954,43.99535822776093,,4.7743796
1568684159999,66988.56478313,170,5.454781,55831.2604794,0,52.035873047913725,54.78490167928689,,5.2604184
1568684219999,108055.42737976,189,4.675128,47866.7777791,0,51.17948617139527,36.34648986391911,,5.565182
1568684279999,49122.06544656,117,2.666354,27278.0017619,0,40.95568146768381,32.036621279218416,,5.152477599999999
1568684339999,44401.68775101,99,2.202177,22530.78726605,0,42.70307848209099,20.15174101654117,,3.5322531999999995
1568684399999,42443.77566561,96,1.974809,20207.14791948,0,33.37769029182992,5.256819498575619,,3.3946498
1568684459999,43935.26128189,68,1.518798,15539.94030399,0,46.77386813070472,30.34076408016743,,2.6074532
1568684519999,35084.43852644,70,1.936733,19811.00133256,0,48.00788446402474,58.41727791492516,,2.0597742000000006
1568684579999,44001.71773535,66,1.328006,13579.07989159,0,46.94616834785964,89.33160458375609,,1.7921046
1568684639999,25877.3436923,55,1.563044,15981.38060779,0,48.50385120748308,97.58099333549762,,1.6642780000000001
1568684699999,31379.40813662,62,2.372822,24261.02562441,0,48.62604670486257,97.58099333549762,,1.7438806
1568684759999,37226.77380403,86,2.373753,24271.38616112,0,48.3521313634167,94.56477825107613,,1.9148716000000001
1568684819999,34713.9212832,76,1.960162,20042.49231457,0,43.825275325294456,61.231444917742806,,1.9195574
1568684879999,31258.74812306,80,1.344529,13744.74979108,0,24.359623822355573,27.898111584409474,,1.9228619999999998
1568684939999,32074.59448704,67,2.055515,21013.29673088,0,47.11917026775719,31.26342732314887,,2.0213562
1568684999999,77836.51718977,121,4.88362,49922.44077021,0,47.29991102145498,63.13488713873097,,2.5235157999999998
1568685059999,106414.12211006,200,3.322082,33941.07716981,0,44.04395368721757,91.73715890342326,,2.7131816
1568685119999,85644.44337058,148,3.458688,35315.73668864,0,54.17614688105866,93.80706491360773,,3.0128868
1568685179999,60212.04273345,107,1.517586,15494.29735343,0,46.877819907037534,71.25858241598199,,3.0474982000000006
1568685239999,59109.0336058,131,3.676808,37538.74586671,0,56.59934938596935,75.98964398462302,,3.3717568
1568685299999,64869.5061625,131,2.603228,26584.1644203,0,54.01261118000067,69.12210998295116,,2.9156784
1568685359999,71983.99370126,152,2.977819,30403.35575697,0,53.86462587720874,83.75560297594326,,2.8468258000000004
1568685419999,45235.6886114,109,2.57491,26290.59579457,0,54.700469932393965,77.2446952095245,,2.6700702
1568685479999,31304.88411729,75,2.417272,24679.04904709,0,53.23909599498264,50.77889587786303,,2.8500074
1568685539999,33585.00684646,102,2.121087,21656.14323446,0,49.00677579066738,26.822425566914585,,2.5388632000000007
1568685599999,42173.97220042,109,2.513983,25668.48152892,0,50.53668001012203,8.956717035680207,,2.5210142000000006
1568685659999,69920.79167698,149,4.019993,41045.48524376,0,57.27495533835168,42.290050369013535,,2.7294490000000002
1568685719999,332138.31117467,263,29.353793,299853.03864322,0,86.02462116691046,75.62338370234687,,8.0852256
1568685779999,44351.20848412,89,2.27852,23294.72812078,0,50.170912678531735,67.71493305101208,,8.0574752
1568685839999,47397.47243827,72,3.587104,36673.21205266,0,48.98264489727814,34.38159971767875,,8.3506786
1568685899999,140197.36614916,144,3.568449,36479.7029001,0,50.19811730858706,2.142045688902828,,8.5615718
1568685959999,103673.35903885,107,9.049119,92506.66512861,0,54.139765020171836,5.734568522852624,,9.567397
1568686019999,48973.36871844,95,1.125759,11506.14629026,0,49.733463252087766,10.587524804121317,,3.9217902000000002
1568686079999,40481.34538562,89,1.091854,11155.70747335,0,48.18925160976645,9.493745499563907,,3.6844570000000005
1568686139999,56186.98138723,86,3.002805,30677.64874184,0,50.27665626071837,16.546091013148985,,3.5675972000000002
1568686199999,64560.73267287,105,2.587059,26425.98964473,0,49.729602487978184,20.321806870311196,,3.3713192000000007
1568686259999,37257.4903729,91,2.640628,26962.92898265,0,50.04569637088848,49.966989470235525,,2.0896210000000006
1568686319999,26275.39269605,80,0.988702,10095.93015332,0,49.02687995740688,51.64976865548423,,2.0622096000000005
1568686379999,116770.09452462,168,2.346282,23953.70643845,0,50.15121283511224,73.00867308645631,,2.3130952000000007
1568686439999,32543.25646203,83,1.889459,19285.77703269,0,49.58100739314737,59.79182313689443,,2.090426000000001
1568686499999,88118.77894839,155,7.836534,80013.81720418,0,52.416513658325314,79.74924255309878,,3.140321000000001
1568686559999,30350.98403756,90,1.590962,16255.37274,0,26.817822985019177,49.7616659836958,,2.930387800000001
1568686619999,33213.16273306,83,0.87888,8980.73497495,0,47.91201336130045,60.80113190877366,,2.908423400000001
1568686679999,19705.61952406,50,1.041431,10641.96291416,0,46.06790789072693,52.53429533677846,,2.6474532000000006
1568686739999,20708.25198013,63,0.78817,8053.54656062,0,45.7364316121256,77.1691602842976,,2.427195400000001
1568686799999,32078.11726988,60,1.218433,12449.98697222,0,35.79063420987458,63.880322937513235,,1.1035752000000008
1568686859999,31102.91879068,43,2.271185,23207.0774539,0,52.768862161270484,72.14715950950844,,1.2396198000000007
1568686919999,28236.69650214,54,2.031292,20755.8308528,0,52.24853044828434,79.82406130530373,,1.4701022000000008
1568686979999,21727.72250818,52,1.119473,11438.91220363,0,45.26584804155786,84.2477753358253,,1.4857106000000007
1568687039999,27928.48654534,49,1.65465,16907.94229325,0,47.67018236518983,74.23754377990399,4.76055281283525,1.6590066000000008
1568687099999,244671.88672809,217,3.892569,39778.91806103,0,52.82036115570509,75.25911036992291,4.738568913218391,2.193833800000001
1568687159999,216084.97664718,268,5.56739,56852.18898888,0,60.30419683720842,89.9897684440787,4.7398083427203055,2.853074800000001
1568687219999,153882.41634752,221,8.53497,87133.81096138,0,62.9863920762773,100.0,4.7825707227011485,4.1538104
1568687279999,21611.80115914,65,1.102734,11257.4648364,0,48.722973453138536,68.9579016998063,4.722287124425289,4.150462600000001
1568687339999,55065.00252809,106,2.283269,23307.49008544,0,39.33559941191699,35.624568366472964,4.678491839846744,4.2761864
1568687399999,74557.19691044,168,5.384809,54972.22479935,0,58.28624826137933,29.000204324218714,4.677710995977009,4.5746344
1568687459999,55692.42657554,115,3.816045,38974.9577509,0,56.18373673018749,50.45466717299291,4.654994795402298,4.224365400000001
1568687519999,35574.18647159,101,2.307514,23572.58396587,0,52.52257104785952,73.64995323891331,4.611774971551722,2.978874200000001
1568687579999,31456.14756677,60,1.741483,17788.17407098,0,51.87601978773418,68.99901561987905,4.561182766858234,3.106624000000001
1568687639999,27119.69481962,65,1.278034,13054.7685252,0,50.11713550939944,45.25331773796523,4.504275731321838,2.9055770000000005
1568687699999,20945.64843221,61,1.391227,14211.67489401,0,48.20427640966132,22.058031672044816,4.449241217241378,2.106860600000001
1568687759999,37941.06518154,74,1.778792,18173.8933369,0,49.48781216073893,9.907736414616734,4.399850952394637,1.6994100000000008
1568687819999,45518.56548211,71,1.96011,20029.81638066,0,51.757282881118044,42.163135785887114,4.3532321917624515,1.6299292000000007
1568687879999,52514.30551078,76,1.057329,10804.40696117,0,48.77024925572122,47.47293797366502,4.296212778735633,1.4930984000000005
1568687939999,33983.41080055,79,2.193435,22413.02568857,0,46.33561719169529,37.5652015590483,4.255016169923374,1.6761786000000007
1568687999999,40245.36581505,101,2.673183,27316.6228143,0,43.41907913080028,5.309802187777919,4.220446661494252,1.9325698000000007
1568688059999,33505.51856502,93,2.190553,22384.67027601,0,33.735956457475,0.0,4.179309065229884,2.0149220000000008
1568688119999,39030.87883671,102,3.016381,30823.95255547,0,57.4183756435775,33.33333333333334,4.150013673275861,2.2261762000000003
1568688179999,42269.7371661,90,2.131326,21780.00158622,0,49.39717306171397,55.37671282815202,4.110728627681995,2.4409756000000007
1568688239999,55575.12372028,135,3.54883,36268.00727321,0,41.59235016009061,66.43469588424392,4.09107565862069,2.7120546000000005
1568688299999,84543.28937541,108,5.478305,55997.22617262,0,57.368687215261616,66.36475873251769,4.09797902921456,3.2730790000000014
1568688359999,200959.71775501,189,13.392124,136936.14762411,0,81.33989862988508,77.65471257103233,4.2138578979885075,5.513393200000001
1568688419999,72654.9931261,151,3.527334,36081.13565042,0,53.30918305241163,76.42277191117782,4.1927580187739455,5.615583800000001
1568688479999,85044.18238121,165,4.369729,44704.24895098,0,55.64957168842411,54.94812922465824,4.183202279693486,6.063264400000001
1568688539999,69792.16189772,147,2.590035,26496.05986093,0,52.06486626962521,21.614795891324906,4.149000966666668,5.871505400000001
1568688599999,500156.02853096,287,2.403019,24580.56633884,0,51.082668858597586,11.788753495087525,4.112081771743295,5.256448200000001
1568688659999,108119.31363897,159,6.443537,65915.61954907,0,56.85804411424,33.33333333333334,4.131382035919541,3.8667308000000005
1568688719999,42324.13221086,99,2.012451,20588.33522017,0,51.31865868868232,34.695379489867655,4.0890915863026835,3.563754200000001
1568688779999,78324.61996659,174,3.893272,39829.69811807,0,52.29953946089136,41.71870725894447,4.07280775881226,3.4684628
1568688839999,67650.37968017,78,1.985274,20307.33841018,0,49.10401983879132,8.385373925611132,4.030157094540228,3.3475106000000006
1568688899999,40552.38860917,98,1.491983,15258.95810923,0,49.090386827464776,7.023327769076822,3.9807512533524902,3.1653034000000004
1568688959999,27028.93145789,62,1.608741,16453.5575038,0,48.132619018939124,0.0,3.9332025001915705,2.1983442000000006
1568689019999,40901.49034589,88,2.475854,25322.50248886,0,50.45726993201737,18.59607469082633,3.8978012044061288,2.2910248000000006
1568689079999,52269.05854359,101,1.050201,10740.5181913,0,46.68444707380837,18.59607469082633,3.8427899188697325,1.7224106000000006
1568689139999,45923.8119268,93,1.742509,17815.59959632,0,44.87450354331637,18.59607469082633,3.7993655870689653,1.6738576000000005
1568689199999,37768.22268886,100,2.129215,21768.29115904,0,30.52487940388461,0.0,3.7618027025862064,1.8013040000000007
1568689259999,57009.4861742,140,2.168711,22172.042662,0,46.44169121201655,26.618001130148457,3.724998483429117,1.9132980000000006
1568689319999,68905.18584717,146,3.695372,37772.75505306,0,48.2949356714364,59.95133446348179,3.7092862795019164,2.1572016000000005
1568689379999,102080.90475204,137,4.080165,41702.99560289,0,54.053624391179675,93.28466779681513,3.6986979907088107,2.7631944000000006
1568689439999,208852.94907637,152,3.446034,35222.66088621,0,52.769948882297875,98.18140816042258,3.679110545689654,3.103899400000001
1568689499999,113936.11405914,136,2.387749,24404.22428656,0,37.20175953449329,64.84807482708923,3.6447865999999993,3.1556062000000007
1568689559999,37780.5239399,90,1.93487,19773.30821213,0,49.673119998638214,56.18334755052437,3.604230607183906,3.108838000000001
1568689619999,125498.55627378,106,11.115515,113599.5594679,0,68.84058443603044,58.0019393901018,3.6902759660919533,4.592866600000001
1568689679999,31691.13042563,96,2.458208,25120.94638322,0,50.91243541737455,72.4469300258688,3.6562074022988504,4.268475200000001
1568689739999,50485.00409254,153,2.341457,23927.09523581,0,51.66306009447488,63.014141149401695,3.620449329406129,4.0475598
1568689799999,64212.66466328,151,4.543778,46423.816866,0,55.31227474021855,39.48762526619732,3.61494755775862,4.478765600000001
1568689859999,62597.07589321,130,2.965596,30299.6095163,0,50.864165656001276,25.04263463043034,3.587782622318008,4.684910800000001
1568689919999,39166.74109785,99,2.59021,26465.94521295,0,52.82199188143334,24.478416762436016,3.557419503448276,2.9798498000000007
1568689979999,56765.24209737,137,2.797299,28580.51643641,0,51.96784538513867,22.94237766059787,3.5316249291187742,3.0476680000000007
1568690039999,58660.16846389,136,2.232423,22803.62774136,0,50.19127609891647,22.94237766059787,3.4994765372605383,3.0258612000000005
1568690099999,87909.87297711,156,2.679492,27358.86982444,0,50.93254583711791,17.663275796168517,3.473589247222224,2.6530040000000006
1568690159999,37915.42386542,110,2.721007,27779.22723007,0,48.11907573961065,9.392497447877698,3.4486917498084275,2.6040862000000007
1568690219999,49858.15890691,139,1.976477,20175.4095037,0,45.99464848322791,9.392497447877698,3.413498456226054,2.481339600000001
1568690279999,58797.82985383,121,2.955261,30163.71932983,0,49.07768919039244,20.812102035938846,3.3918451167624513,2.5129320000000006
1568690339999,402700.5940085,298,7.631236,77859.9480534,0,58.67457464700505,54.14543536927218,3.434971277394636,3.5926946000000006
1568690399999,65060.33597376,95,2.525255,25765.55596259,0,50.846395863381694,66.8998402911079,3.407290427490421,3.561847200000001
1568690459999,64104.54304205,91,0.816456,8330.56126428,0,31.209227367776137,46.087738255169064,3.356341423946362,3.180937000000001
1568690519999,48241.5688456,84,3.458628,35285.53914221,0,52.338584992680964,38.39806104129821,3.344756751532567,3.477367200000001
1568690579999,39536.61724088,84,1.073776,10957.30709185,0,47.32076648235186,45.197434135054664,3.3049625437739456,3.101070200000001
1568690639999,29170.40674085,70,2.211924,22573.31866578,0,44.83951433868307,66.70035472052028,3.281190600478927,2.0172078000000004
1568690699999,42542.47621371,103,3.07338,31364.8747182,0,50.24634504982302,71.08934799185636,3.2713109313218394,2.1268328000000007
1568690759999,36702.16088092,80,2.589111,26426.26280643,0,49.99750062711743,74.46279445700499,3.254776906226053,2.4813638000000005
1568690819999,47602.47364325,70,3.391393,34616.85858095,0,51.31549019632157,86.2932072048727,3.2499989293103453,2.4679168000000002
1568690879999,32681.26192671,62,1.476368,15068.24783517,0,48.42033446608284,74.69186045281674,3.218643941283524,2.548435200000001
1568690939999,33346.98612691,69,1.814752,18521.24618616,0,48.185010166159486,51.76463597207593,3.192005965804597,2.4690008000000008
1568690999999,31566.36052796,76,1.694933,17298.16425958,0,47.85344442512358,18.431302638742597,3.1646824467432952,2.1933114000000007
1568691059999,84978.38497125,123,5.273948,53837.69097123,0,56.166964298171216,33.33333333333334,3.1873478772030652,2.7302788000000007
1568691119999,66257.08760597,115,5.159645,52683.53285485,0,54.26042346334509,59.02232803136687,3.2084205089080458,3.083929200000001
1568691179999,40294.97583795,87,0.851562,8700.44053844,0,36.70787058944762,59.02232803136687,3.1703938800766274,2.9589680000000005
1568691239999,109872.34059678,157,2.439431,24913.01983293,0,49.80480771977462,48.12398460792775,3.155193822222223,3.0839038000000008
1568691299999,47674.945206,96,4.015732,41007.04121556,0,57.320335028709984,55.76832324322756,3.1617469966475102,3.5480636000000003
1568691359999,81942.11255809,131,5.836097,59573.34943102,0,55.652519420788344,86.4045577526331,3.1933817328544065,3.660493400000001
1568691419999,73783.54867097,102,5.134965,52411.0423356,0,60.49595349555326,97.30290117607221,3.215112059003831,3.6555574000000006
1568691479999,37612.75737898,95,2.887506,29471.90164879,0,51.65132445322741,69.72672045038601,3.2059877628352496,4.062746200000001
1568691539999,87059.74093942,147,4.096652,41805.72155294,0,52.459380299000365,42.13585898378425,3.2145126409003844,4.394190400000001
1568691599999,47313.03815499,101,2.700136,27553.38163545,0,50.25563303304212,8.802525650450916,3.2040320563218403,4.131071200000001
1568691659999,34895.68632888,78,1.961039,20011.83502092,0,46.697025574028025,3.0453730428037837,3.1832440495210728,3.356059600000001
1568691719999,98070.85754447,170,7.643231,78014.07419496,0,62.130095180974145,33.33333333333334,3.241348778735633,3.8577128000000007
1568691779999,43610.09865216,82,3.44254,35145.88312639,0,52.77950390526764,46.47066005262278,3.2412063524904218,3.9687196000000013
1568691839999,23008.46208818,61,1.583016,16166.55185332,0,49.819614938488364,53.21502878804473,3.215824442816092,3.4659924
1568691899999,39185.77664759,70,2.828047,28885.8198492,0,45.737022778640146,19.881695454711394,3.207892399904215,3.491574600000001
1568691959999,44169.38380162,85,3.003396,30677.44582472,0,46.24983934086884,7.787119294200015,3.202678951245212,3.7000460000000013
1568692019999,173297.75404666,146,4.731181,48321.97709662,0,57.4127775283044,34.37608389211141,3.221367131609197,3.117636000000001
1568692079999,141975.20725022,148,4.361981,44535.67153221,0,53.85283834876674,57.5460794488154,3.2348605160919552,3.3015242000000007
1568692139999,88141.17585598,116,5.194918,53029.30925314,0,52.43568814625407,75.62747549765187,3.2603543049808428,4.023904600000001
1568692199999,50712.07735596,95,2.611576,26657.27248537,0,43.54305495754583,42.29414216431854,3.250450685440612,3.9806104000000007
1568692259999,110199.23338081,100,6.506844,66421.75798743,0,52.43555878652599,40.49564793268586,3.2952465710727967,4.6813
1568692319999,42620.55278701,66,2.676326,27322.2093268,0,49.64503501509886,41.100270352844355,3.2868729654214555,4.270329000000001
1568692379999,52266.56364279,89,2.219785,22660.91262677,0,46.76335175795563,53.17129863011885,3.2722207676245207,3.8418898000000006
1568692439999,64174.61319899,89,5.0378,51431.0086117,0,53.84288400417023,65.13313063838085,3.2964924175287362,3.8104662000000005
1568692499999,34991.33335128,73,1.240958,12668.04483478,0,48.924392876876105,55.57942706108762,3.2681288225095795,3.5363426000000002
1568692559999,120918.10691656,169,7.971733,81393.11909482,0,50.47578896337382,60.98807152821522,3.332774349042145,3.829320400000001
1568692619999,111168.54077857,196,7.93268,81052.19500698,0,57.39478487940453,60.98807152821522,3.3964194871647506,4.8805912000000005
1568692679999,198804.21015347,262,14.273414,145975.13806549,0,68.21167008549314,84.14633941106877,3.547216243295019,7.291317000000001
1568692739999,255195.03021837,206,20.950716,214294.1186109,0,72.49940600135656,100.0,3.7897334374521083,10.473900200000001
1568692799999,190281.49847315,276,11.228893,114890.48664843,0,58.255193407243866,78.44100332604071,3.8964048076628344,12.471487200000002
1568692859999,222492.54452146,230,12.881185,131761.19403247,0,58.191841042900656,46.86663756751077,4.0253133364942535,13.453377600000001
1568692919999,235058.1043168,219,8.488275,86832.90918535,0,53.837102911392925,13.533304234177441,4.092843982471265,13.564496600000002
1568692979999,48088.36594249,104,1.433207,14656.70811933,0,46.864743529402816,1.7589675748034044,4.062505690421455,10.9964552
1568693039999,68037.78009527,122,4.257776,43534.42640502,0,51.36655592212141,13.174230579122861,4.071200626915711,7.6578672
1568693099999,66428.01361301,109,2.877602,29422.41459984,0,46.85598164660242,13.174230579122861,4.06064000565134,5.987609000000001
1568693159999,71708.03983604,109,3.113129,31825.76133881,0,50.40353832687026,30.113040958863476,4.05319787902299,4.0339978
1568693219999,111009.64452867,142,3.515671,35926.77784219,0,51.19839365612242,49.02941750478245,4.051195374233716,3.0394770000000007
1568693279999,93204.79330835,88,2.184814,22321.49996937,0,47.287028711878335,52.21487342049151,4.030626674712645,3.189798400000001
1568693339999,88934.36492764,122,6.743539,68893.12366492,0,55.15779760063443,68.60939637408423,4.072877384195402,3.6869510000000005
1568693399999,41558.94383493,86,2.143898,21901.10904613,0,44.31000145925062,36.518789249042406,4.05126611848659,3.5402102000000006
1568693459999,35730.3168674,79,2.361449,24123.03073631,0,44.5794299501369,34.161238797185796,4.032677572988505,3.3898742000000004
1568693519999,66263.06739029,101,4.784124,48881.99207407,0,40.005309694694446,0.8279054638524643,4.0474667969348666,3.643564800000001
1568693579999,81502.80734178,181,2.155943,22024.08225354,0,28.35827295665719,0.8279054638524643,4.025675785344828,3.637790600000001
1568693639999,240771.07112696,162,8.250803,84240.84525669,0,46.25826461295744,33.33333333333334,4.08794218869732,3.939243400000001
1568693699999,103474.48401511,144,8.639817,88224.76514443,0,44.49634636339066,63.385625566392115,4.155251775287356,5.238427200000001
1568693759999,104556.36968732,134,3.355177,34267.40013113,0,43.48988576102734,91.56368861601796,4.149160414080461,5.437172800000001
1568693819999,33081.76935828,72,2.285587,23339.59727278,0,51.274547045197465,91.56368861601796,4.128326002203065,4.937465400000001
1568693879999,49723.71037678,88,3.147699,32138.77029725,0,48.23663448149482,81.83661691254878,4.1193092270114935,5.1358166
1568693939999,33645.21602884,61,1.442877,14732.88103443,0,47.74419536251628,71.87518717206876,4.086828346551724,3.7742314000000006
1568693999999,52104.12891364,88,2.630784,26862.68960824,0,49.26366550090485,63.26474384474557,4.0708435349616865,2.5724248000000007
1568694059999,45212.08388007,107,1.862971,19023.62362835,0,47.50486044187899,42.939523315155974,4.0443014401341015,2.2739836000000007
1568694119999,45911.0966968,117,1.587508,16211.65978115,0,49.06854300630813,54.358210805295926,4.014028049042147,2.1343678000000006
1568694179999,101341.83587936,178,5.573801,56931.56111573,0,48.142716538371076,41.72413631295376,4.038817488984675,2.6195882000000004
1568694239999,44428.11492803,115,2.284054,23335.55396258,0,50.23219499316581,75.05746964628709,4.017900388505748,2.7878236000000003
1568694299999,110010.63755205,163,7.242617,74013.80287047,0,56.988735937102675,78.75548218033465,4.065399284291189,3.710190200000001
1568694359999,56027.24133611,144,2.562358,26189.93820679,0,47.01208985740008,66.66666666666667,4.048034203065131,3.8500676000000005
1568694419999,220264.59830232,203,5.284153,54010.36070965,0,54.19636229861294,57.33696602986049,4.07077735124521,4.589396600000001
1568694479999,261200.37869261,233,3.059972,31260.50865362,0,42.22980648669268,24.003632696527163,4.062554244923373,4.086630800000001
1568694539999,41243.11435365,99,2.263428,23115.1086308,0,40.570186173334896,24.003632696527163,4.043394816379309,4.082505600000001
1568694599999,46704.91353958,96,1.703152,17391.5857783,0,47.16004079715003,16.12057695235139,4.016632445019158,2.974612600000001
1568694659999,57156.7053621,107,3.311091,33809.47028866,0,51.730883575232994,43.42267867990743,4.012752179310344,3.1243592000000007
1568694719999,88571.57288258,137,4.74518,48450.350565,0,52.64521351738564,76.75601201324076,4.028443128544061,3.016564600000001
1568694779999,100700.27168459,133,6.936541,70837.00204102,0,58.95251746695074,93.96876839422272,4.074009811302681,3.7918784000000008
1568694839999,608921.65521906,306,14.989555,153162.10599977,0,66.45758659262572,100.0,4.230275754597701,6.3371038
1568694899999,75787.5884558,148,2.617531,26748.28443258,0,50.76758518368537,66.66666666666669,4.214705112452107,6.519979600000001
1568694959999,93564.2416595,131,3.062488,31266.02238916,0,51.49528471032708,34.87932751496772,4.205274020593868,6.470259000000001
1568695019999,58143.46216152,118,3.193458,32607.77910072,0,47.38226618609067,1.545994181634384,4.197450772988506,6.159914600000001
1568695079999,137464.68170846,167,10.491515,107140.42522353,0,58.29471660777819,20.61504988488574,4.290209233429119,6.8709094
1568695139999,51025.31201256,86,2.651608,27083.37737783,0,45.61553214414115,19.069055703251365,4.274007093869733,4.403320000000001
1568695199999,81366.92349105,112,2.493917,25471.45659024,0,49.92845809481589,30.407655497909264,4.25612654645594,4.378597200000001
1568695259999,39226.55217048,83,2.033813,20772.00211769,0,46.433771621207235,13.48973572250547,4.231813247030652,4.172862200000001
1568695319999,128402.43028631,171,2.838982,28985.85138626,0,49.74974011429852,24.358489366227513,4.2184951011494265,4.101967
1568695379999,61135.30496585,129,5.031982,51381.59067278,0,53.03912365348646,46.35322290490294,4.235253051915707,3.010060400000001
1568695439999,53387.33782687,104,3.491629,35662.84638054,0,51.92191002379502,71.89749910027602,4.2303582590038316,3.178064600000001
1568695499999,75078.69830955,112,2.998572,30621.46049377,0,49.655920311188545,77.28903799022072,4.218444940804598,3.2789956000000005
1568695559999,69429.65949733,87,3.087756,31530.56509869,0,48.119506096460704,43.955704656887384,4.207692073659003,3.4897842000000012
1568695619999,40534.8233513,85,2.330669,23800.73176336,0,44.598430841598166,16.260292533666753,4.186395433333334,3.3881216000000007
1568695679999,67954.42619418,105,2.420529,24716.61912965,0,31.874082457539956,0.0,4.166222226340997,2.865831000000001
1568695739999,56977.86524441,87,3.368773,34395.73505759,0,51.6157381996624,33.33333333333335,4.159054886877395,2.841259800000001
1568695799999,67648.18168262,160,3.104785,31697.23846051,0,50.09168423133099,64.09333646539154,4.14829650565134,2.8625024000000012
1568695859999,77950.44065913,160,3.978753,40620.35292271,0,51.64910944373061,97.42666979872486,4.14982873716475,3.040701800000001
1568695919999,188908.20286769,189,15.088117,154011.14984746,0,58.32085368742943,97.42666979872486,4.305029994827587,5.592191400000001
1568695979999,444353.33318688,424,8.239523,84102.95609244,0,60.49189957830107,100.0,4.364428290900381,6.755990200000001
1568696039999,65537.82013341,117,3.041153,31027.80895135,0,50.86395656857761,69.14184726463898,4.351554409386975,6.690466200000001
1568696099999,59868.59829384,131,2.715699,27705.86312281,0,51.08113371984986,36.56041268770985,4.334415995306513,6.612649
1568696159999,202413.18470876,167,3.209772,32743.05035301,0,50.59374667329562,3.2270793543765186,4.324197778352491,6.458852800000001
1568696219999,822715.69465599,390,6.418027,65464.95290438,0,52.149583445655495,5.991383965720703,4.358144931321839,4.724834800000001
1568696279999,84819.83342915,149,5.688831,58018.70337423,0,53.495535003777114,38.57281854264984,4.381586263601534,4.214696400000001
1568696339999,82151.35690059,151,5.448931,55577.51503575,0,53.92993872086308,71.90615187598318,4.401296140229884,4.696252
1568696399999,129266.52668619,227,4.987919,50857.30588803,0,53.01160334626995,90.82451528070037,4.414258561685825,5.150696000000001
1568696459999,242183.23402041,390,10.952291,111680.47131907,0,61.728613930482254,90.82451528070037,4.509180795498086,6.699199800000001
1568696519999,58804.17600199,167,3.777943,38527.54919447,0,51.54817597006583,57.49118194736703,4.5042851851532575,6.171183000000001
1568696579999,72974.97936817,170,3.318244,33834.98650129,0,49.94172052040902,33.33333333333335,4.492788303735633,5.6970656
1568696639999,113452.97760925,160,9.554478,97433.42435124,0,56.53824184775738,18.654961625175094,4.56720070268199,6.518175000000001
1568696699999,58379.24568095,106,3.562661,36349.0081908,0,49.6178483269719,18.654961625175094,4.558308222030652,6.233123400000001
1568696759999,64960.93317255,93,2.337755,23853.92349387,0,35.69183030072338,18.654961625175094,4.532389058237549,4.5102162
1568696819999,56526.7894054,99,3.470195,35412.12888575,0,43.86030037634323,13.061352801160417,4.52215475900383,4.448666600000001
1568696879999,54927.88590441,94,2.548378,26008.1129743,0,49.28714587341111,34.80021105663486,4.499077498371649,4.294693400000001
1568696939999,97823.20046248,131,3.253079,33209.02781277,0,50.768943046014954,68.13354438996821,4.485816080268199,3.0344136000000006
1568696999999,77018.77963908,88,2.147453,21928.75590523,0,48.50606211795961,83.40261982069408,4.457517792624521,2.751372000000001
1568697059999,62942.98120195,71,1.237964,12642.35855,0,42.21173321499321,61.66376156521963,4.417751904885058,2.5314138000000006
1568697119999,38907.08266552,62,1.888338,19282.49206631,0,44.27235229747591,36.35726222401502,4.38717598132184,2.2150424000000006
1568697179999,89468.50100111,84,2.391368,24422.94651771,0,45.428266531578394,20.556359308992935,4.363776083716476,2.1836404000000007
1568697239999,157633.19786005,131,5.485665,56031.77643678,0,50.68991202598055,53.889692642326274,4.383075174137932,2.630157600000001
1568697299999,297702.23069006,174,3.864302,39468.03507411,0,38.83082650026673,45.86285865019755,4.379715364367818,2.973527400000001
1568697359999,143463.03585999,107,4.705018,48049.47271268,0,51.82520164484023,66.66666666666669,4.388198690517241,3.6669382000000006
1568697419999,122932.25324705,140,3.771773,38515.43683086,0,50.876552059900916,64.23317890911831,4.383551763122605,4.0436252
1568697479999,293365.58104683,331,9.001774,91855.64860597,0,48.88853773164882,90.03334531312385,4.451054418390805,5.3657064000000005
1568697539999,81115.15049855,157,5.522539,56345.39524929,0,54.38427129769982,90.03334531312385,4.46989554683908,5.373081200000001
1568697599999,174568.48201426,205,9.25092,94368.45741753,0,63.90715001157727,92.46683307067222,4.539776551532566,6.450404800000001
1568697659999,468947.0336161,311,22.613737,230634.25135503,0,75.81029325746313,100.0,4.793240263984675,10.032148600000001
1568697719999,183548.5098489,160,11.408831,116330.72825833,0,59.35274778653628,79.62299120854595,4.890224632854406,11.5595602
1568697779999,75676.31606698,126,4.343567,44306.02154095,0,51.01480875860414,46.28965787521262,4.888764878544061,10.6279188
1568697839999,162075.81345552,173,4.818389,49142.91561744,0,52.51510322246023,14.97321658785529,4.893605249712641,10.4870888
1568697899999,100246.11252339,162,4.693685,47857.67294643,0,53.30291778425522,5.092867466361358,4.896467981992338,9.5756418
1568697959999,138603.0212343,144,6.110106,62287.76929084,0,53.976857074829425,16.93451604923221,4.918625699904215,6.274915600000001
1568698019999,126377.44719814,193,10.299445,104997.2210767,0,56.96556488322637,48.25095733658955,4.998336107662836,6.053038400000001
1568698079999,69500.38818729,100,3.961587,40391.09367115,0,48.73012700479688,45.17498191620421,4.9900320679118755,5.976642400000001
1568698139999,113483.66269079,114,6.046197,61643.5327336,0,51.80404442568177,45.775162844047394,5.0104318870689655,6.2222040000000005
1568698199999,361771.75237567,199,22.11607,225468.82388113,0,61.49981012259259,45.775162844047394,5.25213470086207,9.706681
1568698259999,75981.33501243,161,5.756645,58683.6075983,0,51.08906126149015,51.93280521969853,5.266257208141762,9.6359888
1568698319999,83328.05318917,171,5.209588,53104.85057408,0,47.806583009959006,39.490975708984486,5.2733474033524885,8.618017400000001
1568698379999,161364.35564296,257,4.021164,40989.85522296,0,49.10795876236325,9.325572870777897,5.263782001245208,8.6299328
1568698439999,80515.30909828,153,5.234073,53355.37818053,0,47.53985528065465,3.1679304951267615,5.270785486973179,8.467508
1568698499999,179598.27409311,221,6.950287,70850.43888765,0,38.81051481640156,3.1679304951267615,5.301394769731799,5.4343514
1568698559999,144896.50974024,167,6.450495,65742.56731083,0,45.81834121615649,22.684679280703662,5.324728694348656,5.5731214
1568698619999,101831.1160706,161,7.61999,77658.96206073,0,53.06833220758059,56.01801261403699,5.36382382538314,6.055201800000001
1568698679999,65050.54492081,159,3.643,37131.11885948,0,48.96701992619106,79.76289312679833,5.3476019783524915,5.979569000000001
1568698739999,152970.00160593,259,6.197303,63158.95145372,0,51.26732072759319,86.20096470719623,5.366476784099619,6.172215
1568698799999,1780027.8289454,1325,61.828345,629082.55551508,0,74.53740919803724,86.20096470719623,6.152339352011495,17.1478266
1568698859999,239581.39339236,333,12.999608,132358.95847992,0,50.85352725937328,64.91531847140297,6.259040476819924,18.4576492
1568698919999,111708.19197797,207,6.601569,67238.0873908,0,50.83418653713599,38.22658949279286,6.2764369323754785,18.253965
1568698979999,65153.87174774,124,3.533556,35989.55772119,0,49.210954634915204,4.893256159459525,6.251166704022991,18.232076199999998
1568699039999,81847.96724591,109,3.985279,40593.00411254,0,43.687145575933975,2.4340218824914537,6.232519635823753,17.7896714
1568699099999,338981.87785009,344,18.165434,185136.96796133,0,54.38712175121464,33.33333333333335,6.40932106340996,9.0570892
1568699159999,342710.4429517,286,12.350702,125970.79902048,0,52.43407401626531,60.58239226282485,6.504257511494253,8.927308
1568699219999,84408.09469093,134,5.272831,53743.73375357,0,50.41016741281614,81.52643215833368,6.50071642145594,8.6615604
1568699279999,73137.33395594,129,2.326539,23708.98989841,0,49.05791265123978,64.9244976846024,6.456134612739461,8.420157
1568699339999,95151.92641586,143,6.472055,65969.19065401,0,49.847446802945214,42.61384604278365,6.468721356609197,8.917512199999999
1568699399999,89649.07545817,154,4.663701,47538.91269733,0,49.434742254699614,25.39029975641232,6.456039743103448,6.2171655999999995
1568699459999,136741.35118264,243,3.890339,39631.28644029,0,48.81714885406614,8.658900896810252,6.432492352011496,4.525093
1568699519999,168471.74933358,255,7.138543,72685.18707127,0,51.11375277508379,37.05382694247084,6.453699982950191,4.8982354
1568699579999,227715.95396922,202,16.823824,171320.8232857,0,53.238661016535794,66.66666666666669,6.607955342720305,7.7976924
1568699639999,536995.508572,344,50.500944,514537.74700402,0,46.01438069753701,66.66666666666669,7.2252850519157095,16.603470199999997
1568699699999,113942.76356793,185,6.076277,61966.46536347,0,47.48606944918373,40.12380789348389,7.225185828256705,16.8859854
1568699759999,99170.72484046,183,4.084401,41663.93172722,0,49.0557775482653,20.823691787015665,7.197535601436782,16.9247978
1568699819999,107392.22045021,142,5.255092,53599.55009721,0,50.65509530118776,42.23627268888699,7.186135829406131,16.5481076
1568699879999,103355.57725542,147,4.920008,50174.37797679,0,50.35600802122469,66.63084680114147,7.169692415038311,14.1673444
1568699939999,39055.14626771,72,2.087724,21285.57044112,0,43.29711866625281,52.59762957427637,7.113945411302682,4.4847003999999995
1568699999999,53011.64591751,76,3.513029,35816.59288516,0,46.17555516025887,44.22503070740964,7.078042461973183,3.9720507999999994
1568700059999,102131.19218662,159,4.807896,49026.82216739,0,49.788201691483735,42.44608712469238,7.060222263218392,4.1167498
1568700119999,144600.68930174,163,6.486308,66122.35235741,0,51.91710285559754,75.77942045802571,7.065583903256704,4.362993
1568700179999,91606.06645911,145,4.590096,46796.50973322,0,49.11430320512792,85.2343928262469,7.044446182183904,4.2970106
1568700239999,68092.40585083,94,4.780365,48742.22084918,0,50.055754132952416,78.35530878028528,7.025885596360151,4.8355388
1568700299999,272862.2514391,166,17.03175,173713.56725707,0,55.65944162192275,78.35530878028528,7.176110375574713,7.539283
1568700359999,122482.541906,158,5.107022,52079.93690156,0,49.1859470206574,56.22522476363347,7.1604125931992355,7.599108199999999
1568700419999,99898.15695888,136,7.02384,71615.68162865,0,45.812320477517936,33.69820371990733,7.171396611685823,7.706614599999999
1568700479999,387784.81610596,135,7.730885,78826.8868095,0,24.553640714537522,0.36487038657399734,7.191789938601532,8.334772399999999
1568700539999,160774.95487683,113,5.718593,58322.18941787,0,49.57037295841753,26.8082174536781,7.183838637452109,8.522417999999998
1568700599999,281259.65950308,186,2.759589,28142.39598941,0,48.44485175937228,58.641859582909966,7.134796615804597,5.667985799999999
1568700659999,46783.13263154,100,2.630464,26818.49527835,0,46.841817994105334,88.33955292709204,7.08399691283525,5.1726742
1568700719999,73256.53535583,137,5.259163,53613.20808864,0,50.386753133577876,94.8646688067473,7.069656345210729,4.8197388
1568700779999,183245.58925448,286,5.150419,52479.83628269,0,53.72383103771486,96.36436001084877,7.053729923371648,4.3036456
1568700839999,111283.25676353,122,2.905557,29595.51460549,0,49.27582696504558,78.45589633690302,7.006844150095786,3.7410384
1568700899999,81834.44620015,117,1.761093,17937.66452202,0,46.35480630423114,45.12256300356969,6.944144507375479,3.5413392000000004
1568700959999,343032.31412385,281,10.31185,105019.22733526,0,53.93053411277778,45.12256300356969,6.999840914367814,5.0776164
1568701019999,70760.69434956,147,4.281714,43605.38615586,0,49.70796234304994,48.08727787639496,6.971631659674331,4.8821266
1568701079999,227443.0314475,286,20.22471,206029.88114264,0,61.26484851327233,81.42061120972829,7.163128295306511,7.896984800000001
1568701139999,95847.62466222,164,2.879684,29334.94840102,0,40.3916597062197,48.08727787639496,7.113928508141764,7.8918102
1568701199999,62890.88789677,112,3.458138,35219.45370933,0,48.67662458609304,46.563966110557466,7.072550430747126,8.231219200000002
1568701259999,59652.2701422,113,3.599573,36662.86692179,0,47.171104544172,24.057032935213204,7.033555517624522,6.888763800000001
1568701319999,59455.63999015,106,3.553802,36193.74451408,0,46.51105927130614,33.82937713180096,6.994344328927204,6.7431814
1568701379999,41471.61383805,80,2.778981,28299.32262147,0,47.4928380374184,49.16928723621532,6.945472736781608,3.2540356000000004
1568701439999,59833.44724011,90,1.953408,19891.93357535,0,49.28645009370806,71.67622041155958,6.886954518486592,3.0687804
1568701499999,173218.42156996,208,8.949434,91133.82013056,0,54.98673690567741,95.23720954830516,6.925821666954023,4.167039600000001
1568701559999,107926.32446057,153,4.757953,48472.20344378,0,49.61398198961543,78.86991008139206,6.907251888888889,4.398715600000001
1568701619999,52798.35989483,77,2.706398,27573.41227115,0,48.172376388460414,48.55920605841791,6.860742111015326,4.2292348
1568701679999,37007.01032215,69,2.03302,20716.47501569,0,49.33181806562663,20.897432926205905,6.8048224075670465,4.0800426000000005
1568701739999,203570.40831356,197,8.651402,88202.32305395,0,54.868389728025505,41.4486121881553,6.840403830938694,5.4196414
1568701799999,150307.93461031,143,4.03371,41121.26819461,0,45.30309447500315,38.42598287779613,6.811739904885058,4.4364966
1568701859999,153282.44181108,167,13.796827,140708.32820267,0,56.7420234307296,66.08775601000814,6.917651483333333,6.2442714
1568701919999,98434.3912657,104,6.943247,70812.30058734,0,39.197898259672165,33.33333333333335,6.928046138793103,7.0916412
1568701979999,56959.55886282,89,2.077968,21193.25699218,0,49.18186474539918,52.30258256136474,6.870877709099617,7.100630799999999
1568702039999,64666.38340607,116,3.233878,32975.07094929,0,49.77381288578689,39.06318290098122,6.8300997593869734,6.017125999999999
1568702099999,72605.94600298,98,2.909555,29664.39786046,0,49.30661057419829,58.26944561659096,6.784743984770115,5.792295
1568702159999,55700.46199793,96,1.662297,16946.19465505,0,48.14406856576568,67.49687605288244,6.722132150957852,3.3653889999999995
1568702219999,55870.77109102,87,1.816228,18515.24624346,0,49.04370172645692,65.80323477834467,6.661942528927202,2.3399852
1568702279999,62290.09411423,98,3.833184,39078.78043061,0,51.82400280945429,79.93030539606828,6.629605529406131,2.6910284
1568702339999,116926.45268936,113,2.088254,21283.16365285,0,42.58695945863598,51.733625731745406,6.5736236734674325,2.4619036000000003
1568702399999,37775.52013856,74,2.399824,24453.21558665,0,47.21904720617862,50.048955319064255,6.522566879118775,2.3599574
1568702459999,115182.73374968,155,9.798553,99854.96751211,0,57.427112578302626,50.048955319064255,6.573653028160917,3.9872085999999998
1568702519999,90061.83663634,112,5.050159,51471.55203977,0,52.91116946218365,73.23876546971043,6.558524454789271,4.6339948
1568702579999,75361.51641318,141,2.457116,25044.4679824,0,43.51990446139731,58.618685659854954,6.507447543103447,4.3587812
1568702639999,55160.57406308,114,3.828515,39024.41089576,0,49.76969440823477,40.265090158158124,6.475189330363981,4.7068334
1568702699999,81916.9512334,124,3.082135,31423.45591793,0,34.922340574814314,17.075280007511953,6.432521495881225,4.843295599999999
1568702759999,74710.77029799,118,2.302254,23469.85217295,0,42.122690477484475,28.32199957224712,6.378979903927199,3.3440358000000003
1568702819999,46601.41354331,87,2.520897,25699.89983434,0,50.89259361855685,46.67559507394396,6.328385615229885,2.8381833999999997
1568702879999,68772.47086352,120,2.496953,25450.36362971,0,48.4439521455396,74.89809001227206,6.277753488218391,2.8461508
1568702939999,78749.80728911,99,5.569655,56770.70043163,0,55.03277614145125,94.8891616049948,6.269483065134102,3.1943788
1568702999999,68379.06993549,108,4.30021,43832.18211009,0,54.98661301665366,94.76997023271126,6.243863301245209,3.4379937999999997
1568703059999,92335.26122349,118,3.125806,31861.82370247,0,52.38361481185943,86.47851138804914,6.201878400574714,3.6027042000000002
1568703119999,70038.21911971,111,3.709747,37815.99981966,0,49.76296216923305,59.818144401527185,6.168154596743295,3.8404742
1568703179999,64495.73776786,109,4.002437,40800.30049394,0,53.89296350055002,52.72764015703827,6.138405657375479,4.141571
1568703239999,45183.76874939,76,1.836304,18720.44284101,0,48.93433094319274,32.79660406337228,6.078612449712645,3.3949008
1568703299999,93974.68509308,136,2.591599,26415.7383683,0,31.797214165439215,26.123637716560907,6.029224350095786,3.0531786
1568703359999,52655.12908167,85,1.729417,17627.48607354,0,39.56403241667765,11.7169116005746,5.968013001819922,2.7739008
1568703419999,150245.34147773,188,5.422876,55252.9989775,0,58.71744025365982,45.050244933907926,5.958034781800769,3.1165265999999994
1568703479999,35574.56344504,109,2.265119,23074.38813343,0,45.841336444775635,62.44004722520649,5.904646279885057,2.769063
1568703539999,45312.41483794,71,2.93,29847.74910587,0,49.59355570935674,72.7590346862977,5.861647366091955,2.9878022
1568703599999,104536.86789432,158,7.637413,77813.95435826,0,61.781091626602944,72.7590346862977,5.883548356800764,3.9969649999999994
1568703659999,50903.37299008,105,2.92761,29835.87113992,0,50.7494513627509,65.63311842918978,5.840048336302683,4.2366036000000005
1568703719999,21778.94118348,55,0.773708,7886.20434686,0,47.055691997339935,46.13668863521759,5.7668647870689655,3.30677
1568703779999,98351.72017805,130,4.761041,48544.34206173,0,48.6602874523363,16.435617686142717,5.749609758812258,3.8059543999999996
1568703839999,36794.39166568,83,2.01931,20591.89819793,0,46.396787657763156,6.171731651952064,5.694335698275863,3.6238164
1568703899999,63796.46455266,76,4.009156,40883.27618999,0,51.360407875645826,36.96559571759182,5.666553249904215,2.898165
1568703959999,123827.1413677,112,10.793887,110093.1656139,0,59.16040993550184,66.66666666666669,5.732164088984674,4.4714203999999995
1568704019999,63100.48305487,107,3.230825,32960.69752433,0,49.160150715989765,73.88343475463665,5.692694867432952,4.9628438
1568704079999,41117.42330574,99,2.497191,25475.17617788,0,50.742485753688634,51.89927801439034,5.643279080842914,4.5100738
1568704139999,181430.98894747,197,16.018331,163455.77884755,0,61.722129471954624,51.89927801439034,5.78045702969349,7.309878
1568704199999,72232.40129412,146,1.655793,16899.25845455,0,49.94798451291576,46.77303460205957,5.718283902777777,6.8392054
1568704259999,118749.00879711,216,2.393497,24431.17632155,0,47.76645448549906,35.423858008972545,5.66642316465517,5.1591274
1568704319999,135081.71156823,232,4.061133,41466.41067145,0,51.353942264673016,10.659291581469587,5.637558284386972,5.325189
1568704379999,60170.73275781,150,3.624022,36998.5421648,0,50.52499800900438,15.157588361815323,5.602507140900384,5.5505552
1568704439999,312650.2019634,294,4.507612,46006.32065017,0,47.48706280964787,15.157588361815323,5.579618996551724,3.2484113999999997
1568704499999,114289.53606069,187,8.061774,82272.30687347,0,54.20019791184676,39.922154789318284,5.6056194059387,4.5296076
1568704559999,62220.95372386,105,2.598635,26531.51047355,0,51.416267161168804,52.843364993672026,5.555875079980844,4.5706352
1568704619999,183236.85220994,203,7.732228,78946.88792558,0,52.26553539055195,76.57034455517326,5.578135243869732,5.304854199999999
1568704679999,97703.85123408,97,2.689518,27460.07022805,0,50.49371048926758,58.16618928766335,5.530889378544061,5.117953399999999
1568704739999,147137.68130894,160,9.402634,96003.35194234,0,53.7146257164088,67.62262335729541,5.576271898180075,6.0969578
1568704799999,58831.03787906,132,3.108417,31744.44989909,0,44.67081387207229,43.89564379579418,5.53419712059387,5.1062864
1568704859999,51961.94548578,115,2.163493,22095.36139282,0,49.1851085584872,45.605079197078254,5.479098616858239,5.019258
1568704919999,107941.77669461,175,3.417137,34901.00804954,0,50.69683140041155,38.849076754270094,5.44169927691571,4.1562398
1568704979999,805360.0292834,345,2.493603,25451.50168114,0,37.33915156811013,38.849076754270094,5.391779132183907,4.1170568
1568705039999,254352.72071483,233,4.746783,48418.84423569,0,53.741913880741635,55.543796620495925,5.373220409674331,3.1858866
1568705099999,110449.59904832,179,7.207785,73529.91014708,0,55.594683978299585,66.6666666666667,5.3886296396551705,4.0057602
1568705159999,97664.32247341,147,5.260254,53667.70610574,0,51.384491925300956,92.31248193990649,5.377535042241379,4.6251124
1568705219999,197396.31967489,315,10.296532,105005.46431854,0,56.964370033620966,92.31248193990649,5.435764364463605,6.0009914
1568705279999,191889.9759791,135,3.538317,36081.60566497,0,49.09882055800523,58.979148606573155,5.400108509674327,6.2099342
1568705339999,80429.94591865,137,4.381575,44663.91018767,0,46.39679013657404,33.333333333333364,5.376660060344828,6.1368926
1568705399999,176182.35574463,144,13.51168,137696.83538902,0,59.968926455459545,33.333333333333364,5.47906565373563,7.3976716
1568705459999,119730.74611652,138,7.892295,80441.49946649,0,50.144932827215186,42.53881777237395,5.502892189176246,7.9240797999999995
1568705519999,64971.49776794,160,3.698685,37707.32587214,0,50.9280208733911,53.6675760615459,5.468452255268201,6.6045104
1568705579999,91981.98697821,170,3.754164,38269.17012542,0,44.08095407416323,20.334242728212562,5.434667366283526,6.647679800000001
1568705639999,89785.12234249,127,4.268945,43516.02087537,0,51.383724869336824,26.450140233353807,5.407934908237548,6.6251538
1568705699999,77725.73866738,149,3.704711,37764.42811787,0,51.85446557121156,48.6547152775152,5.3732167042145615,4.66376
1568705759999,199122.20781242,228,15.773682,160849.92307451,0,61.797449025877874,81.98804861084854,5.5047307872605336,6.2400374
1568705819999,390416.8611849,333,21.538507,219739.80107971,0,66.64448497832247,100.0,5.714429684099616,9.8080018
1568705879999,78996.31362003,137,4.711162,48044.72093036,0,49.97518911292619,66.6666666666667,5.690193253448279,9.9994014
1568705939999,86277.56194351,170,3.106978,31694.4340845,0,47.109184399023455,33.333333333333364,5.64390433304598,9.767007999999999
1568705999999,70174.48434492,131,2.691878,27460.64848536,0,48.14947222287467,1.775056424357581,5.591962436015325,9.5644414
1568706059999,181395.99856827,386,7.701739,78568.38483744,0,48.12972668204069,3.5164207797452054,5.609314899521073,7.9500528
1568706119999,473512.42505824,341,13.538802,138148.40997241,0,57.305148165983205,36.84975411307854,5.70680214329502,6.3501118
1568706179999,231232.928029,234,12.295074,125439.59035469,0,55.747023787866574,63.31410557688366,5.786699936877393,7.8668942
1568706239999,258866.63172604,366,14.969554,152774.39430738,0,51.16829846710801,72.6115503210198,5.902838399521073,10.2394094
1568706299999,227940.22730548,218,13.200607,134755.08711102,0,54.533716707667,62.543233702299666,5.994029831321839,12.3411552
1568706359999,226483.63976578,229,8.1075,82784.97730501,0,53.708495013761706,48.10133143616802,6.015873152203065,12.4223074
1568706419999,289790.11715725,384,8.204432,83778.07175816,0,53.740754714100994,55.79012348311937,6.03936968563218,11.355433399999999
1568706479999,139336.77612972,192,8.031446,82002.10219195,0,53.180917180301165,52.45941675448548,6.060110390613028,10.5027078
1568706539999,278386.46129676,302,10.721343,109407.18018873,0,55.72623370859418,71.99524446578779,6.117645359099619,9.6530656
1568706599999,123624.62008964,187,7.147792,72952.05154899,0,41.82721043425939,53.26764331931266,6.125312607088122,8.442502600000001
1568706659999,151854.43111413,200,5.362013,54703.44086352,0,33.423331972481265,33.333333333333364,6.108249025383142,7.893405199999999
1568706719999,577530.7655887,248,49.342909,503339.86876626,0,79.38367175287354,33.333333333333364,6.698291426053639,16.1211006
1568706779999,114965.29893513,220,6.071518,61952.20249874,0,51.260286661459,46.26981637806736,6.687140184386973,15.729114999999998
1568706839999,130025.13884116,153,9.389936,95813.43074269,0,52.77888430644776,60.307682087540066,6.721757800095786,15.4628336
1568706899999,204095.78231637,270,7.113348,72576.46874025,0,49.750224061019345,38.81563928610971,6.726193180363985,15.455944800000001
1568706959999,149770.88613789,191,5.330738,54349.82857956,0,46.391403412189874,25.87915624137572,6.705910884099615,15.449689799999998
1568707019999,165128.47208573,177,10.371503,105746.67630356,0,49.18164264903085,26.40226943752708,6.755144776532567,7.6554085999999995
1568707079999,129402.57891151,203,6.713755,68476.82614098,0,46.516823128655,15.215486885328971,6.753318702394638,7.783856
1568707139999,64959.50508504,92,4.507153,45975.09819229,0,46.34566896743405,15.215486885328971,6.720915006609194,6.8072994
1568707199999,109246.94275571,126,7.404087,75537.85229173,0,49.698755293065894,33.98784131303823,6.728703037835249,6.8654472
1568707259999,170124.61088729,194,7.985379,81479.3061785,0,49.9065756190126,66.6666666666667,6.744417549521073,7.396375400000001
1568707319999,153627.02722828,204,8.141084,83071.86451783,0,50.04676663796576,100.0,6.7622447174329485,6.9502916
1568707379999,172338.34157291,113,9.954218,101557.9433716,0,49.6703130122719,96.6095317371096,6.804649779214559,7.5983842
1568707439999,72551.96565449,144,4.54543,46370.53997117,0,48.898952542655415,63.27619840377628,6.772091010823756,7.6060396
1568707499999,102637.98621174,135,5.095988,51975.77552522,0,49.88625716212173,58.61488967501297,6.752613015134101,7.1444198
1568707559999,75969.27101891,90,3.103313,31646.4557,0,19.154358276432944,28.672024604570055,6.70640689875479,6.1680066
1568707619999,194175.41535953,196,3.620826,36914.97981302,0,46.19449845695546,58.00109435616785,6.667673974712643,5.263955
1568707679999,123004.3121486,195,8.501387,86676.75632189,0,48.68407844645877,61.358460754374654,6.696250774233719,4.9733888
1568707739999,50990.39932395,84,2.095014,21356.67497119,0,43.37797916342601,87.63259475988677,6.636031230842915,4.4833056
1568707799999,66990.05138145,134,3.074181,31338.6293857,0,46.95781889550515,89.68824573369805,6.590856751436782,4.0789442
1568707859999,141368.72821658,169,3.980184,40573.2070634,0,40.30238715666191,57.658854730921234,6.55906742078544,4.2543184
1568707919999,255230.22176649,261,15.423159,157286.4744026,0,60.689459643362454,64.71805405874245,6.685236044827588,6.6147849999999995
1568707979999,173627.22261864,194,7.505938,76548.00214738,0,53.22804745059726,54.46708578416934,6.70094715507663,6.4156952
1568708039999,186082.83023423,184,14.28082,145693.19941752,0,56.83207215425197,81.49350167978679,6.810005882662832,8.8528564
1568708099999,293447.68276241,280,7.702334,78549.46355388,0,49.74873518041789,63.605165055222834,6.827405692337167,9.778487
1568708159999,581541.42385552,554,20.007156,203854.96051933,0,58.66476174503299,69.63605663630337,7.014162051149426,12.983881399999998
1568708219999,125749.60005282,208,4.775781,48678.74847073,0,46.83822900619881,42.609640740685926,6.989597853160921,10.854405799999999
1568708279999,72968.15960871,142,4.098926,41766.83709956,0,49.71066155382672,35.26065608396922,6.95685175124521,10.173003399999999
1568708339999,164399.70453223,144,12.3782,126116.62075719,0,54.28929671270377,29.097004399929034,7.042747169827585,9.7924794
1568708399999,161865.48922565,221,5.420287,55233.49724458,0,51.289307630138055,41.64246389689968,7.032067742145593,9.33607
1568708459999,81275.18026453,162,4.336415,44186.21440521,0,50.395703798391274,49.46128415398798,7.006310397413794,6.2019218
1568708519999,325261.27471768,305,16.03738,163363.38924077,0,53.874937689082714,58.77701277030772,7.142033669252873,8.4542416
1568708579999,143782.29734219,236,5.423656,55250.72342896,0,51.64057314591796,56.88897068464939,7.130295865613029,8.719187600000001
1568708639999,259952.60101507,204,3.682439,37509.86868652,0,50.29755428805972,40.97413837550841,7.09422174204981,6.9800354
1568708699999,345326.0348414,340,10.469509,106592.52190661,0,53.00179753751321,35.855007812909435,7.151746150095785,7.9898798
1568708759999,112486.93351297,181,7.3829,75137.85479765,0,45.96915995337009,25.197590401597125,7.1661543408045985,8.5991768
1568708819999,408183.04952283,308,26.428959,269196.32824328,0,58.534407333987865,58.53092373493046,7.443180913122602,10.677492599999999
1568708879999,100564.13945432,200,3.850885,39263.61882231,0,45.882908964391994,33.33333333333337,7.40669392998084,10.3629384
1568708939999,172764.41873645,206,7.121628,72565.39655849,0,49.764626814908326,43.56062746381858,7.415409674042142,11.0507762
1568708999999,70927.55856353,119,4.920396,50128.228703,0,43.33947181237466,10.227294130485246,7.394712842816094,9.9409536
1568709059999,73454.34662238,197,3.852647,39249.38862509,0,49.53420054116526,23.816753416616578,7.359306315229886,9.234903
1568709119999,235500.52323836,259,9.66083,98424.05182772,0,52.66827900920302,46.9227926194647,7.404316410727972,5.8812772
1568709179999,78554.18768417,141,3.427438,34903.79460557,0,45.61996371740035,55.071358157407644,7.363163824904212,5.796587799999999
1568709239999,94496.57478113,154,5.137945,52321.88569715,0,49.85435687642167,64.7606343930122,7.345823898371646,5.3998512000000005
1568709299999,104043.91162814,144,7.597655,77358.90158471,0,51.658731619518846,59.986219761578695,7.362183194444446,5.935303
1568709359999,157151.74961556,185,9.678686,98585.31055868,0,46.41502368487224,55.59770152835153,7.406770581800767,7.1005108
1568709419999,106225.90727948,168,6.356107,64772.96998582,0,50.57279972990688,59.658074981527555,7.405105967337167,6.4395662
1568709479999,194186.04483243,275,3.95827,40327.47035499,0,50.168085554341204,54.95671354155085,7.370252251724138,6.545732600000001
1568709539999,79093.32014824,156,3.725225,37932.72746258,0,45.5333944838685,51.196666236835085,7.332083287739466,6.2631886
1568709599999,272334.78662815,253,18.495121,188367.66656514,0,56.37314537960106,57.19089059525651,7.497448891954026,8.442681799999999
1568709659999,97081.44499043,177,6.874216,69998.05646125,0,37.7407236620233,33.33333333333337,7.501742313122608,7.881787800000001
1568709719999,107312.82620732,146,8.271217,84238.31509058,0,53.773300729455705,62.01555423202154,7.525056389655172,8.2648098
1568709779999,100862.15043243,151,6.347514,64649.62579566,0,49.323643462666155,49.40402145367738,7.522981602298851,8.742658600000002
1568709839999,135359.49546218,183,5.372977,54719.96474521,0,50.404089637379954,72.05873620717267,7.507132757662836,9.072209
1568709899999,154284.17122539,165,5.994042,61020.49241836,0,51.92733059265455,72.87189185953828,7.499666913122609,6.5719932
1568709959999,136470.53763256,140,9.963181,101429.92326873,0,50.28144342888503,59.3251755023629,7.546718458141763,7.1897862
1568710019999,150591.01481237,181,9.001047,91676.0781626,0,55.75273905427459,70.00379408220095,7.57988526417625,7.3357522
1568710079999,97126.19271186,131,5.847668,59578.76306543,0,50.71134542241253,43.127553368812016,7.568961204118774,7.2357830000000005
1568710139999,103924.80622053,108,6.010138,61221.07752674,0,48.33204489778154,35.95246917099822,7.559905096168583,7.363215200000001
1568710199999,227270.36545738,160,12.587212,128219.50866011,0,52.7921082641365,22.653485150985475,7.641848792049807,8.6818492
1568710259999,121863.32889818,135,5.875823,59853.30477751,0,49.567105591574105,25.582171245459296,7.630471676149425,7.8643776
1568710319999,67312.97121919,102,3.592517,36590.70713342,0,49.66965379079981,35.579106140366015,7.587297099616862,6.7826716000000005
1568710379999,62671.73302087,89,4.948049,50393.20021087,0,51.08249900454183,36.10092296815663,7.5626701390804625,6.6027478
1568710439999,67031.49003416,72,5.011943,51046.63552626,0,33.862348789463525,30.55310103601796,7.539279202394641,6.4031088
1568710499999,267318.03435362,348,6.667738,67878.6793809,0,49.67545538068691,51.16586155359593,7.538633116954025,5.219213999999999
1568710559999,546079.89489385,594,37.866442,385255.19816325,0,74.01737232840921,63.94302874581806,7.968996846168581,11.6173378
1568710619999,173378.95308297,210,9.838539,100078.20149325,0,51.98995179015773,78.99104466269128,8.009806818007666,12.866542200000001
1568710679999,196533.62643287,289,9.40854,95719.27593935,0,52.31471862861863,63.6989593629724,8.043942419444445,13.7586404
1568710739999,406303.21397391,385,15.278564,155384.63539585,0,55.02296443367659,37.688397779667646,8.15845242643678,15.8119646
1568710799999,310557.53226434,308,17.60157,179027.01762517,0,54.207337869117126,25.995875492667874,8.303819124521077,17.998731
1568710859999,164621.16412172,269,7.231824,73538.14483524,0,49.116997515956456,10.678265379902063,8.304628093007661,11.8718074
1568710919999,3495785.40456473,2026,96.939563,983232.42841085,0,74.39047949581985,36.68882696320682,9.542266450383142,29.2920122
1568710979999,433550.67276828,391,19.941179,202589.09531968,0,52.64273421246021,37.983446706859134,9.708939896360155,31.398539999999997
1568711039999,136991.38026691,258,8.880464,90285.39082388,0,49.30858736246201,38.236135601169,9.72134170584291,30.118920000000003
1568711099999,223828.12469276,234,13.74663,139730.1787143,0,51.47830284478232,8.017140754722476,9.8002422954023,29.347932000000004
1568711159999,137200.41889845,209,8.154268,82892.41585523,0,50.846273286711465,5.410581240788236,9.801628689080463,29.5324208
1568711219999,140006.13440424,196,6.851989,69633.01652455,0,50.353279252492165,15.60226224608968,9.784755285344827,11.514906
1568711279999,282286.40144616,359,10.47009,106387.32862405,0,50.9995840135666,38.46670092888999,9.817365758141758,9.6206882
1568711339999,224834.05029058,298,9.531426,96780.47949337,0,50.52582594957032,41.535534586047014,9.83639297509578,9.750880599999999
1568711399999,98191.56335907,125,7.811576,79335.34635752,0,43.8114128129624,31.091164686435704,9.831080374904214,8.5638698
1568711459999,308476.46679769,417,10.394282,105529.93941911,0,50.12782768933376,34.40317048085142,9.860863592911876,9.0118726
1568711519999,95967.82615404,111,7.498312,76152.37610787,0,49.565552590809695,55.974156788790644,9.849948241475097,9.1411372
1568711579999,226056.16276543,242,16.103909,163595.44213865,0,50.18540305398992,87.61747945077995,9.957251722318006,10.267901
1568711639999,160461.84004965,144,13.684792,139057.38186488,0,49.12052636002624,86.09116503413225,10.030179043965518,11.098574200000002
1568711699999,80031.71893845,115,4.214285,42831.48086043,0,49.3196942744907,65.64225057904272,9.971579776532566,10.379116
1568711759999,138790.75943294,152,7.27872,73973.73128452,0,16.825418828109434,33.99892791705342,9.955144317624521,9.756003600000001
1568711819999,241769.94575576,294,9.866071,100262.77391208,0,41.70415497575745,31.09332019238731,9.974054603065136,10.2295554
1568711879999,161824.47639226,218,9.25216,93951.96429713,0,50.36964803161747,58.19219415612239,9.983935499808428,8.8592056
1568711939999,145959.84178501,128,5.654876,57441.07035976,0,41.74447857982105,82.95458532682744,9.943488355172413,7.2532224
1568711999999,185363.63210886,191,7.237672,73506.93675438,0,48.98152758994464,90.04966464552415,9.92457946216475,7.8578998
1568712059999,200601.04028125,158,10.209182,103631.25764389,0,53.59690522366397,90.04966464552415,9.94612930335249,8.4439922
1568712119999,157170.2746494,196,7.373312,74853.6725415,0,46.62554247993618,79.01459994499454,9.928105237835247,7.9454404
1568712179999,740142.96217897,514,13.876463,140795.39565473,0,54.22257760463036,80.39399313684214,9.99929051628353,8.870301000000001
1568712239999,123778.0299803,185,6.651592,67479.87375135,0,48.98166758657297,57.398574827657285,9.96977388984674,9.069644199999999
1568712299999,173620.25263218,238,10.485681,106368.84398383,0,50.07851276436519,58.8217653146613,9.99323567691571,9.719246000000002
1568712359999,141888.89118409,170,9.155107,92893.78910236,0,51.462538759203724,46.711607425762764,9.99762076599617,9.508431
1568712419999,89765.83178672,144,5.421864,55020.19432904,0,39.68291347578322,36.373692401614285,9.949710032183905,9.118141399999999
1568712479999,148201.82942857,257,4.703531,47729.53097983,0,41.03092349043824,25.037699767072695,9.891827959770115,7.283555
1568712539999,196627.33344165,267,16.417399,166627.07290604,0,61.66393997654732,37.14785765597123,9.995259371168581,9.2367164
1568712599999,90772.81825138,139,5.378694,54618.85541236,0,48.42414491457954,50.40357987090429,9.945244253544061,8.215319
1568712659999,78218.22831676,134,5.26799,53508.79287167,0,46.02303426968324,56.20359105639298,9.894220880842912,7.437895599999999
1568712719999,167400.28414607,171,8.938309,90807.01923395,0,49.74217582732708,36.94357938651036,9.893627467049809,8.141184599999999
1568712779999,167807.4065015,140,14.347937,145791.81238201,0,56.934736285069725,46.942482404261966,9.967032646551724,10.0700658
1568712839999,71741.41792307,101,3.071118,31206.35912947,0,47.12141975306254,40.683321648337156,9.88505549444445,7.4008096
1568712899999,108082.84364201,104,7.833096,79600.03856708,0,48.39804675570904,33.865246027703044,9.868625229980843,7.89169
1568712959999,146798.28939272,136,4.640555,47164.02797736,0,48.16639817298242,14.160145961532578,9.807638882854405,7.766203
1568713019999,79857.65455576,117,4.578458,46535.61982668,0,43.17104163622048,10.804771209330829,9.745740525191572,6.8942328
1568713079999,142019.31164373,123,6.613267,67217.65626978,0,49.969529020989754,36.882858499847565,9.711817077490428,5.347298799999999
1568713139999,169948.75708014,172,6.313267,64169.2428504,0,46.48512244021923,49.58244197782059,9.673554007662833,5.9957286
1568713199999,100760.3063072,134,6.204482,63070.99596702,0,47.46212612715144,70.62184995232741,9.633957936590038,5.6700058
1568713259999,138804.40331981,118,11.308433,114976.69683523,0,54.946485727154794,70.62184995232741,9.664415802011494,7.0035814
1568713319999,67219.77429268,83,4.221424,42919.36575221,0,49.63405334588266,66.7778774499298,9.596779270785444,6.932174600000001
1568713379999,346456.74206394,412,4.064895,41294.05132692,0,38.62859239243365,45.73846947542298,9.52683698457854,6.4225002
1568713439999,84037.47423125,126,5.13789,52183.26112066,0,49.728507362785074,35.07945801004195,9.472205907088115,6.1874248000000005
1568713499999,183169.8388037,235,8.050579,81742.07132224,0,52.95077434431862,51.93092106676005,9.457555456321842,6.556644199999999
1568713559999,158041.10301953,216,7.101631,72103.1836256,0,47.93300864588263,73.58594608251754,9.42925217049808,5.7152838
1568713619999,211196.60896626,129,14.939756,151662.75728384,0,50.6315123958873,78.84712557829405,9.508708032758625,7.8589502
1568713679999,139826.90173599,172,9.722923,98735.47501701,0,58.152263499665374,82.92385971281969,9.515015417528737,8.9905558
1568713739999,80808.85602629,84,4.505868,45762.43956167,0,45.96722767368058,61.2688346970622,9.448886781226056,8.8641514
1568713799999,126185.66215918,120,5.117639,51979.26171679,0,50.616840329010465,46.05279437754988,9.391455169923372,8.2775634
1568713859999,94527.11140131,82,5.989612,60840.44106735,0,51.78710915337707,28.64030461773451,9.346064432854408,8.0551596
1568713919999,134211.31248455,138,9.463923,96147.19937706,0,53.48312334892127,49.20075757160249,9.349007767049809,6.959993
1568713979999,88767.15664945,117,3.88435,39464.53716414,0,47.37133307101321,42.70856673798827,9.274423886877395,5.7922784
1568714039999,84888.81630235,117,4.067968,41329.01259447,0,47.69152192807493,28.53401376292821,9.202420295689656,5.7046984
1568714099999,93473.19590829,143,4.739398,48140.92012892,0,42.15035115071845,7.973560809060228,9.14058237806513,5.6290502
1568714159999,200008.65326568,147,16.7371,170038.27059133,0,63.384732779233545,35.07962393179127,9.244532006896552,7.778547800000001
1568714219999,88367.8297853,110,5.567986,56561.43520499,0,51.301013948708395,47.69787187288403,9.193176000574715,6.9993604000000005
1568714279999,62636.22547743,69,3.957235,40200.28824986,0,48.987498999423586,58.43069811088117,9.119429001340993,7.0139374000000005
1568714339999,48195.11451583,96,3.258916,33108.07854795,0,45.72855789841536,30.71436650348433,9.036079873180073,6.852127
1568714399999,61215.19831376,116,3.566976,36243.39853891,0,46.81267627237352,18.39654982616436,8.957022549137932,6.617642600000001
1568714459999,234573.37475498,260,18.458202,187625.02765884,0,52.81467861948666,40.99705692150056,9.084530670498081,6.961862999999999
1568714519999,120293.47341847,159,8.097933,82325.37786171,0,48.79888693312806,49.822978931361945,9.069433578160925,7.4678524
1568714579999,130731.06589548,151,9.143584,92963.53207526,0,53.65325404976745,81.1095904024646,9.06843485488506,8.5051222
1568714639999,145440.77012133,205,6.203444,63073.23734161,0,50.82505299182,67.32809830251456,9.026304257471267,9.094027800000001
1568714699999,127733.575779,147,3.109736,31615.84730795,0,47.883187243443,52.88517456671667,8.941165468678157,9.0025798
1568714759999,91890.88776485,144,4.677987,47572.00346294,0,46.380751377556166,19.551841233383332,8.878097575191573,6.2465367999999994
1568714819999,66209.59468889,120,3.208863,32631.64377258,0,49.45531710484124,14.092194786595298,8.7956146394636,5.268722800000001
1568714879999,100293.94286385,142,3.392459,34497.78885129,0,49.45529917175452,37.152044312639276,8.716534389080456,4.118497799999999
1568714939999,62826.96176989,130,3.071059,31231.4487839,0,48.6470874475859,61.722843042762946,8.634129952394632,3.4920208
1568714999999,107700.15243847,138,7.420855,75473.72423596,0,41.37534934887729,47.63064825616769,8.612692965134094,4.3542445999999995
1568715059999,75736.18314013,111,4.107932,41787.09926037,0,48.418253168674234,53.6257984219994,8.545626258812263,4.240233600000001
1568715119999,116333.76457985,149,7.928189,80649.81534846,0,54.10538737275323,62.38833302520906,8.531645137547894,5.184098799999999
1568715179999,97931.67304146,156,6.842616,69604.63381979,0,53.67559170390532,94.5962555570931,8.502700486111111,5.874130200000001
1568715239999,93340.97338279,123,7.737525,78711.50808147,0,54.226608794814375,98.87458919855074,8.486470932662835,6.807423399999999
1568715299999,223810.87761527,388,9.566747,97314.58164792,0,37.74431514048354,65.54125586521741,8.495415539655172,7.2366018
1568715359999,124128.11751705,213,8.474783,86205.55558695,0,50.697702043292225,59.52990357302832,8.488895821934868,8.109972
1568715419999,139513.78698617,222,8.834795,89863.33879691,0,49.4134142576947,49.79583249840986,8.491256358429117,8.2912932
1568715479999,59934.71118865,119,3.416404,34744.30162862,0,45.161242046025976,64.79561966616565,8.418615785632184,7.6060508
1568715539999,77104.17832471,135,3.078892,31303.22032226,0,49.94078239276456,69.98457905356888,8.341892052298853,6.674324199999999
1568715599999,154595.00443727,143,10.363273,105353.24479217,0,58.950652191846984,79.71865012818733,8.366028981800763,6.8336293999999995
1568715659999,65425.12407049,95,3.299344,33542.71701818,0,50.12111330380403,76.7084288793218,8.292250364272032,5.798541599999999
1568715719999,59866.0902213,85,3.886681,39510.66478163,0,50.65446681126975,58.60174803824546,8.227250356609195,4.8089188
1568715779999,491438.57230239,564,39.762409,404519.51047545,0,75.02413181461016,58.60174803824546,8.657358769061302,12.0781198
1568715839999,239538.14687892,230,6.846165,69652.38744784,0,49.71795292155307,46.612182119355204,8.630073082662838,12.8315744
1568715899999,62675.56886603,121,3.55298,36147.98084321,0,49.72758718445142,33.34602359755575,8.557417595689657,11.4695158
1568715959999,61629.67505127,126,2.331138,23718.78465786,0,47.18061752607884,0.012690264222418965,8.468333674904216,11.275874599999998
1568716019999,105089.09855691,182,3.76488,38319.17941901,0,48.45508207048969,1.538437015876533,8.39958201408046,11.2515144
1568716079999,216468.13530988,202,6.32624,64403.95907209,0,49.30324013615661,29.30546009452983,8.366752305172415,4.5642806
1568716139999,85330.17954824,116,4.721885,48072.77006804,0,47.602739800587,34.82996347341816,8.31162298611111,4.1394246
1568716199999,73557.79670572,127,2.818499,28693.52959857,0,47.22353915325966,33.97825123889134,8.230275900670497,3.9925284
1568716259999,62110.50045964,109,4.03735,41094.68161381,0,47.66480059826182,13.271052144153716,8.165767834195401,4.3337708
1568716319999,62191.23178173,117,1.831594,18640.44227793,0,49.203673954256836,39.4840407938697,8.070795650095786,3.9471136
1568716379999,140267.67227612,99,8.394638,85431.84094196,0,52.513755857435044,72.14333961007574,8.066987079885056,4.360793200000001
1568716439999,355663.36369245,135,4.170923,42441.4345113,0,46.98441570619989,65.0708253619377,8.00431695948276,4.2506008
1568716499999,96993.46014264,165,5.874815,59793.7713954,0,51.32330002176392,59.49006690906756,7.965043745785441,4.861864
1568716559999,79368.96344058,95,3.395111,34564.75903672,0,49.752244861045234,42.84244458368672,7.891386240229886,4.733416200000001
1568716619999,152223.63760378,182,4.96193,50508.9089377,0,23.187457388483494,42.84244458368672,7.84049214310345,5.3594834
1568716679999,217461.18768863,183,4.896637,49836.27282839,0,46.95813479967384,44.847508898061164,7.788941131800765,4.6598832
1568716739999,79439.56385454,117,3.070809,31255.35868451,0,49.2115613962606,58.99329438726652,7.713105154118775,4.4398604
1568716799999,89463.30719534,96,2.632977,26798.61292345,0,50.50655045548911,92.32662772059984,7.631673747030652,3.7914927999999994
1568716859999,90874.91211984,101,3.601138,36652.48890973,0,49.72084352439218,96.53948452202896,7.565260478160917,3.8326982000000003
1568716919999,120901.78252854,164,5.180069,52720.70730412,0,47.97821825190512,75.29051302735147,7.520738081609195,3.876326
1568716979999,103386.85690621,136,5.79304,58952.38589138,0,51.957936378505615,75.29051302735145,7.484566899712647,4.0556066
1568717039999,127267.36527271,132,5.919145,60230.2110983,0,56.06141822805591,76.24919166914707,7.450765859578544,4.6252738
1568717099999,106932.34778485,150,4.448769,45273.0411468,0,50.796446101808655,78.28841654385486,7.3966359878352534,4.9884322
1568717159999,64630.68959843,108,2.717636,27656.50986179,0,51.747355150335615,60.49817220807697,7.318617657662836,4.8117318000000004
1568717219999,113886.2306929,142,5.256349,53484.87192756,0,42.64330393910808,27.16483887474365,7.276891896072793,4.8269878
1568717279999,86498.24405187,139,6.681489,67985.49515136,0,56.773999835302085,48.87642233088882,7.2548392635057475,5.0046776
1568717339999,125516.94340393,171,5.439564,55344.59442767,0,48.79558176407888,47.8461307925344,7.2153693656130296,4.9087614
1568717399999,209627.59445391,284,5.958423,60610.48911118,0,57.9566001820452,81.17946412586774,7.183537939080461,5.2106921999999996
1568717459999,72830.37071566,131,3.050606,31024.54043593,0,44.52313943815043,51.93807692270298,7.1117351360153265,5.2772862
1568717519999,195183.27542736,256,13.019446,132412.82161803,0,64.84831386055696,70.7586127968353,7.179672880172413,6.829905600000001
1568717579999,40163.188473,99,1.986897,20207.47181391,0,48.51759954607509,43.9762033324441,7.0945593200191555,5.8909872
1568717639999,81797.74556444,129,4.731151,48115.87059925,0,52.69925667761047,53.293108494340636,7.0477893716475135,5.749304599999999
1568717699999,87764.99261605,121,7.700465,78317.41906447,0,55.015457854220344,37.1672017706787,7.041993605363985,6.097713000000001
1568717759999,82994.64819321,92,3.002853,30538.93171826,0,47.52508138571143,30.616277901736556,6.9710346258620675,6.0881624
1568717819999,114932.88927818,122,6.94789,70657.93455014,0,51.22031569007386,33.65179056519915,6.9551276870689644,4.8738512
1568717879999,86545.56310881,96,2.60966,26539.25969249,0,46.78876585565567,16.44436395552776,6.879045885057474,4.9984038
1568717939999,105694.90130076,87,7.414448,75407.72569857,0,52.70274459975373,40.40692689548743,6.86947919386973,5.535063200000001
1568717999999,66304.36605262,89,4.857271,49399.99227725,0,51.921013829080145,52.88977756990901,6.824658644348658,4.9664244
1568718059999,139515.34603053,110,11.49006,116865.57461227,0,55.21349900193748,86.22311090324234,6.871786661015326,6.663865799999999
1568718119999,74381.24876744,113,5.246989,53385.76016045,0,48.88974475847301,70.5732896107519,6.832311595593872,6.323685599999999
1568718179999,71897.45634311,120,3.959187,40289.95403222,0,48.85505056843167,41.6460749808026,6.7749503034482785,6.593591000000001
1568718239999,114702.90168653,105,7.352873,74830.26285681,0,51.03257460580153,19.728126286985027,6.764376063218392,6.581276
1568718299999,62405.42194376,105,3.460771,35220.39712391,0,50.299358822615716,18.986981543425404,6.701184922605365,6.301976
1568718359999,115355.21924553,108,3.529847,35922.79735855,0,41.90410689337353,18.986981543425404,6.639273512739464,4.7099334
1568718419999,119494.20012333,100,3.073923,31281.59002106,0,51.13159118401829,40.90493023724298,6.571527650191572,4.2753202
1568718479999,73324.54490874,141,3.213088,32689.27044945,0,48.329073013242926,56.5428594168522,6.506014867241378,4.1261004
1568718539999,116944.30675859,156,2.280043,23186.96890941,0,43.75376358300845,63.22455304491283,6.427839384003832,3.1115344
1568718599999,78754.76852517,139,3.066516,31184.48369491,0,50.08063023886627,59.42806524806181,6.360867551245212,3.0326834000000003
1568718659999,307357.73674534,234,3.684986,37470.95065061,0,45.487217537562024,44.050356551711296,6.30308693927203,3.0637112
1568718719999,108226.3926657,152,5.495449,55883.87720101,0,54.29125972433227,70.701996256984,6.270787431992339,3.5480164000000003
1568718779999,101399.9784615,175,2.838496,28862.00532006,0,42.73109113947567,41.165150720501686,6.20187403457854,3.4730980000000002
1568718839999,186872.36545165,172,6.498449,66064.21345254,0,52.51876885495342,61.5557525354756,6.183746544636015,4.3167792
1568718899999,105803.15462214,189,2.775523,28207.41224603,0,35.31378714473695,28.222419202142273,6.114851566091953,4.2585806
1568718959999,241528.08116948,264,5.300974,53847.96322568,0,50.10401137291196,54.20098258589784,6.081087358045978,4.5817782000000005
1568719019999,482259.1235288,414,42.924095,436121.22643194,0,81.2786200249658,59.31189671708895,6.566099104693485,12.0675074
1568719079999,59792.57349047,94,3.534001,35949.58198347,0,48.057210500722725,68.55332656498409,6.504161657662834,12.206608400000002
1568719139999,77174.07500568,125,4.027892,40973.92266705,0,50.29884648264496,53.441809717258046,6.449178065613026,11.712497
1568719199999,45598.88064377,86,2.259615,22981.27747957,0,49.34242250746462,21.398018303976823,6.3700573047892695,11.609315400000002
1568719259999,93821.77050236,102,6.791324,69075.4851473,0,51.846513675925124,15.958657894101938,6.356853490613026,11.907385399999999
1568719319999,42193.31790989,81,2.761592,28084.38880376,0,49.7840776708241,20.282330163596455,6.288359044923371,3.8748848000000016
1568719379999,95409.13724885,135,3.380998,34382.58840165,0,50.528102236022534,34.7760225428352,6.22904481111111,3.8442842000000015
1568719439999,80410.74280276,98,3.853306,39185.38067341,0,50.378545587812276,44.766356690832104,6.177384784003831,3.8093670000000017
1568719499999,157383.18479343,102,13.485448,137147.07715699,0,54.33892869958537,62.90897121864139,6.259898771455937,6.054533600000001
1568719559999,172431.28482021,168,11.16666,113589.747645,0,52.49954755509138,66.99810206090073,6.309830470019158,6.929600800000001
1568719619999,220095.54876719,143,13.010665,132356.25365554,0,54.5156735171859,86.5390318082169,6.3934125156130275,8.979415400000002
1568719679999,32594.7081731,61,1.682667,17115.81438915,0,47.9984255674205,53.20569847488357,6.321410155268199,8.6397492
1568719739999,88560.67913357,143,2.278768,23171.16007192,0,49.78802501323192,42.48647823746858,6.25831932183908,8.324841600000001
1568719799999,222037.02576462,103,3.503473,35625.40188515,0,49.224361060929176,15.42335539256085,6.213219425383141,6.328446600000001
1568719859999,132651.18789711,111,1.692657,17212.33266647,0,24.24965499613215,15.42335539256085,6.143588234961685,4.433646000000001
1568719919999,133776.78514123,108,2.225445,22627.85768124,0,48.4120493562237,37.80758522287827,6.081800033429121,2.2766020000000013
1568719979999,95858.34343341,116,7.149836,72712.01986548,0,53.42069625412359,64.870708067786,6.088724183333336,3.370035800000001
1568720039999,129282.59636429,117,9.663413,98292.36581157,0,57.981934978185784,98.20404140111934,6.130546482471262,4.846964800000001
1568720099999,69740.59124023,92,3.926448,39939.61630486,0,46.98964700575546,89.13771617940002,6.093060850862071,4.931559800000001
1568720159999,90857.50618172,112,5.434961,55289.687895,0,52.96628995508749,73.92812852522528,6.077001819444444,5.6800206000000015
1568720219999,71631.36123015,88,4.260939,43350.24545394,0,50.96448550378642,52.64821090783215,6.044947020114943,6.087119400000001
1568720279999,56981.58908566,99,3.038305,30912.38453955,0,49.121149547920965,36.64079161630941,5.997162687643677,5.264813200000002
1568720339999,62647.15944411,84,3.343086,34015.38732889,0,36.30893763631855,18.517045937150815,5.95460200948276,4.000747800000001
1568720399999,69008.33044865,89,5.177213,52681.57358705,0,41.80771755807613,17.467339607369066,5.937423082950192,4.250900800000001
1568720459999,426878.89420936,274,32.016163,325888.57922168,0,65.43897999115131,44.33704271949182,6.290637863984673,9.5671412
1568720519999,261469.32423508,215,6.872753,69917.55471572,0,53.44326430377288,63.94375029963796,6.294925333524904,10.089504000000002
1568720579999,124143.22273347,146,3.756524,38197.51719498,0,50.94866711960269,69.69219584796002,6.25645824664751,10.233147800000001
1568720639999,61312.04578038,88,5.062278,51476.87684338,0,50.999657457453424,49.324652959112804,6.236183394252874,10.5769862
1568720699999,62136.86195268,94,3.007883,30579.12768322,0,50.840824054702814,29.717945378966665,6.18778043017241,10.1431202
1568720759999,55594.52407839,99,2.773609,28201.19504396,0,50.351783964739106,12.965790444486151,6.136835880172412,4.2946094000000015
1568720819999,73016.36971315,100,2.004597,20379.72384609,0,46.51201655151252,0.0,6.075724852681992,3.3209782000000017
1568720879999,172001.01381707,149,7.487232,76118.20200522,0,48.58184352072587,15.374276541550989,6.0913735288314195,4.067119800000002
1568720939999,253408.32388238,240,8.561307,87025.07009373,0,53.215846659104095,48.70760987488433,6.1217569904214555,4.766925600000001
1568720999999,63523.42799833,96,3.743896,38049.84463859,0,48.87818319205154,60.47285751473484,6.085877730747127,4.914128200000001
1568721059999,159224.37890641,199,11.884918,120815.14483009,0,54.6296444847101,78.43191430651723,6.16280674492337,6.736390000000002
1568721119999,48665.78814967,95,3.108283,31607.8996714,0,50.038923067287655,53.12948650528812,6.118059658141764,6.9571272
1568721179999,50691.89750138,126,3.171935,32256.35412001,0,49.904546580165714,47.312659831220536,6.0743433315134086,6.094067800000001
1568721239999,87448.1045078,143,3.598194,36586.20905206,0,49.10530793281556,15.295657132294489,6.0377751619731805,5.1014452000000015
1568721299999,53501.68004326,74,2.896326,29445.26890323,0,26.556579763600453,7.264751600190266,5.99169660047893,4.931931200000002
1568721359999,52830.6573789,67,2.629615,26730.50559107,0,44.301442720873084,26.505274695889085,5.942166437452106,3.0808706000000017
1568721419999,128814.56009701,115,10.668115,108441.82321843,0,58.19837459029128,58.52227739481513,6.004116417528738,4.592837000000001
1568721479999,113949.28368382,156,5.670464,57639.80941824,0,50.663319816508555,83.91773950955515,5.997485753735631,5.092542800000001
1568721539999,110974.79457415,100,8.95808,91045.32159763,0,56.31960025932657,90.08291706553621,6.035952538026818,6.164520000000001
1568721599999,138113.37194901,123,8.748082,88908.33303633,0,56.348657137917435,85.64616447929484,6.071415041091954,7.334871200000002
1568721659999,313718.67476102,330,5.110364,51906.09020779,0,53.11063508169015,71.07705704347376,6.056308682183906,7.831021000000002
1568721719999,370693.33461167,218,31.362267,318499.63204343,0,66.88689407631824,73.05626875934426,6.40324658821839,11.969851400000001
1568721779999,584353.64936197,610,50.957289,518383.99380921,0,73.76137636065548,77.49302134558565,7.018090065900383,21.027216400000004
1568721839999,1106140.20601797,936,57.854026,589709.31535871,0,79.6359755758523,100.0,7.723784703160923,30.806405600000005
1568721899999,1423884.54730315,1442,82.20227,839828.18698866,0,82.70619722240997,100.0,8.760369914367816,45.4972432
1568721959999,590197.80037925,685,22.093669,225535.44127422,0,55.97661922321207,66.6666666666667,8.961080376436781,48.893904199999994
1568722019999,401550.27662346,484,11.962324,122061.65928475,0,52.602274744558656,33.33333333333337,9.020336247988503,45.013915600000004
1568722079999,577744.97145086,358,13.118109,133831.61900883,0,52.80612042022688,0.22571330565337275,9.09477752289272,37.4460796
1568722139999,196818.63691992,297,10.910053,111282.09311427,0,52.34136182508377,0.22571330565337275,9.137998464176246,28.057285
1568722199999,373177.5243854,370,22.983847,234514.55518623,0,55.56306004062404,29.766933845717812,9.34748059913793,16.2136004
1568722259999,156662.58255323,247,6.579743,67109.52458459,0,48.931460661670734,29.541220540064476,9.32917794559387,13.110815200000001
1568722319999,248325.06911653,288,15.710005,160266.10917053,0,52.56845652523571,47.82236035633918,9.437610707854407,13.860351400000003
1568722379999,154743.12251358,221,5.952509,60727.05239201,0,49.25571172349295,19.91096817437939,9.410883843103448,12.427231400000004
1568722439999,108759.65116094,214,5.647545,57618.1416982,0,49.23255566122837,21.424403985521312,9.379812011206896,11.374729800000003
1568722499999,193538.08847579,329,9.19387,93841.19027964,0,51.011206143520354,22.204283756724294,9.397604249616856,8.616734400000002
1568722559999,691330.60802235,397,13.133536,134116.13316114,0,44.92519757792746,20.57445539861965,9.469429787452105,9.927493000000002
1568722619999,446241.41595977,328,8.204511,83712.99675306,0,37.03946024505597,19.061019587477727,9.472917278065138,8.4263942
1568722679999,152216.64454706,243,9.345237,95357.19200607,0,34.76275954111436,0.0,9.491725111877395,9.104939800000002
1568722739999,264280.78350478,282,12.746135,130065.94224303,0,24.87679631045549,0.0,9.556936398084293,10.524657800000004
1568722799999,122430.72091995,182,3.777311,38518.79037779,0,39.484389193084446,24.287211546604187,9.49767283821839,9.441346000000003
1568722859999,124458.67991125,170,6.570265,67008.28396474,0,46.61952078244097,57.62054487993752,9.478174140900386,8.128691800000002
1568722919999,460049.33996494,440,3.96436,40402.81132595,0,44.3636632188917,87.49546837989442,9.422635922605366,7.280661600000002
1568722979999,874896.85951695,877,41.643542,423766.3269491,0,63.17065330466373,96.5415901666236,9.88680987701149,13.740322600000002
1568723039999,272747.18743135,314,14.651091,149106.44032993,0,46.83388561539795,73.55109574292457,9.974997474137933,14.121313800000001
1568723099999,169785.25865248,249,10.008262,101893.1304033,0,51.43055824208236,56.20147088806551,9.998084353735633,15.367504000000002
1568723159999,171240.90615063,176,7.13625,72654.46699484,0,46.225451648357684,26.1679539545123,9.982366655938696,15.480701000000002
1568723219999,131732.71835499,172,6.898068,70252.13392005,0,50.45436000440657,24.14390727452593,9.963455804406133,16.0674426
1568723279999,120101.81926248,204,5.714108,58176.45627418,0,50.031716923510544,35.993807655078065,9.92842955785441,8.881555800000003
1568723339999,101436.08801903,181,5.923754,60319.73927992,0,48.390631702387466,46.559733900159706,9.896341851532565,7.136088400000003
1568723399999,278266.92989952,312,12.223361,124436.73132056,0,49.562231501707146,64.54229080061408,9.950875734291188,7.579108200000003
1568723459999,303734.61895051,355,19.917808,202930.09367316,0,55.48778057844941,73.50042510829746,10.110817183524905,10.135419800000003
1568723519999,259291.48997526,332,11.791192,120185.89240549,0,51.075546784670244,72.24498146833497,10.157066903927205,11.114044600000003
1568723579999,263861.17394234,384,20.633431,210418.29261986,0,53.30984971118564,69.04783044511969,10.324474065229882,14.097909200000004
1568723639999,131501.97991618,197,7.550918,77039.22301568,0,51.5307192713037,46.78794501285855,10.309750551819922,14.423342000000002
1568723699999,448439.54107833,286,10.254144,104643.105352,0,51.49541073653305,37.34961415747708,10.332300456130266,14.029498600000005
1568723759999,270291.90877844,220,4.210157,42956.36829106,0,50.09706786928458,14.245416050590038,10.27089630488506,10.887968400000002
1568723819999,152490.45036627,196,6.368779,64984.01956507,0,30.63748353461466,3.1719681495178453,10.239622383524903,9.803485800000002
1568723879999,207169.50476606,219,3.904179,39837.45249169,0,41.927200555580214,18.011757749806964,10.174399366091954,6.457635400000003
1568723939999,291965.43810851,221,6.300465,64284.38769353,0,47.11751330459386,44.34871445447169,10.142595748084291,6.207544800000003
1568723999999,724922.11361276,567,30.979772,316148.24938367,0,63.842676235651986,77.68204778780502,10.451509226819923,10.352670400000003
1568724059999,279490.94052422,456,11.342685,115805.31905614,0,52.106011531627054,81.22166624422796,10.487410682854412,11.779176000000003
1568724119999,206176.87275993,349,8.827071,90103.02560845,0,51.456645943990175,69.37895024192271,10.4883737954023,12.270834400000004
1568724179999,235916.02398661,368,6.470454,66029.24093758,0,50.25077804956383,42.29022920900049,10.456313582758622,12.784089400000003
1568724239999,228776.50765806,300,6.883144,70218.76501656,0,47.41052392660613,20.738853002770632,10.42962078371647,12.900625200000002
1568724299999,560567.81084101,331,12.265929,125089.4198227,0,46.20450752314516,6.244612300411163,10.477506640708816,9.157856600000004
1568724359999,316018.06563878,172,22.595982,230374.57802391,0,55.24475721355258,33.33333333333338,10.667017119061303,11.408516000000002
1568724419999,378705.67601584,223,16.291777,166205.5445358,0,47.839276370832096,39.3610755737628,10.76778096704981,12.901457200000001
1568724479999,267881.26248092,196,3.729961,38059.07621421,0,48.088506401324416,46.30778221977636,10.697526532279696,12.353358600000004
1568724539999,256005.27632732,214,6.400308,65308.79027701,0,48.071423732982566,19.85816808215795,10.66440295689655,12.256791400000003
1568724599999,250482.53821623,315,16.765176,171101.60635728,0,56.02246433840675,47.16375917506186,10.773970345498086,13.156640800000002
1568724659999,300582.86428014,487,15.017917,153370.48923537,0,54.165307068048755,65.985456083112,10.858055039272031,11.641027800000003
1568724719999,226406.63351044,282,15.257321,155907.48113353,0,55.58726757912123,90.61058467691942,10.944363980076623,11.434136600000004
1568724779999,473121.6018532,556,24.516847,250651.31075475,0,58.397619846541424,90.61058467691942,11.157535053352492,15.591513800000001
1568724839999,432477.77794289,438,12.604742,128845.66887931,0,40.39910663088497,64.84218112285572,11.204505160919542,16.832400600000003
1568724899999,291141.01651499,396,15.814344,161639.54310265,0,52.82063478432628,56.338063417808975,11.29480826130268,16.6422342
1568724959999,208474.3260229,290,12.369501,126441.82894283,0,52.20860435642024,44.87597686290858,11.336468221264372,16.112551000000003
1568725019999,354557.41111263,474,16.247688,165992.00316546,0,55.982324023109314,73.73617067541544,11.430611037643676,16.310624400000002
1568725079999,122446.51099884,230,5.615387,57349.02115025,0,49.310531750328416,69.79345432692661,11.377349218582378,12.530332400000002
1568725139999,142431.10748102,221,6.516574,66562.42860815,0,46.712990232323676,47.92220754849367,11.336379206417623,11.312698800000003
1568725199999,187804.53204643,249,11.711246,119632.75150123,0,43.38879165219981,19.0620137359868,11.366998371360152,10.492079200000003
1568725259999,210551.71398657,331,11.236104,114842.02506937,0,46.69526095785664,8.751765610774,11.39026728888889,10.265399800000003
1568725319999,266460.49811271,354,11.239461,114826.45331288,0,55.872963486661,42.08509894410733,11.412981535344828,9.263754400000003
1568725379999,208508.47974794,299,14.560033,148806.5513949,0,56.31723661132318,75.41843227744066,11.480889224712651,11.052683600000003
1568725439999,142754.53030781,191,5.342758,54584.24275209,0,40.99681547057172,66.6666666666667,11.42056158611111,10.817920400000002
1568725499999,199120.9137373,244,11.901967,121616.22523704,0,47.71716518005042,47.95510220799994,11.450446238218392,10.856064600000002
1568725559999,484254.19348914,457,11.330888,115718.54122654,0,47.13729440753318,27.981886677669063,11.471658840038312,10.875021400000003
1568725619999,124560.83623529,193,7.369932,75239.15796452,0,36.45165689069365,27.981886677669063,11.43764840708812,10.101115600000004
1568725679999,156149.90983288,160,8.79377,89775.56583186,0,46.39059315937083,42.7682782794872,11.423126075670497,8.947863000000002
1568725739999,292411.31502265,294,14.964898,152909.35862235,0,49.23821620882658,62.74149380981808,11.4934474039272,10.872291000000002
1568725799999,112487.57784507,164,6.802936,69515.01973794,0,45.397316542437416,86.06197022877599,11.450182653927202,9.852484800000003
1568725859999,156107.22858036,218,3.708803,37891.86877168,0,39.496100738235114,64.59038276304659,11.36384889511494,8.328067800000003
1568725919999,219621.06862553,186,7.826034,79963.54618194,0,52.078779966975326,64.59038276304659,11.33445276178161,8.419288200000002
1568725979999,284113.73127304,315,8.286644,84664.2255745,0,51.678390789932116,73.54255095931848,11.31130023908046,8.317863000000003
1568726039999,131423.81077397,193,5.966671,60984.62932171,0,44.23888657168132,78.17030214700354,11.255875379980843,6.5182176000000025
1568726099999,130757.61039322,182,8.989487,91883.52563998,0,47.85645080439161,66.98474278711922,11.242143744636017,6.955527800000003
1568726159999,570697.94302519,612,44.472824,454819.44569906,0,68.90749055583069,68.04543150522274,11.717268588888889,15.108332000000004
1568726219999,136236.32832646,178,8.875771,90783.85398834,0,47.63472302901283,60.06971510357744,11.698386822988503,15.318279400000003
1568726279999,182508.75861188,233,12.916174,132158.50080836,0,53.293255546558726,50.15661397000648,11.734574899808427,16.244185400000003
1568726339999,520107.25921641,802,21.619292,221360.81432087,0,54.14817768414469,27.029529301655373,11.890021977490422,19.374709600000006
1568726399999,415218.82730222,436,15.683191,160567.83169026,0,51.776556666959124,28.930961932878333,11.962258579022985,20.713450400000006
1568726459999,295638.69036326,380,13.095631,133934.77371748,0,52.363661591963286,40.89716156049895,11.997590106034481,14.438011800000004
1568726519999,259350.98956549,210,8.432663,86242.6380846,0,49.854811970752955,30.690912895516732,11.968015968965517,14.349390200000002
1568726579999,469193.90125422,475,13.247594,135488.02076303,0,49.301921406346274,24.20087246749873,12.004296914367815,14.415674200000003
1568726639999,289529.88416536,325,9.754862,99707.63715834,0,51.24729654794591,21.179405867925826,11.99184351551724,12.042788200000002
1568726699999,189609.19842694,229,8.250666,84321.14082776,0,51.94523948834667,49.95735480926955,11.958173467720309,10.556283200000003
1568726759999,210460.53068889,163,4.59706,46984.98258302,0,48.61154517097456,49.95735480926955,11.874419141187738,8.856569000000004
1568726819999,136453.93942691,125,2.532691,25884.12734691,0,47.55946784359697,28.777948941343762,11.762253013218391,7.676574600000004
1568726879999,302409.2607494,249,4.87217,49791.2754561,0,49.53584553713538,15.02113237704611,11.682492198659004,6.001489800000003
1568726939999,120730.73063864,187,3.826572,39084.71808082,0,47.77317450332801,16.645374563229172,11.588546957950193,4.815831800000003
1568726999999,198100.76968333,246,14.946315,152683.777143,0,33.8761958486709,16.645374563229172,11.64794244434866,6.154961600000003
1568727059999,244670.7817324,295,17.743456,181332.2588891,0,57.54543182666945,34.95757551951644,11.744825654501918,8.784240800000003
1568727119999,126171.43352293,201,4.832701,49382.22471597,0,44.02395500481079,47.6244003898459,11.662224357662833,9.244242800000004
1568727179999,134351.63343474,189,4.829014,49355.01912838,0,35.75474167504427,50.269952374314336,11.579417070306516,9.235611600000002
1568727239999,298455.01763876,382,8.159096,83340.68554852,0,43.3210401427227,30.2377726324068,11.542297794157088,10.102116400000003
1568727299999,92127.37581011,178,4.716977,48164.13640756,0,42.67362016247029,26.530550388033003,11.45721321954023,8.056248800000002
1568727359999,269965.10011889,186,3.945707,40282.19780974,0,45.79003510396416,57.2183317368979,11.361391588314177,5.296699000000002
1568727419999,168935.7865882,176,5.69255,58114.80299925,0,42.478295204336305,66.2502023429044,11.28981278601533,5.468668800000002
1568727479999,134914.81272878,197,3.908219,39893.97347104,0,43.974175368573256,70.72269457789757,11.19334914482759,5.284509800000002
1568727539999,248212.43125477,241,5.950665,60723.84015975,0,47.6555228142097,70.72269457789757,11.125305278927204,4.842823600000003
1568727599999,97884.81330424,126,6.776874,69156.26416169,0,52.35787751455562,81.7230037137986,11.068353266858237,5.2548030000000026
1568727659999,110626.26235573,147,6.80965,69492.50095667,0,54.83901231247969,100.0,11.011711967816096,5.827591600000003
1568727719999,68520.27714916,124,3.446105,35165.21828192,0,48.42307168758692,80.31588613795336,10.912136182662834,5.378302600000003
1568727779999,202190.0011581,338,4.430128,45185.21914308,0,50.668316245144226,60.96272883494672,10.826141547701148,5.482684400000003
1568727839999,500623.21620131,228,14.895597,151858.99153459,0,49.943014374426866,35.52609517358783,10.8844596809387,7.271670800000004
1568727899999,258617.31435792,209,23.213492,236682.60514667,0,55.4676903608352,55.21020903563451,11.056297057279693,10.558994400000003
1568727959999,149248.32765034,164,7.95132,81118.70200865,0,52.977323162392466,62.77958586755229,11.016048711781611,10.787328400000003
1568728019999,111922.9078306,191,4.899323,49996.23164615,0,50.06343152907055,55.60942747413686,10.933206755555558,11.077972000000003
1568728079999,187877.07973271,198,7.843809,80019.08004322,0,49.71356075990185,22.276094140803526,10.890832965900385,11.760708200000002
1568728139999,86159.7626797,134,3.94994,40289.6751882,0,49.308817899350764,0.7265412785590707,10.794368406226049,9.571576800000003
1568728199999,96368.25171643,135,4.789178,48846.74746298,0,50.75912740565036,13.178023948070646,10.710392905938697,5.886714000000003
1568728259999,156072.1630842,165,10.119082,103218.38535776,0,53.74252177436101,46.51135728140398,10.700544192816087,6.320266400000003
1568728319999,93039.58127159,138,6.664646,67972.54109183,0,52.26648296417284,68.74758195345457,10.64332505814176,6.673331000000003
1568728379999,151909.37767996,227,5.413907,55202.89092356,0,49.55282656220784,57.4040562769261,10.568377150000002,6.187350600000003
1568728439999,214051.63220777,270,8.193636,83498.73846764,0,51.14309798642504,36.72296726918041,10.53147003084291,7.036089800000002
1568728499999,98746.89793426,150,6.668417,67967.43503273,0,49.88872758859488,17.15918064157025,10.473076158908043,7.4119376000000035
1568728559999,107236.46461714,149,6.896639,70269.98158154,0,52.85983990226132,48.658015703361464,10.41735357126437,6.767449000000004
1568728619999,138253.448228,183,6.888163,70175.3879653,0,52.07073154298085,61.38521723885697,10.361066640900383,6.812152400000002
1568728679999,484522.9575939,512,8.766607,89287.988075,0,43.96334974141347,58.712779194416534,10.330714347413789,7.482692400000002
1568728739999,284077.12169461,385,16.667968,169729.64918005,0,43.49975566201928,25.379445861083198,10.40943224454023,9.177558800000003
1568728799999,135776.24912401,184,6.06755,61808.82036338,0,47.93837519489877,15.80690735594179,10.34071702749042,9.057385400000003
1568728859999,319093.00186395,346,8.483813,86388.74142278,0,53.97827528227909,49.140240689275124,10.305268983141767,9.374820200000002
1568728919999,126030.96130699,221,6.302001,64163.61122719,0,48.259343982236324,64.28101913478048,10.239322490325671,9.257587800000003
1568728979999,319395.0582989,231,14.058385,143078.5431836,0,60.496687012188524,81.80744511217209,10.280047989846741,10.315943400000004
1568729039999,190815.51512824,278,9.70631,98769.55529529,0,54.758808165504604,66.57748180138098,10.259718499042142,8.923611800000002
1568729099999,255265.01305306,178,12.671314,128965.79688918,0,52.58854504172149,63.22902638135859,10.279851793582377,10.244364600000003
1568729159999,235237.95147017,188,12.344231,125716.41540293,0,56.15056727209925,51.39061851386731,10.297326553352491,11.016448200000003
1568729219999,89223.06178682,179,5.509078,56139.12615718,0,50.09194263126052,33.28724849132508,10.21999925277778,10.857863600000004
1568729279999,118348.20895436,172,4.174422,42530.46638506,0,46.00559683581402,21.494925465842112,10.124095034770116,8.881071000000004
1568729339999,52378.85997304,116,2.94575,30002.15587709,0,46.27837676645208,0.8962731248659987,10.01132866044061,7.528959000000003
1568729399999,88800.86687357,121,4.325275,44066.95423351,0,47.48720060925636,5.7643792231783,9.917596168582376,5.859751200000003
1568729459999,137094.27470118,184,6.112241,62295.12969082,0,49.26722131249474,32.370256780214014,9.848362856609192,4.613353200000003
1568729519999,138424.0547714,210,8.640504,88077.74949742,0,49.88235263385288,64.80731698868141,9.813608685249042,5.239638400000003
1568729579999,148435.86727164,220,8.740056,89127.48809342,0,41.34352930149586,59.93921089036911,9.780117178256704,6.152765200000003
1568729639999,285695.48635802,286,22.966777,234287.1728709,0,67.09820600452113,66.66666666666673,9.942839184195403,10.156970600000003
1568729699999,128919.76273879,173,6.971766,71131.5767831,0,48.79990320790029,42.98384456848131,9.883099076628351,10.686268800000002
1568729759999,144340.9091936,176,4.670004,47626.36003631,0,48.70716172091477,52.514323898932304,9.79208113611111,10.397821400000002
1568729819999,94784.33832642,159,3.595922,36669.60378916,0,40.7304411616825,19.18099056559897,9.68609868132184,9.388905000000003
1568729879999,77838.53096206,137,3.396055,34636.5586838,0,43.96521102918985,13.619777869516648,9.577318828544064,8.320104800000003
1568729939999,83454.9622572,166,5.35939,54661.0218181,0,42.870679013260514,12.930192927150072,9.495638820498089,4.798627400000003
1568729999999,94595.80101134,138,3.509678,35790.0725214,0,41.634465224573084,16.707952873223256,9.388209617816088,4.106209800000003
1568730059999,104348.60088095,156,5.970408,60888.04462018,0,50.47629663092998,45.951987667491004,9.314637221360156,4.366290600000003
1568730119999,140180.56548726,162,9.029022,92071.10658932,0,54.8398083840244,70.4444266127399,9.283702576149421,5.452910600000003
1568730179999,110758.00089797,150,5.386296,54927.01863751,0,52.32137293480649,93.64288778461771,9.202201733429119,5.850958800000003
1568730239999,118702.52895341,183,7.712213,78667.43266563,0,53.164578392890974,89.41422071931082,9.153124629406129,6.321523400000002
1568730299999,207525.69612167,187,7.19761,73427.82933818,0,51.03881164363665,60.377999777220275,9.097048774137926,7.059109800000003
1568730359999,365227.35173276,388,7.740175,78898.80676922,0,49.10424289054125,33.40177865926929,9.04825664626437,7.413063200000002
1568730419999,154811.19383601,220,11.696831,119177.07552987,0,52.73207287932552,34.079790749429755,9.056301736398465,7.946625000000003
1568730479999,333585.68894147,394,19.463601,198315.78481409,0,46.324235845661335,29.782678358186956,9.175235268869734,10.762086000000002
1568730539999,508975.21737354,382,31.053776,316333.06653252,0,77.84207434443515,63.11601169152029,9.457710527873564,15.430398600000004
1568730599999,729043.49086909,578,10.682094,108770.59503186,0,54.90243117479443,42.40565104051248,9.4640963506705,16.1272954
1568730659999,375747.35734414,408,14.644742,149068.11778464,0,58.6041958695449,55.39296299758225,9.526232449999997,17.508208800000002
1568730719999,191221.72090196,274,14.375949,146474.36498618,0,58.541350946090546,34.98047669600683,9.584404123084292,18.044032400000003
1568730779999,82372.09321867,157,5.242345,53421.57383024,0,49.91808756348135,25.90815898882774,9.516474568582373,15.1997812
1568730839999,66722.38822466,120,4.4399,45243.26628914,0,50.660688479354114,15.770611620249896,9.438019691091952,9.877006000000003
1568730899999,93387.99444482,131,4.776492,48669.55493982,0,49.12564104028793,2.8497645884919787,9.36598370201149,8.695885600000004
1568730959999,125618.33617192,182,7.438303,75788.63792816,0,48.82823393442611,2.8497645884919787,9.330835072605364,7.2545978000000035
1568731019999,135769.98942037,184,7.158941,72979.51650538,0,51.37385324026834,33.33333333333339,9.292625482854403,5.811196200000003
1568731079999,86407.75234362,135,5.675016,57843.65909191,0,48.400231808103044,33.33333333333339,9.233832403448272,5.897730400000003
1568731139999,76366.54542033,130,3.548349,36155.42272035,0,47.20507471275944,33.33333333333339,9.145703354789271,5.719420200000004
1568731199999,87719.56730465,131,4.912652,50054.82893854,0,47.86135354411792,5.247570937368805,9.076933037260536,5.746652200000002
1568731259999,642367.83698241,255,29.282458,298336.16316549,0,60.162918988166965,38.58090427070214,9.345085415900384,10.115483200000003
1568731319999,74875.8757357,102,4.047123,41231.25595176,0,42.58731569405095,38.58090427070214,9.263145247892723,9.493119600000004
1568731379999,76375.06507088,122,3.932676,40065.85364078,0,35.341755644870645,33.33333333333339,9.180133982758615,9.144651600000001
1568731439999,51191.17242496,98,3.292429,33544.27112971,0,44.923284883886694,12.867418966221104,9.089135925574714,9.093467600000002
1568731499999,52785.50413531,73,3.257931,33194.37992684,0,41.730931354262374,21.447698653390177,8.997708478544064,8.762523400000003
1568731559999,96174.81809245,99,5.886945,59981.33640276,0,44.0396300311846,51.70687116938813,8.942860566954023,4.083420800000003
1568731619999,70025.03888817,94,3.341099,34042.53831138,0,48.529000655450055,72.17278553650041,8.852713382471263,3.9422160000000033
1568731679999,63617.82226316,85,3.048306,31061.44196393,0,48.914761223200074,96.92583918266467,8.762196490229883,3.7653420000000026
1568731739999,88797.75043941,92,5.616398,57232.45623537,0,50.63297271253706,100.0,8.70821293448276,4.230135800000003
1568731799999,79609.85880751,113,4.888911,49821.84576157,0,48.021021668972494,86.7950083905504,8.644615751915707,4.556331800000003
1568731859999,186381.10572247,171,9.907785,100971.07250537,0,51.987556740409374,86.7950083905504,8.650459679980845,5.360499800000003
1568731919999,243846.18966377,217,21.083567,214893.58215045,0,59.77164343842957,86.7950083905504,8.810164038218389,8.908993400000004
1568731979999,202245.15658025,269,13.250792,135174.54709028,0,55.737743017833886,88.55691639205901,8.86035795019157,10.949490600000004
1568732039999,140398.95386357,290,7.432832,75853.65215686,0,51.415784437541596,64.8536061479236,8.829602314463598,11.312777400000003
1568732099999,158188.58197075,224,12.733026,129982.8143611,0,38.16771009834736,31.52027281459026,8.8724116658046,12.881600400000002
1568732159999,105772.15192989,230,5.055056,51623.98734366,0,50.96220922190303,29.371025683723644,8.810006180172413,11.911054600000003
1568732219999,360526.30823158,380,25.525975,260852.67409205,0,64.84433612721233,53.07433592785906,9.03060342174329,12.799536200000002
1568732279999,185252.99197891,279,7.877674,80485.9401347,0,52.554724313173864,71.05138969677682,9.00730718745211,11.724912600000001
1568732339999,283888.02691257,202,17.438367,178131.99042097,0,57.142594646543095,75.02013776270363,9.115851282279694,13.7260196
1568732399999,64020.84067881,117,3.034289,30993.95735539,0,48.715503114665935,41.68680442937029,9.025030295210724,11.786272200000003
1568732459999,87222.61265827,173,4.144028,42325.08056717,0,50.36628082070617,27.121400064465238,8.94962868400383,11.604066600000003
1568732519999,122725.42186779,180,4.779074,48805.36893566,0,50.78708544800898,11.605786631971242,8.883199426724136,7.454686400000003
1568732579999,154896.09364814,166,9.607136,98106.06644302,0,51.77827885171701,23.720586166565568,8.883280325862069,7.800578800000002
1568732639999,260820.40658105,169,20.15629,205840.71760944,0,56.25560750463164,53.64227009588618,9.028550066475095,8.344163400000003
1568732699999,62968.54039658,105,2.446857,24987.91542217,0,47.23095229749893,45.44813286792771,8.930588497701153,8.226677000000002
1568732759999,106890.31740829,160,5.627991,57458.22933074,0,43.90194510088099,33.33333333333339,8.877356730076627,8.523469600000002
1568732819999,99274.55966771,147,2.38302,24323.20063206,0,45.551014922883645,4.449611157422194,8.779673167049808,8.044258800000001
1568732879999,260167.90072886,252,4.61858,47127.20392271,0,48.81310532218167,17.70117456912112,8.713216431034486,7.046547600000002
1568732939999,143224.57151418,231,9.924652,101272.92016124,0,48.81564305576974,51.03450790245446,8.720163807279691,5.000220000000003
1568732999999,154368.38148654,166,10.851918,110733.14244424,0,52.59227252041285,79.91823007836565,8.740125319636018,6.681232200000002
1568733059999,108363.30102838,131,7.221045,73687.4548417,0,40.36282174794242,66.66666666666673,8.711130735440616,6.999843000000003
1568733119999,101413.88687825,140,4.274845,43616.82030061,0,47.75575796870498,53.483969035918676,8.642367753927202,7.3782080000000025
1568733179999,65345.98475859,146,3.57826,36509.90725468,0,40.29460995227829,20.150635702585348,8.563944511494254,7.170144000000002
1568733239999,101957.44646295,151,4.784296,48814.41160978,0,51.503284078441844,50.5322199103226,8.502426559482757,6.142072800000003
1568733299999,81165.93186606,136,4.705874,48008.52894623,0,50.49134047029868,60.705511323609535,8.440974518582376,4.9128640000000035
1568733359999,109917.4918695,136,2.976358,30360.66472152,0,48.45311639662502,84.96798980683754,8.35665482816092,4.063926600000003
1568733419999,63907.74865251,157,2.706238,27606.14140694,0,43.57593969631218,64.34471036408145,8.269785682088123,3.7502052000000026
1568733479999,69133.37442302,105,2.40162,24500.77898857,0,29.57674874937902,34.020783248209234,8.180804047222223,3.514877200000003
1568733539999,180626.75336096,144,11.256114,114859.33496065,0,62.72577552664236,43.09163809831457,8.214930674616857,4.809240800000003
1568733599999,174933.15816979,213,11.791924,120352.31393459,0,59.641225515064306,63.56496674617944,8.256884396839082,6.226450800000004
1568733659999,138905.20706591,212,10.608456,108314.64559859,0,63.75259153640992,96.89830007951277,8.282569745977009,7.7528704000000035
1568733719999,299527.39020306,219,25.344807,258887.37908125,0,74.43794463077496,96.89830007951277,8.512055265229892,12.280584200000003
1568733779999,73663.94965005,158,4.765888,48678.40154694,0,45.528014702417416,66.66666666666673,8.455803834674331,12.753437800000004
1568733839999,94035.85555287,165,5.129482,52391.95053246,0,44.990426859098996,33.33333333333339,8.40473518400383,11.528111400000004
1568733899999,74824.00287279,159,2.89332,29553.94398742,0,46.11656309429087,1.274738156113896,8.323453356704983,9.748390600000004
1568733959999,94501.14225037,182,5.926792,60563.74022541,0,51.48003854029329,8.620701610500891,8.284811639750961,8.812057800000002
1568734019999,213817.54660165,280,16.731616,171045.75673312,0,59.97739146207209,41.95403494383422,8.395710854310341,7.089419600000002
1568734079999,205015.61193964,301,10.794599,110369.46095923,0,54.25376953094839,61.28240737359522,8.424512173180078,8.295161800000002
1568734139999,83528.74561979,157,4.168918,42620.59739134,0,49.65220374638739,62.439160010633515,8.361402581609195,8.103049000000002
1568734199999,195046.86048514,160,6.536526,66816.9226606,0,52.28708094848943,37.612135955982744,8.331690365613031,8.831690200000002
1568734259999,356512.67059274,359,6.91078,70583.64672192,0,52.69742309460223,26.84006325554648,8.307599503831415,9.028487800000004
1568734319999,119956.3885726,224,5.71401,58326.96283651,0,52.101012446982324,36.07629962251469,8.267045449712644,6.824966600000003
1568734379999,249970.77512235,330,21.717886,221793.29287158,0,56.08399567674476,60.90332367716545,8.447529509003834,9.009624000000002
1568734439999,80157.18829567,139,4.104607,41920.029482,0,46.27029426683884,51.07228579172689,8.384424951053637,8.996761800000002
1568734499999,72712.12415902,143,3.748993,38304.38256821,0,46.644998507787854,34.60605815379304,8.316673833045973,8.439255200000002
1568734559999,125306.53312729,211,6.97915,71323.64805919,0,39.87797144763044,1.2727248204597101,8.293472755076628,8.452929200000003
1568734619999,162771.44578263,185,9.372061,95751.77319954,0,53.17512862269018,28.62295990808273,8.30335846522989,9.184539400000002
1568734679999,104024.64294451,167,6.554634,66941.59445237,0,50.950240043039884,55.10621442877298,8.27427914616858,6.151889000000002
1568734739999,62653.03665943,127,3.791567,38726.71317907,0,50.594739864052855,81.9710253938387,8.207032239846743,6.089281000000002
1568734799999,94034.1354297,129,4.527379,46241.94518388,0,49.04435567519414,77.59909588659,8.150432349616858,6.244958200000003
1568734859999,95005.17047115,141,4.675689,47768.87856923,0,40.36478308170981,49.843116545440104,8.099704306609192,5.784266000000002
1568734919999,83406.22071324,122,4.64375,47438.58585561,0,44.57182605306822,36.22617633590637,8.048938032375474,4.838603800000003
1568734979999,170503.99716971,177,4.129835,42186.8233047,0,49.96133836465805,44.51732603323154,7.991875653160918,4.353644000000003
1568735039999,163813.08082827,156,12.887228,131639.71090557,0,55.57717817337623,77.85065936656487,8.057280136877393,6.172776200000003
1568735099999,184852.16008302,146,13.750111,140455.15954581,0,55.9551825543869,97.93612194436623,8.134854267624522,8.017322600000004
1568735159999,211352.23912565,193,16.861811,172252.94555553,0,59.393430713187314,100.0,8.255285708716475,10.454547000000002
1568735219999,157658.09220302,206,12.760311,130405.86299685,0,40.558233660420996,66.66666666666673,8.318337346360154,12.077859200000002
1568735279999,81236.34178378,175,5.463024,55855.47856392,0,51.82976846795042,53.280978471586195,8.28078342413793,12.344497000000002
1568735339999,414175.2208284,460,14.972952,152971.68986336,0,62.127656411087905,53.280978471586195,8.37481201819923,12.761641800000001
1568735399999,159435.26218163,223,6.39889,65367.74473459,0,49.43793008867775,67.00363968340467,8.349933790996173,11.291397600000002
1568735459999,114134.60197973,116,2.70421,27617.68693052,0,43.70005364522305,51.911355490010585,8.273921871264369,8.459877400000002
1568735519999,326475.56547877,235,4.644295,47425.15314983,0,48.16463778560014,26.65392184025276,8.224653315613027,6.836674200000003
1568735579999,167059.04220229,268,9.148017,93375.25884564,0,54.97966689087541,33.33473431763749,8.237526890517241,7.573672800000002
1568735639999,80854.02621158,178,3.955666,40398.285124,0,49.50917290088188,45.64639003415207,8.178272113984677,5.3702156000000025
1568735699999,74176.58497706,140,3.970889,40546.52672207,0,49.39352915572444,54.395758458936854,8.120280054022988,4.884615400000003
1568735759999,523405.21650373,417,29.429364,300461.51509805,0,64.83578553984353,67.32561810306697,8.414758584770116,10.229646200000001
1568735819999,217825.64517895,286,5.886098,60069.4061032,0,50.82405259521039,53.24649957415639,8.382146409865902,10.478006800000001
1568735879999,259445.87447566,286,18.243139,186228.82274343,0,52.43092043103024,42.97768107555968,8.519874926532564,12.297031200000003
1568735939999,108672.66989545,164,3.029786,30917.29219826,0,45.695086796506246,9.644347742226346,8.446798186973176,12.111855200000003
1568735999999,132008.95780352,212,5.245632,53517.39301631,0,45.301537810967304,6.556449609763632,8.404446448850575,12.366803800000003
1568736059999,232101.51734808,351,16.487993,168237.36408696,0,51.4254160826347,28.63211116595183,8.517037245114942,9.778529600000002
1568736119999,413205.78615923,618,18.544476,189257.34286731,0,55.21103313629316,61.96544449928516,8.65695927787356,12.310205200000004
1568736179999,215977.45940998,455,9.587936,97888.02249914,0,47.845364239512904,70.52230955659473,8.67194088754789,10.579164600000004
1568736239999,616526.20498363,432,12.030799,122773.46843677,0,52.369688006262336,65.66588007522834,8.720268761685826,12.379367200000003
1568736299999,155109.69759221,253,7.122446,72691.74768827,0,51.84022682912067,50.41129670830575,8.700391965613028,12.754730000000004
1568736359999,255314.64966842,339,18.518303,189074.99608568,0,55.35668811971274,75.18776498432952,8.837669442720305,13.160792000000004
1568736419999,231619.1795284,344,13.3407,136319.48191227,0,51.61039492688396,68.12032606946342,8.902088008908045,12.120036800000001
1568736479999,516619.52130011,772,29.314966,299851.75712421,0,58.99536903065768,83.374909436386,9.185987775478928,16.065442800000003
1568736539999,409159.55806694,659,27.284648,279227.73665395,0,58.15322478691288,79.57374853899724,9.440501990229885,19.116212600000004
1568736599999,1667803.03776386,1725,108.341055,1110511.84795117,0,69.86993746509962,96.1988391026113,10.812645654406131,39.3599344
1568736659999,708161.68911647,975,40.903535,419335.85064573,0,57.22113795721062,73.10808261840374,11.245000753927203,43.836980800000006
1568736719999,505322.03506877,666,32.257531,330138.19560222,0,52.93490481118008,43.575910182459175,11.554651946551722,47.620347
1568736779999,383758.1827335,462,13.885123,142225.11240508,0,52.243646408682196,10.242576849125848,11.608552135919545,44.5343784
1568736839999,169271.22187119,309,10.307819,105545.39071972,0,51.040427877196905,0.0,11.6121585552682,41.1390126
1568736899999,334248.62868349,362,22.723463,232751.8181482,0,51.27542073746121,1.2673455380917178,11.786486631226053,24.0154942
1568736959999,430374.02821439,515,29.959591,307018.3408127,0,52.28643239079521,23.190802636767092,12.059416053065135,21.8267054
1568737019999,208756.52958212,348,8.740067,89452.81972061,0,49.83812509913744,23.190802636767092,12.03743106867816,17.123212600000006
1568737079999,227300.10620851,359,6.998308,71602.5551736,0,49.0366192355772,21.92345709867543,11.991103224521076,15.745849600000003
1568737139999,251188.9777943,356,14.455846,147812.54921853,0,51.39027978797768,24.141496141312714,12.047752468486593,16.575455
1568737199999,183855.81553896,285,6.909928,70660.42622561,0,47.76666106772369,24.141496141312714,11.999574162547892,13.412748000000002
1568737259999,279168.26790099,389,21.892149,223950.3205949,0,51.58540457112935,57.47482947464605,12.158045907854406,11.799259600000003
1568737319999,124706.0466769,247,7.397262,75701.17183552,0,45.91413231201791,33.33333333333339,12.115151013888887,11.530698600000003
1568737379999,171782.90842004,258,9.361898,95779.01514464,0,46.65804764205163,37.705752172501526,12.099485710823751,12.003416600000003
1568737439999,146207.83447168,272,9.1158,93289.97903495,0,23.51699263088092,4.372418839168195,12.081125767720307,10.935407400000004
1568737499999,133456.38673412,210,9.248234,94668.28704836,0,36.813862825138294,20.163444260156897,12.064300522509576,11.403068600000003
1568737559999,219718.32092061,312,10.531503,107816.15839581,0,40.35853699459112,40.050282911741895,12.065102318965515,9.130939400000003
1568737619999,609106.06410445,610,20.246943,207014.51873724,0,53.058190914964314,73.38361624507523,12.19950505967433,11.700875600000003
1568737679999,161209.16111983,306,8.276363,84647.89196984,0,49.09637624926965,86.45554053971664,12.168203578352491,11.483768600000001
1568737739999,149211.16263164,292,8.924132,91277.90194248,0,43.14408899260828,75.18589626958186,12.145973809961685,11.445435000000003
1568737799999,136318.19244552,246,7.074564,72367.92175861,0,37.98706943012142,41.852562936248525,12.098591684291188,11.010701000000003
1568737859999,223780.94009463,260,7.321413,74881.69252157,0,49.045049980905766,37.446940571042454,12.05511912978927,10.368683000000003
1568737919999,189799.09705284,242,13.610101,139243.06243428,0,54.19392193390255,57.79066068375743,12.098213504118775,9.041314600000003
1568737979999,157011.02080279,233,8.381648,85765.32829928,0,46.03495367496375,74.34309170630324,12.06828748467433,9.062371600000002
1568738039999,220070.65379636,258,6.59795,67501.75738557,0,49.77978414218251,74.1403498967994,12.01323805431034,8.597135200000004
1568738099999,148693.06466132,245,8.71325,89139.42267541,0,38.63254359943299,40.80701656346607,11.987147486494251,8.924872400000003
1568738159999,108456.7461032,185,3.871555,39608.42925563,0,46.35129342288027,40.788574706369474,11.894025779885055,8.234900800000002
1568738219999,283770.65578288,316,23.286485,238309.47052786,0,60.586661208019706,49.867322498782606,12.069153007088124,10.170177600000002
1568738279999,227935.6058476,300,13.090942,134043.0155952,0,52.625096190654595,71.11246785251619,12.102258718869733,11.112036400000004
1568738339999,267398.41413505,380,12.809655,131200.31031065,0,52.34726926220187,75.40179439680391,12.132430571168582,12.354377400000002
1568738399999,441959.83323977,559,23.871353,244505.40161724,0,57.78819282212929,68.84894090277199,12.314618383524902,15.385998000000004
1568738459999,442173.54555707,427,23.457834,240335.15296491,0,52.10303169481801,47.60379554903839,12.489263275862069,19.303253800000004
1568738519999,208679.61101845,302,8.355083,85614.70637207,0,50.04952703443744,26.78047983930146,12.45369187931035,16.316973400000002
1568738579999,428575.5214823,439,13.366908,136879.90088796,0,52.64968890857181,11.199871508729046,12.486774100766285,16.372166600000003
1568738639999,338863.51888685,390,13.854173,141789.45208775,0,54.11017412732363,28.690600118754418,12.525810215134099,16.581070200000003
1568738699999,185773.89194057,316,5.634713,57655.97662291,0,49.06756633165172,28.690600118754418,12.450483615421454,12.933742200000003
1568738759999,207674.56236145,401,12.153058,124412.18565084,0,49.196564299333374,18.34344855777664,12.46509737729885,10.672787000000003
1568738819999,136344.37107725,297,6.552862,67097.97206551,0,48.995696884062035,0.8527199477512655,12.402167819252872,10.312342800000003
1568738879999,234850.91059571,302,8.862029,90749.82785491,0,51.23621562565491,15.455181646352628,12.370977100478928,9.411367000000002
1568738939999,181265.75033443,328,8.164708,83589.83035253,0,49.69577838842486,25.017929202719277,12.330058025383138,8.273474000000004
1568738999999,285199.18984024,457,13.234964,135460.60711137,0,55.17981848093331,58.351262536052616,12.358980881896553,9.793524200000004
1568739059999,210137.84211628,339,13.911188,142409.76410087,0,43.45710397607466,43.748800837451256,12.396704645210727,10.145150200000003
1568739119999,174730.34087448,324,9.233307,94522.78528398,0,47.083170547306594,43.64399010635599,12.369693808812263,10.681239200000002
1568739179999,151110.28192459,312,8.663181,88715.8237308,0,46.87840890951122,20.03907741603599,12.335799078735635,10.641469600000004
1568739239999,111204.63977683,264,5.627582,57652.48416071,0,34.37764059850383,20.03907741603599,12.262178710632183,10.134044400000002
1568739299999,210348.13660969,314,12.791199,131057.93640534,0,41.81253485088041,29.23408545283941,12.287851001532568,10.045291400000002
1568739359999,120948.33740186,230,6.660591,68248.8047396,0,48.49158300231681,52.838998143159415,12.22914072452107,8.595172000000003
1568739419999,150144.28319167,230,5.383025,55158.03763095,0,42.38667735980368,71.75418742232247,12.153547866475094,7.825115600000004
1568739479999,499739.61240297,299,32.384489,331884.90923092,0,61.735798184699945,85.58185594582979,12.450375519540236,12.569377200000003
1568739539999,361607.84045154,324,22.222631,227823.35752711,0,60.25335099809584,83.10159428426476,12.60436292921456,15.888387000000005
1568739599999,765535.64791624,535,52.577936,539140.01829346,0,69.30008757611252,97.51973833843503,13.17537311484674,23.845734400000005
1568739659999,565569.86360841,588,40.129847,411642.95175716,0,65.04681184143618,92.2518864875153,13.570361801532565,30.539585600000002
1568739719999,366264.14255951,469,15.469957,158675.0746492,0,52.46701076366135,61.398814815746995,13.622055941666664,32.556972
1568739779999,348674.88666135,375,11.111164,113880.88056282,0,51.070758897792274,28.06548148241366,13.612690586302682,28.302307000000003
1568739839999,252471.47847336,379,7.309361,74854.80614565,0,47.82656464104007,0.0,13.550162161302678,25.319653000000002
1568739899999,228740.8455246,340,13.426699,137423.36137663,0,49.82911638850404,3.876351142852998,13.571781242337172,17.489405600000005
1568739959999,205840.54313751,306,14.237235,145800.76146396,0,51.81442959604385,32.52205207782495,13.606098881130265,12.310883200000003
1568740019999,268759.51220692,394,9.801066,100350.02822497,0,50.40134592153769,54.04385475962429,13.578251917624517,11.177105000000003
1568740079999,363431.75726355,370,9.265922,94828.42605034,0,51.306329007028516,79.25378082066885,13.542461551245216,10.808056600000004
1568740139999,367767.27117168,461,13.461596,137798.62982382,0,50.24594461597422,57.606609989782385,13.563970376724138,12.038503600000004
1568740199999,267912.11955004,253,6.335905,64855.52003553,0,49.881747735300465,36.08480730798304,13.486216446551722,10.620344800000003
1568740259999,162727.39121125,220,10.714512,109706.85410527,0,51.89886216938125,40.33186343741888,13.468814091858237,9.915800200000003
1568740319999,180466.90053467,201,13.502785,138307.9065127,0,41.87346613680249,33.33333333333339,13.489164409482754,10.656144000000003
1568740379999,172923.15093226,226,9.42553,96572.5846026,0,44.187815615766894,41.02828946089729,13.452275340229887,10.688065600000002
1568740439999,187258.41948818,222,8.270276,84725.35770604,0,22.611897095503636,7.694956127563956,13.399086873659002,9.649801600000002
1568740499999,290636.36446832,299,18.446204,189029.10795705,0,36.20920354295236,23.170904116881545,13.485932149137927,12.071861400000003
1568740559999,169138.69139949,283,8.614142,88270.74803583,0,44.62613786331828,48.809281322650975,13.436344920114943,11.651787400000003
1568740619999,148058.80780423,210,9.715668,99533.44939401,0,48.84729311763872,82.1426146559843,13.403145542528735,10.894364000000003
1568740679999,207317.87621461,176,12.771824,130847.99051171,0,54.56837583985298,100.0,13.412438654214565,11.563622800000005
1568740739999,159387.50287592,243,11.359285,116407.37813717,0,48.123290262195475,88.29815514296446,13.401737071647512,12.181424600000003
1568740799999,181414.64510885,231,9.284374,95159.60757868,0,45.60489450128565,58.24629840902253,13.36254761139846,10.349058600000003
1568740859999,219217.41254044,236,10.267663,105258.16682415,0,50.44108208624434,42.89774651750815,13.336515650957859,10.679762800000002
1568740919999,206423.93595386,267,6.948902,71240.33143971,0,47.91919042352345,29.872645949444394,13.266169200862072,10.126409600000002
1568740979999,200016.91895569,193,8.627793,88447.73896669,0,45.4534603765151,26.591169350053004,13.219068830842916,9.297603400000003
1568741039999,201320.15088204,236,7.833745,80305.05884291,0,51.59931664086275,41.93972124156736,13.161859999329504,8.592495400000002
1568741099999,120266.34937858,192,5.245258,53770.63235814,0,43.92809484033042,33.33333333333339,13.068488180842913,7.784672200000005
1568741159999,138135.57229593,213,3.733333,38274.55170455,0,38.83772667884067,33.33333333333339,12.954156742624516,6.477806200000003
1568741219999,370318.45527812,352,8.603265,88171.75682785,0,49.07722048460658,26.745606245612034,12.907096947030656,6.8086788000000045
1568741279999,131673.25191012,160,6.357507,65126.62216597,0,47.90469714090591,50.428575972341854,12.829157335249045,6.354621600000003
1568741339999,161968.68549911,218,6.934709,71031.95839328,0,34.03198852605321,50.428575972341854,12.760500852873568,6.1748144000000025
1568741399999,128869.73787454,173,4.164933,42632.11961024,0,42.324503770304744,42.05538004049964,12.653210692720304,5.958749400000003
1568741459999,149061.4211679,164,6.403188,65528.24834242,0,44.50118243966703,41.56734219751518,12.576933154980841,6.492720400000003
1568741519999,75330.43628938,138,4.364547,44663.12624015,0,35.555705600377166,45.22852838358943,12.472151357471274,5.644976800000003
1568741579999,77187.06387478,164,5.022149,51393.62763729,0,38.82239894497847,42.10851941180502,12.376464265038312,5.3779052000000025
1568741639999,105820.43337445,123,7.295096,74657.60816765,0,46.515603117183325,52.246920861392994,12.312597754118777,5.449982600000003
1568741699999,288655.68664963,286,15.335425,156949.09845663,0,57.117132664134154,81.9190680086521,12.359973024616856,7.6840810000000035
1568741759999,206510.65881586,246,8.866052,90739.7330149,0,52.47353983929984,92.82114179934501,12.31733832461686,8.176653800000002
1568741819999,95448.06055232,147,5.75293,58870.97664477,0,46.42317839097666,73.33656509488374,12.231324240038315,8.454330400000002
1568741879999,74386.45577978,112,3.984628,40774.83310927,0,45.324389442007565,40.00323176155041,12.12071148132184,8.246826200000003
1568741939999,100467.16657367,171,4.174908,42719.61083022,0,48.61938222001121,23.162373531345057,12.01279987088122,7.6227886000000025
1568741999999,145398.18512837,233,10.157002,103956.64760324,0,57.42902171974386,42.64695023580634,11.987450760632184,6.587104000000002
1568742059999,78826.18263781,141,3.567883,36516.72440179,0,44.39925655354061,42.64695023580634,11.87052944923372,5.527470200000003
1568742119999,195728.08720415,182,11.494558,117627.69663484,0,55.07275715112916,60.63876429964017,11.862859053065131,6.675795800000003
1568742179999,191939.0306268,210,10.659477,109084.02138844,0,53.659511876970804,50.995434086878674,11.84279932720306,8.010765600000003
1568742239999,209881.57348804,185,10.427952,106741.94892481,0,56.47630375933661,81.89148133394542,11.81960330220307,9.261374400000003
1568742299999,171192.04973431,214,14.502704,148464.4611198,0,58.068879754592565,87.91938370097198,11.852741401724142,10.130514800000004
1568742359999,86260.91996825,172,4.665954,47766.84806675,0,50.259887610100236,64.22938058040013,11.749827178639846,10.350129000000003
1568742419999,137016.04548444,240,7.495153,76721.74483712,0,52.055371160700886,40.99750440423145,11.687917123084294,9.550248000000003
1568742479999,63880.97824947,129,3.995656,40909.33289366,0,47.312551125174956,7.664171070898116,11.577476719540226,8.217483800000002
1568742539999,86232.24216084,137,3.785235,38765.73447225,0,39.216755336778064,7.664171070898116,11.464242561398466,6.888940400000003
1568742599999,212840.46499658,268,15.323761,157017.62514714,0,55.50760871454518,33.333333333333385,11.510075053544062,7.053151800000002
1568742659999,66780.75568935,148,2.586111,26507.07069356,0,47.679981695496544,50.650261964931126,11.379315728735634,6.637183200000003
1568742719999,111092.98042396,178,4.198728,43034.72471866,0,50.15720872263603,73.03593882740273,11.272154330459774,5.977898200000003
1568742779999,241827.90281308,279,13.954025,143080.6066475,0,56.29617393832898,73.03593882740273,11.300180541283522,7.969572000000002
1568742839999,310438.5572691,237,25.311422,259468.00100233,0,59.125374937498876,89.05234352913833,11.483923233045982,12.274809400000002
1568742899999,791780.02299736,708,57.611949,591171.84112768,0,74.84878006542849,100.0,12.111392073467432,20.732447
1568742959999,192153.12676842,178,5.904723,60497.4975741,0,48.167585212179404,66.66666666666671,12.020801362835249,21.3961694
1568743019999,70243.22190856,155,2.95758,30296.20747986,0,47.509709530536334,33.33333333333338,11.889542136398468,21.147939800000003
1568743079999,84759.70029491,148,5.495876,56301.56214043,0,48.428727695939,1.1205186660482702,11.795090853448276,19.456310000000002
1568743139999,282631.97826057,258,23.830384,244203.61471879,0,52.724125188500565,7.478227683391791,11.953396072701155,19.160102400000003
1568743199999,90617.33529495,149,4.370918,44787.39098008,0,49.91842071602166,22.875997657267845,11.841371359482768,8.511896200000002
1568743259999,94218.56083532,208,3.04255,31191.26437186,0,48.75852367055683,29.738566786897007,11.711274159674325,7.939461600000003
1568743319999,135601.60007241,170,3.337954,34221.03316992,0,49.81328316713665,34.125346287750894,11.585857772796935,8.015536400000004
1568743379999,129887.3740616,199,7.162209,73441.96843261,0,50.939422604223026,37.05938065509911,11.51349784185824,8.348803000000002
1568743439999,134021.74207365,213,5.025433,51517.10297675,0,46.97703577299148,29.076292859421727,11.411342280076632,4.587812800000003
1568743499999,186906.33595867,282,3.441092,35255.93744462,0,50.268555187033805,46.021507157874765,11.287286032662834,4.401847600000003
1568743559999,845203.28119809,554,29.076825,297267.51345976,0,56.789698074237016,61.02303614998383,11.516944358908049,9.608702600000004
1568743619999,193861.69119077,230,10.128657,103635.17416042,0,49.005869137416724,67.91492509286438,11.482908310919536,10.966843200000003
1568743679999,151650.45511986,218,3.955345,40461.40831024,0,44.29633162771045,40.22522227621392,11.363148532088129,10.325470400000004
1568743739999,196884.27346719,197,13.186641,134900.7088547,0,36.46760497769852,6.89188894288059,11.371572518295018,11.957712000000004
1568743799999,97460.38097065,128,2.84369,29088.59126225,0,48.75344820973596,20.1518665321112,11.237389083620695,11.838231600000004
1568743859999,83960.99571536,179,6.050166,61873.29265777,0,51.25674672371075,53.485199865444535,11.148775636015325,7.232899800000003
1568743919999,180597.44151223,168,10.194028,104257.24697852,0,51.88461437127527,86.81853319877787,11.117961639846746,7.245974000000002
1568743979999,100252.81504885,180,7.158875,73232.11597158,0,42.376686878034306,79.44277593983895,11.044830303065128,7.886680000000003
1568744039999,215795.66830737,170,17.302786,177085.95362606,0,56.46399441383619,79.44277593983895,11.11236345488506,8.709909000000001
1568744099999,82130.68045606,169,4.738097,48487.70645762,0,50.761931774740795,65.95057708257208,11.00554611704981,9.088790400000002
1568744159999,51631.72971754,125,3.159681,32335.92293091,0,49.92080228920757,71.02532490659043,10.876762707279697,8.510693400000003
1568744219999,79274.75295895,151,4.926187,50406.90281582,0,48.98814832875516,53.33600642828008,10.772487101915704,7.457125200000002
1568744279999,130731.60129289,164,7.349997,75210.62575584,0,51.04919338951168,42.68466816301571,10.702047748467429,7.495349600000003
1568744339999,280818.44739033,146,4.028654,41211.12455206,0,50.26110240012351,45.421329110370074,10.58547163994253,4.840523200000002
1568744399999,74765.88626279,122,4.842237,49532.29906079,0,36.182217249547726,29.777314255347097,10.480111832854407,4.861351200000002
1568744459999,82238.46887933,143,3.325017,34020.53295885,0,45.158415023154305,40.713103075199264,10.356179942145596,4.894418400000002
1568744519999,160619.42780482,222,8.574326,87698.09390121,0,53.33074650780356,53.45891836398764,10.304897627777779,5.624046200000002
1568744579999,198855.77446098,288,5.421712,55439.02009064,0,43.862671300022036,68.38819487279126,10.211057113888888,5.238389200000002
1568744639999,231273.76954045,322,9.295615,94984.62512714,0,55.68043201367404,81.59594317547032,10.170420633141763,6.291781400000002
1568744699999,221405.11403098,268,14.713146,150321.68513388,0,57.34127828195218,81.59594317547032,10.20412078850575,8.265963200000002
1568744759999,87765.32730017,161,4.11096,42017.47029028,0,45.35361149513596,70.35384343281355,10.091753900095785,8.423151800000003
1568744819999,261645.49381777,294,6.191166,63269.2342604,0,49.2498987717693,50.34341871303244,10.009462028927206,7.946519800000002
1568744879999,70844.00310489,137,3.371233,34438.37759849,0,37.818075642244196,17.01008537969911,9.88859989128353,7.536424000000002
1568744939999,174686.85568095,250,10.036045,102568.10925607,0,55.165567723110065,42.94149869327453,9.860495655363982,7.684510000000003
1568744999999,71185.299918,139,1.954665,19974.51445993,0,48.95731604495723,51.0227222558838,9.720645028735632,5.132813800000002
1568745059999,122387.60046947,206,6.716918,68632.82522206,0,51.473123193991036,77.26099633049435,9.648067205747127,5.654005400000003
1568745119999,330024.53257726,292,16.468847,168305.29164924,0,56.69438462051899,80.97573958410543,9.710633210153256,7.709541600000003
1568745179999,89457.69547577,162,6.572513,67183.74826236,0,51.70310005358234,71.4011695640725,9.637928527107281,8.3497976
1568745239999,83888.630221,102,6.70324,68507.00291136,0,51.25742873306105,55.07238797851193,9.5690108960728,7.6832366000000025
1568745299999,164015.20026624,223,5.578802,57008.28908255,0,51.53094678936151,23.415961490124783,9.494319198275862,8.408064000000001
1568745359999,274983.85739461,352,16.56885,169267.42721401,0,55.03761555352407,34.762277519699474,9.574597964559382,10.378450400000002
1568745419999,87124.83360209,152,5.572461,56937.22775632,0,50.086446509257634,24.852785030649496,9.504705147030652,8.1991732
1568745479999,94704.22811074,140,4.083963,41732.7235106,0,46.927333446343326,23.17587818570331,9.415077554597705,7.701463200000002
1568745539999,86697.91407791,149,6.535491,66785.08527191,0,45.003916818316014,0.0,9.359860296264365,7.6679134000000015
1568745599999,219825.86746929,203,4.284295,43778.1907339,0,50.117931538977764,16.989463392719394,9.275142630651342,7.409012000000002
1568745659999,164983.21719282,217,13.371254,136672.77334459,0,54.459880105978364,50.32279672605273,9.318221650095786,6.769492800000002
1568745719999,112496.77700672,251,7.259709,74269.69039257,0,52.3204243622562,76.11430811191151,9.276559896839078,7.106942400000001
1568745779999,115523.22904086,215,4.873606,49879.50692185,0,46.75356389320212,65.29254729889286,9.20196133965517,7.264871000000002
1568745839999,124554.30105778,175,4.070889,41646.12247218,0,51.46490692650978,52.337921955319736,9.117208662931032,6.771950600000002
1568745899999,57987.36996607,130,3.539351,36207.3724824,0,47.66355192413453,30.482523950602125,9.02539636618774,6.6229618000000015
1568745959999,60389.24525432,151,4.244815,43421.09174943,0,39.63247702205353,24.314821370901424,8.945072538218394,4.797674000000002
1568746019999,58368.51573119,135,3.624923,37083.59518862,0,47.03324726943284,24.78494524165389,8.85650043429119,4.070716800000001
1568746079999,90182.84305631,148,1.880735,19240.69204684,0,45.29883241737754,36.81161505066143,8.744420083524908,3.4721426000000015
1568746139999,60458.33434897,116,3.04911,31196.26834277,0,47.53606740426116,69.6158182180343,8.649148263888886,3.267786800000001
1568746199999,123294.40069101,201,9.015357,92251.88163545,0,41.84475407476023,58.097248283742424,8.636763292145595,4.362988000000001
1568746259999,83644.74726413,133,4.917281,50336.16034153,0,49.168813330124195,75.46779842692705,8.56799835890805,4.497481200000001
1568746319999,102401.53739088,102,4.581049,46897.32236971,0,50.64961476798521,75.99692859288751,8.496064101340993,4.688706400000002
1568746379999,62758.51131496,104,2.851376,29189.0222882,0,45.09284607508537,78.96325341760542,8.400626242432951,4.882834600000002
1568746439999,52844.14261166,132,2.182863,22346.38293262,0,47.07773398478264,65.4408710742898,8.296549196168579,4.709585200000002
1568746499999,55801.91284327,126,2.589018,26504.47651639,0,30.234010118821388,32.107537740956474,8.198542841570884,3.424317400000002
1568746559999,99539.50087256,126,2.821483,28880.41262915,0,39.62819898149333,35.14920004690068,8.104196195306512,3.005157800000002
1568746619999,63720.90582934,124,3.12849,32023.98283032,0,45.48284573915974,45.51533606702657,8.015117520881224,2.714646000000001
1568746679999,150027.94920415,164,8.336899,85355.74397414,0,58.99158569972794,78.8486694003599,7.998382146647511,3.811750600000002
1568746739999,251636.35973313,167,4.31597,44181.58466308,0,51.42699857138264,88.07552828977207,7.926019116762456,4.238372000000002
1568746799999,83252.19501911,152,4.483846,45865.95649224,0,50.44805928701381,76.52441902991417,7.856392813314176,4.617337600000002
1568746859999,220144.51932728,308,4.28244,43774.30953905,0,51.25214854565422,57.42706137685644,7.783929847509574,4.909529000000002
1568746919999,114898.31380177,136,7.941074,81231.65819775,0,60.75672638516788,66.19528676389471,7.7637511097701175,5.872045800000002
1568746979999,60564.16019956,104,2.694474,27563.75028014,0,49.45014642977836,47.56930901360898,7.671698757854408,4.743560800000002
1568747039999,160722.29631106,175,9.779212,100047.47829434,0,51.144636272682895,38.32891953060436,7.678335817145596,5.836209200000002
1568747099999,76493.81891915,136,4.094138,41877.30655923,0,48.82252416631814,4.995586197271025,7.607907884578543,5.758267600000002
1568747159999,62373.14198788,130,3.847579,39380.46961466,0,48.94809947143816,5.34632966778046,7.535933898371652,5.671295400000001
1568747219999,92021.28731844,135,6.406552,65590.62518246,0,54.980167447493976,33.68407680384282,7.4996878447318,5.364391000000001
1568747279999,51447.59170244,127,1.183452,12116.30311306,0,48.75843164585503,33.68407680384282,7.392065733237549,5.062186600000001
1568747339999,84034.75360452,154,4.886158,50022.40278443,0,52.63769392930576,54.11672030190704,7.336729099233715,4.083575800000001
1568747399999,323129.36664899,378,24.139207,247184.96160029,0,67.03644494227288,54.11672030190704,7.547023462452107,8.0925896
1568747459999,61614.22925187,146,2.054865,21041.78699293,0,49.363531827617656,55.22023224993188,7.4515581133141735,7.7340468000000016
1568747519999,89444.49782982,123,6.093624,62402.86123637,0,48.65143623671432,34.436845281358224,7.412230627490416,7.6714612
1568747579999,108979.24451519,160,7.106091,72808.12187353,0,51.740251952356395,6.703755358494785,7.387133376628351,8.855989000000001
1568747639999,198513.23441156,247,9.577705,98157.52162464,0,53.08838440539273,13.644747204725121,7.396228753448274,9.7942984
1568747699999,157361.9232841,258,10.134479,103884.75024401,0,53.53284203330535,46.97808053805846,7.413354083812258,6.993352800000001
1568747759999,350707.61154664,346,18.226605,186732.43793849,0,55.893822287780374,74.71117046092189,7.542456698946358,10.227700800000001
1568747819999,107815.29744668,138,3.400199,34839.68944338,0,50.36438927325137,66.6666666666667,7.4661957353448285,9.689015800000002
1568747879999,40469.69016883,87,1.694116,17357.21003243,0,45.57988739578389,33.33333333333338,7.366906709482756,8.606620800000002
1568747939999,49409.18717966,98,1.828667,18730.70117476,0,48.681447625259395,10.023850457185192,7.269850328256701,7.056813200000001
1568747999999,39799.54971417,107,2.137578,21892.53595699,0,49.00546483377471,21.094883559042483,7.178104839367817,5.457433000000001
1568748059999,83104.78579376,94,1.590224,16285.87840797,0,47.131712214745995,31.906352608519317,7.079242878927202,2.1301568000000013
1568748119999,104642.76954525,144,3.664094,37534.52960549,0,51.53487955031551,55.21583548466751,7.00934931704981,2.1829358000000014
1568748179999,150411.96999836,170,3.130019,32053.21842569,0,48.86905565288248,57.29702747997256,6.93484019913793,2.470116400000001
1568748239999,63043.24344861,127,4.993457,51123.76361796,0,34.11161384327538,46.48555843049573,6.887862468582374,3.1030744000000015
1568748299999,228856.33183697,211,9.223086,94482.52917227,0,58.45387697256847,46.48555843049573,6.903782348659005,4.520176000000001
1568748359999,113859.75544913,145,7.481472,76644.55603398,0,51.730530743577276,57.45998198923913,6.898640384386977,5.698425600000002
1568748419999,72808.82811397,121,4.305228,44109.34174717,0,46.68636441945282,74.67934858276016,6.850453338601533,5.826652400000002
1568748479999,34929.32702036,92,2.423738,24831.98067159,0,41.41645468667456,51.34897567618169,6.776966616187739,5.685396200000001
1568748539999,217084.71124668,209,13.843322,141902.352136,0,53.52985298001585,50.921918210528055,6.861459368773947,7.455369200000002
1568748599999,115641.98328792,223,3.980753,40810.55868532,0,36.88367791458367,33.70255161700703,6.809876780459773,6.4069026000000004
1568748659999,70488.62681382,179,4.235738,43429.03767786,0,51.051405159111894,52.069926895678456,6.7627936482758635,5.757755800000001
1568748719999,186689.97410799,214,4.657447,47728.17608461,0,53.853484040828796,61.70366903875967,6.722060269348658,5.828199600000001
1568748779999,61207.54827194,117,4.080049,41807.91223628,0,52.89433770251462,93.15297704071186,6.673804204885057,6.159461800000001
1568748839999,44517.47051771,111,3.407027,34912.77041153,0,51.61684491224631,93.72260464041854,6.617163693965519,4.072202800000001
1568748899999,68752.17401113,155,3.210309,32897.09544899,0,52.08203186395432,72.6495341137118,6.55809037519157,3.9181140000000014
1568748959999,91232.4253923,170,4.331701,44390.35922994,0,50.87949799687079,41.20022611175959,6.5152033256704955,3.9373066000000017
1568749019999,160272.83329027,216,7.315003,74967.03126037,0,55.17903901122028,45.59359613995996,6.514343725574712,4.468817800000001
1568749079999,81242.0325231,155,6.204398,63588.223731,0,51.52702777921184,38.353479903862315,6.498367593582377,4.893687600000002
1568749139999,42504.58586125,110,3.159476,32382.29083047,0,42.11812989876604,38.353479903862315,6.44059041848659,4.844177400000001
1568749199999,90199.50452082,179,3.439136,35243.028322,0,44.53791522986953,11.195789501836884,6.38813486867816,4.889942800000002
1568749259999,45021.37002302,99,2.253518,23090.1329561,0,47.070071796814524,18.813716476858602,6.319821657375479,4.474306200000002
1568749319999,46703.99549524,109,2.11905,21711.34031249,0,49.54204226591803,45.11475074422253,6.250368480363982,3.435115600000002
1568749379999,50746.22605999,97,2.882053,29525.67213503,0,25.759456112246568,38.93910781291463,6.1924598633141725,2.7706466000000014
1568749439999,31532.74268404,69,1.738027,17805.69390512,0,41.927313476201725,48.96167240470581,6.119583572701149,2.4863568000000016
1568749499999,102221.21137315,179,7.689053,78788.36106329,0,58.815382897593295,55.993971470675206,6.129513229501916,3.3363402000000013
1568749559999,59629.29274974,147,2.7329,28005.87645431,0,46.01069187237031,76.41515634283441,6.071329148563221,3.4322166000000016
1568749619999,150469.49766526,164,8.40808,86164.52105894,0,57.40616880844531,85.66681127344081,6.091827244061302,4.690022600000001
1568749679999,90538.83603116,162,2.506946,25697.36187864,0,48.693535589111775,65.68851169022439,6.030951433141762,4.615001200000001
1568749739999,160693.84007395,233,2.818807,28895.4743025,0,49.433629368373396,54.17796092151082,5.9748873830459805,4.831157200000002
1568749799999,276179.16392323,297,3.33691,34208.85536097,0,48.535308440948945,29.650517657687896,5.926201999904214,3.9607286000000017
1568749859999,102216.77845634,136,3.347552,34314.40762305,0,43.59807710485642,16.29548390757099,5.877701374521075,4.083659000000001
1568749919999,224160.44864835,169,1.48932,15266.1204588,0,42.570943089859256,7.384849804125352,5.804073383716478,2.6999070000000014
1568749979999,543982.94805802,196,2.472467,25335.07123416,0,48.842337654643224,30.461320393923135,5.7444723426245226,2.6930112000000013
1568750039999,35148.31536155,93,1.854763,19006.1474463,0,47.36028437172749,55.917334641865295,5.676778664176243,2.5002024000000014
1568750099999,131409.83098318,137,7.041062,72131.8662533,0,57.03823336100479,89.25066797519862,5.680841425,3.2410328000000015
1568750159999,83824.64742804,127,4.147584,42498.9615288,0,52.75840992931518,82.26176166970701,5.644933045402298,3.401039200000001
1568750219999,82289.82058655,139,5.100219,52260.42387305,0,53.000796544986116,76.23311500246486,5.622185240804597,4.1232190000000015
1568750279999,37563.31538956,90,2.601631,26659.23315888,0,51.12700305072415,55.87332486914219,5.564966675478927,4.1490518000000005
1568750339999,111808.30638379,141,6.478092,66392.48221773,0,48.32923041101677,32.40091078071072,5.561666103352491,5.073717600000002
1568750399999,151956.01633209,290,9.944388,101970.91512638,0,60.37631339036587,46.30687653334405,5.60702491408046,5.654382800000002
1568750459999,289870.64036476,444,15.7068,161140.69807964,0,60.47553129730604,66.66666666666671,5.731761980747124,7.966226000000001
1568750519999,51062.24960222,143,3.172129,32548.713651,0,50.801994833487655,73.4527228923997,5.682653597796933,7.5806080000000025
1568750579999,177672.06541089,361,10.942023,112313.55337894,0,58.30109824196346,67.48538332759695,5.740793992145594,9.2486864
1568750639999,279370.0255097,391,9.134209,93761.51601373,0,55.772101123429714,51.27817654419561,5.773350829885057,9.779909800000002
1568750699999,50232.01079817,133,3.305748,33925.32714534,0,49.96269904046842,44.49212031846262,5.725613070785443,8.452181800000002
1568750759999,113596.57007653,124,7.898055,81047.87206982,0,55.452370928263655,39.071473433024266,5.741242585919537,6.890432800000002
1568750819999,67867.59055086,137,2.868835,29435.19573786,0,50.31549803044563,23.35568549226622,5.687848041954023,6.829774000000002
1568750879999,118816.08760671,193,2.813473,28857.36128753,0,50.769999976547645,27.98783710070224,5.634436114272029,5.204064000000002
1568750939999,112041.47748237,181,3.479459,35672.83784667,0,46.91548428873765,6.042490217610021,5.590939556609195,4.073114000000001
1568750999999,107221.51883172,176,2.87707,29471.61873455,0,48.854205625951614,12.202129669827658,5.540190051532567,3.9873784000000017
1568751059999,353050.52832364,350,9.634753,98661.56308897,0,53.70180884314316,40.903311394724966,5.582821316187739,4.3347180000000005
1568751119999,202894.64644975,249,6.79688,69641.68766131,0,53.40596282364205,72.7834967236693,5.586104562452107,5.120327000000001
1568751179999,108225.563417,191,5.520805,56574.17514424,0,49.18855337657841,76.37846796395895,5.5715184577586205,5.661793400000001
1568751239999,161246.16151955,175,4.316637,44219.30559733,0,45.03938390441559,43.04513463062562,5.540156896934864,5.829229000000001
1568751299999,75526.17131824,133,2.576693,26408.8287205,0,37.54302956403028,11.16494930168128,5.485850430747125,5.769153600000001
1568751359999,204252.13403627,226,6.259007,64116.17537483,0,53.519856217255885,33.33333333333338,5.482335404597701,5.094004400000001
1568751419999,72596.06049837,138,3.544751,36305.06440869,0,40.46592228067479,39.431525379612694,5.441185019923371,4.443578600000001
1568751479999,44985.35440763,104,1.951385,19985.65471229,0,40.69085670685841,45.99901050698123,5.379054230076629,3.729694600000002
1568751539999,41308.30620833,107,2.224547,22777.86986107,0,48.36301241169141,35.24000327420816,5.322928743390807,3.3112766000000016
1568751599999,76968.17116872,140,2.362209,24175.84515432,0,40.3116019693757,29.14181122792885,5.2740073496168565,3.2683798000000017
1568751659999,121262.97593035,199,7.295983,74698.99210593,0,57.77401458045221,55.90765943389365,5.293477332279693,3.4757750000000014
1568751719999,53040.02017478,122,3.559976,36473.35829514,0,51.16080067899337,54.042954909785266,5.261000628065135,3.4788200000000016
1568751779999,48880.13769599,150,3.059509,31351.73294192,0,49.34360536106942,71.28380166037434,5.221806361781606,3.700444800000001
1568751839999,70295.84350893,144,3.667107,37583.92020719,0,51.23465084412251,58.80105966670934,5.192982304980842,3.9889568000000013
1568751899999,41377.40873616,152,1.908975,19562.92073505,0,35.690246691232886,38.09143809025746,5.139975566475094,3.8983100000000013
1568751959999,113006.39417138,225,8.370281,85791.96271502,0,52.569385866871286,54.18392467300172,5.176198870019156,4.113169600000001
1568752019999,523035.28716919,421,37.832417,388345.03193225,0,77.47385513968946,66.66666666666671,5.618314439559386,10.967657800000001
1568752079999,137948.73848945,229,3.751544,38497.24869489,0,49.691815633287675,77.83657233220767,5.58741124281609,11.106064800000002
1568752139999,58687.16811679,103,2.463469,25274.36325644,0,49.937945258010146,55.86949728039872,5.538863514367817,10.865337200000003
1568752199999,105664.30091919,152,3.413124,35015.23562195,0,48.39209234438496,22.53616394706538,5.5035081176245235,11.166167000000003
1568752259999,71789.97039767,165,4.122422,42285.94184738,0,50.33394664593153,13.591999450442502,5.480394350478926,10.316595200000004
1568752319999,53201.58745329,105,2.60432,26720.323689,0,50.377784862608074,35.55907450225145,5.436916555268201,3.2709758000000013
1568752379999,83833.46812948,128,3.594175,36877.2598391,0,50.785941573875526,68.89240783558478,5.407221340996168,3.2395020000000017
1568752439999,57922.94765263,103,2.204383,22620.73014618,0,49.9107168212912,87.81286721817234,5.359275400478925,3.1876848000000018
1568752499999,61615.58840226,134,3.891525,39931.90222867,0,48.000633979213944,54.47953388483901,5.334661620402296,3.283365000000002
1568752559999,39964.15415951,98,2.061481,21152.62482605,0,49.099813504284235,34.30069651186827,5.285012620498085,2.8711768000000015
1568752619999,201451.92915803,173,12.820786,131588.31137083,0,55.22041924900552,46.487829293695974,5.384546807088124,4.9144700000000014
1568752679999,285371.22633125,379,7.699067,79035.05870985,0,52.05700838996336,65.21587663937792,5.412894265038315,5.735448400000001
1568752739999,107646.00030863,264,6.914498,70970.2016624,0,52.57931901570774,73.20090614224273,5.4313399780651315,6.677471400000002
1568752799999,44350.66871803,126,2.021949,20759.71906639,0,46.67498171073699,39.867572808909394,5.38209378908046,6.303556200000001
1568752859999,53750.22150854,134,2.934803,30112.6874371,0,23.923467721890447,21.13952546322745,5.345547667911877,6.478220600000002
1568752919999,147438.82269746,197,2.736661,28066.48237639,0,48.4637463340989,28.5459775278115,5.306459299233716,4.461395600000001
1568752979999,190927.11566521,196,5.33641,54736.2155687,0,54.18274440548268,61.87931086114484,5.303671427873564,3.988864200000002
1568753039999,82892.19719441,127,2.991924,30690.95023501,0,49.4107047909141,89.95581043683126,5.268420554597701,3.204349400000001
1568753099999,92260.05763716,173,5.069067,52007.16637251,0,51.27561446430068,91.54069936298855,5.261997162643679,3.813773000000001
1568753159999,162364.23884003,322,4.309388,44185.78473973,0,52.345539778382985,80.83250301945687,5.244928385057469,4.0886900000000015
1568753219999,112040.086228,158,7.524924,77133.23439695,0,55.09524622706692,86.08933677710378,5.272620347126435,5.046342600000001
1568753279999,104063.90992239,285,4.935848,50605.58650166,0,53.43390511006075,79.54993830892369,5.264399459003831,4.966230200000001
1568753339999,35865.84497911,96,2.122827,21765.75994831,0,47.83766500124995,56.924801319122025,5.217795883429119,4.792410800000002
1568753399999,66062.93742819,108,2.564325,26283.65630384,0,50.63636114673282,36.445595085908614,5.1784879046934895,4.291462400000002
1568753459999,48623.19812274,117,3.059937,31354.34852916,0,33.312296574329594,12.854127100119975,5.146164098659003,4.041572200000002
1568753519999,133638.51440996,208,9.610196,98510.74541746,0,53.115208680605676,45.65950988236765,5.204488618773946,4.458626600000001
1568753579999,61764.14347975,167,4.217703,43248.7563385,0,46.178238782122285,54.462032973804035,5.187836323275862,4.314997600000002
1568753639999,1219588.93966527,331,115.436728,1183884.29885274,0,90.04516696881056,87.79536630713737,6.705796857471267,26.977777800000002
1568753699999,84639.34679563,155,3.190088,32740.91259439,0,50.050463078032735,64.82447417514679,6.664657945019156,27.1029304
1568753759999,164165.39583397,358,11.773061,120882.7717332,0,51.72894370463327,47.38565972147513,6.742242686015326,28.8455552
1568753819999,425137.81241776,506,27.998267,287591.95980563,0,54.12104725072896,20.087859151232163,7.0440731597701145,32.52316940000001
1568753879999,156948.85833371,277,5.970714,61272.22239662,0,50.505503891493625,10.632619392712758,7.04002304099617,32.873771600000005
1568753939999,293288.21010613,305,15.773973,161704.39719318,0,51.77021451417992,20.497540684171796,7.171260453065133,12.9412206
1568753999999,149629.03855219,252,4.061598,41629.52968025,0,49.96045666902785,14.462007921081437,7.139971316187738,13.1155226
1568754059999,197772.91195197,307,5.262421,53911.88752114,0,49.63660386137142,14.08275702934373,7.126443267816094,11.813394599999999
1568754119999,191957.01366965,293,7.566838,77473.15529042,0,50.42296813614426,12.285344778310348,7.144729978831416,7.727108799999999
1568754179999,112173.61584886,280,5.858281,59981.90705653,0,50.602666206835266,27.378106965141487,7.139116777681991,7.7046222
1568754239999,239473.70994618,448,15.546688,159243.68545661,0,52.033848330836705,60.71144029847483,7.267201643390803,7.6591651999999995
1568754299999,90230.26735551,270,4.346678,44518.26377718,0,50.19504232250192,56.19110055328438,7.239724839272026,7.716181199999999
1568754359999,196289.36652162,247,3.868541,39608.36720193,0,49.113367118103994,41.09833836645324,7.206517465038314,7.437405199999999
1568754419999,206200.52546843,270,4.02496,41217.67736529,0,49.96974718251754,17.53942235265727,7.1757924187739475,6.7290296
1568754479999,103539.3393641,229,4.00435,41009.26541115,0,23.130098004784884,9.77441731953742,7.144864384578542,6.3582434
1568754539999,329549.4801763,430,7.918839,81051.24303052,0,52.387697695394415,43.107750652870756,7.1679356755747134,4.8326736
1568754599999,196471.67242411,300,14.510477,148605.9925105,0,51.41057528503513,65.55342609476737,7.281506620210731,6.865433400000001
1568754659999,91855.64876784,171,6.771098,69346.93259744,0,38.01348931646015,82.51015012437875,7.287344208716473,7.4459447999999995
1568754719999,181193.63646171,279,6.104217,62520.80850743,0,50.099354173684254,79.90302861759223,7.283682080842911,7.861796200000001
1568754779999,93237.00667794,183,6.070762,62159.75043079,0,41.55002167790749,55.88404223645859,7.279153956609194,8.2750786
1568754839999,197280.57618747,265,11.456743,117327.68358599,0,57.2374832310459,72.26065154018055,7.348625795210727,8.9826594
1568754899999,529877.37366372,435,37.54698,384732.36766025,0,71.24581907038397,74.86777304696707,7.777729122509579,13.58996
1568754959999,647479.13326121,387,51.828165,531487.90419398,0,75.16123771159663,100.0,8.400688861781607,22.6013734
1568755019999,322751.16809772,268,24.865647,255109.66255516,0,58.394786592972636,83.3721664996008,8.647226215229884,26.353659399999998
1568755079999,150729.07410724,238,9.035939,92700.16651315,0,47.2724282759858,50.038833166267466,8.67331412203065,26.9466948
1568755139999,419731.14111853,352,35.118134,360457.2986576,0,61.46197079414968,33.6651607212012,9.058500017720304,31.678973000000003
1568755199999,90360.51619313,224,3.411221,35014.7546012,0,49.86180480005972,20.054542044873717,9.003233366666668,24.851821200000003
1568755259999,340237.75348202,340,6.157061,63192.60339259,0,50.63436118561345,27.95221951949766,8.985783882471264,15.717600400000004
1568755319999,658564.71910011,270,46.153963,473263.20229718,0,60.130787820893964,41.19874634176534,9.519725712164748,19.975263599999998
1568755379999,212722.12062439,194,7.309346,74927.49369517,0,49.874567953666656,38.140540389098184,9.514257397030653,19.629945
1568755439999,219570.11034352,321,12.761434,130839.71863247,0,49.6383553477156,30.242862914474234,9.583703573850574,15.158605
1568755499999,318084.23988727,294,9.305777,95404.75602833,0,50.53353985350917,2.8805804282743,9.604692643773948,16.337516200000003
1568755559999,103291.90382631,197,5.013807,51358.39701287,0,49.77392326281173,3.274589959714954,9.566000964942527,16.108865400000003
1568755619999,107203.55584523,226,5.36611,54950.74114665,0,49.85409609419096,11.307970977039579,9.532449027394634,7.951294799999999
1568755679999,940053.69528508,710,13.248812,135538.92212617,0,50.36726513207807,35.60594840911121,9.607368110153256,9.139188
1568755739999,143553.9436824,242,8.630959,88331.99142886,0,43.50208933204066,35.17526367373113,9.618260331609195,8.313093
1568755799999,535452.56446545,511,22.284752,228103.69845351,0,43.342331235166,27.141882656406505,9.81704617097701,10.908888000000001
1568755859999,171906.85013357,339,6.534456,66828.0416868,0,45.649163549430405,10.945926553028615,9.7968205355364,11.2130178
1568755919999,404354.75472668,438,18.69059,191228.03486518,0,52.33216227259093,44.27925988636195,9.944253462547891,13.877913799999998
1568755979999,133450.95189311,249,7.303776,74701.6349639,0,42.767747545915164,44.27925988636195,9.93294995718391,12.6889066
1568756039999,143068.82140753,195,4.399024,44984.26247081,0,50.30209572507955,59.59159863053139,9.881349334386973,11.8425196
1568756099999,191495.97773472,210,8.604458,87988.24953629,0,50.74185434653856,54.049151369864546,9.88964551992337,9.106460799999999
1568756159999,130283.0180452,229,5.1538,52711.67176638,0,34.03483496379984,54.049151369864546,9.849719067049808,8.8303296
1568756219999,121537.29942319,244,4.863524,49712.80837606,0,48.638952627318666,56.928574308082624,9.805878828735635,6.0649163999999995
1568756279999,244450.29856015,297,15.103942,154432.5681641,0,51.23760104971456,62.47102156874946,9.903500540517241,7.624949599999999
1568756339999,92811.58380733,151,5.1244,52386.4893789,0,47.93334555454075,89.40178863517825,9.862944064080468,7.7700248
1568756399999,122849.87525671,200,6.708439,68572.06682111,0,50.8606123401699,92.8669529339382,9.844716294061309,7.390821
1568756459999,182725.56755173,209,12.048667,123184.14275473,0,53.230069188192736,92.8669529339382,9.901250113888889,8.769794399999999
1568756519999,306647.01568236,352,7.074613,72330.7569352,0,46.929306936674976,65.9361858675094,9.888347895019157,9.2120122
1568756579999,660339.79497989,658,17.682874,180582.77297138,0,54.24874000348032,66.66666666666673,10.021251144252872,9.7277986
1568756639999,197720.32051704,329,6.351546,64842.62283223,0,42.354671589862456,33.33333333333339,9.996341611973182,9.9732278
1568756699999,1494266.65566339,1070,80.820947,824359.76789918,0,72.7982692310183,66.66666666666673,10.998192594636018,24.795729400000003
1568756759999,169934.01236452,312,7.469208,76234.83607641,0,47.49653422009895,38.963266530721945,10.980706303448272,23.879837600000002
1568756819999,158458.81583846,270,12.312182,125754.85085568,0,51.15097084794083,48.594519010320376,11.029655179118773,24.927351400000003
1568756879999,271007.98761082,309,5.863678,59909.30836234,0,50.33119456076203,23.994847912443234,10.988779654501917,22.563512199999998
1568756939999,121167.71310464,219,7.593918,77503.4190572,0,49.768904976582185,21.358610279808843,10.971686154693485,22.8119866
1568756999999,151236.21261537,174,7.879171,80372.9060904,0,50.63240633514438,40.33069154121544,10.958683229597701,8.2236314
1568757059999,208538.07624999,195,9.735789,99321.88521859,0,51.122421363927735,64.24179237133266,10.971250734865901,8.6769476
1568757119999,155739.84654119,267,6.006997,61255.51097355,0,47.839523356024195,61.248096806578495,10.931866457662835,7.415910599999999
1568757179999,108361.37475509,163,4.664284,47548.76119399,0,49.8860501867751,53.42444030830145,10.873618777107282,7.1760318
1568757239999,213020.12529554,211,16.104304,164192.57819302,0,52.218620886292285,54.11301057606136,10.974043694061306,8.878109
1568757299999,124956.22557735,184,7.229851,73726.30679854,0,48.880825289901466,62.03931599005628,10.950901103065137,8.748245
1568757359999,112136.63679625,207,6.591509,67214.42359421,0,49.88549250552639,56.83338908713819,10.91866700239464,8.119389000000002
1568757419999,162351.39594293,284,6.120606,62418.11219049,0,47.121110925641226,23.500055753804848,10.879752432950193,8.142110800000001
1568757479999,184979.16350283,307,15.06759,153804.43403062,0,52.19628548817586,48.761029368925215,10.964049083716473,10.222772
1568757539999,95062.09602966,158,7.369188,75277.13574809,0,22.10465373847896,33.18727902911533,10.941043967145593,8.475748800000002
1568757599999,140037.71427691,188,7.784283,79519.53977509,0,50.268289163495204,64.38491747256722,10.9233659387931,8.5866352
1568757659999,147552.06857274,246,8.37309,85483.16838199,0,46.38384018426764,58.09236524296406,10.913478679214561,8.9429514
1568757719999,76859.5377316,155,3.167407,32343.91646843,0,47.46697272882112,86.18690793986919,10.831687546168585,8.352311599999998
1568757779999,82752.41089491,187,5.060959,51674.35676822,0,47.62767657063886,85.19728117174854,10.776305271264368,6.350985400000001
1568757839999,94213.73448365,151,5.418474,55318.7611444,0,47.698471164559294,69.58369950008476,10.72567210335249,5.9608426
1568757899999,87458.1012891,126,4.599972,46958.80574023,0,45.10125885155185,41.48915680317963,10.663559660919544,5.323980400000001
1568757959999,70962.28848859,134,3.819222,38991.04057808,0,47.78886305572429,44.614478461181726,10.590453496839084,4.4132068
1568758019999,144539.2315101,169,11.145484,113788.97759577,0,55.84362856767265,66.66666666666673,10.618236370689658,6.0088222
1568758079999,219996.67092219,270,14.476468,147938.60048576,0,48.280923462677094,76.5330949475503,10.691172335057473,7.891924
1568758139999,229604.50194179,263,13.766248,140744.25885141,0,58.34107094224208,76.5330949475503,10.753092004310341,9.5614788
1568758199999,90858.1589026,275,6.066627,62068.35712706,0,49.43247754052048,48.39176977804456,10.708227897796935,9.854809800000002
1568758259999,173169.09876716,249,5.650685,57830.53532718,0,49.491298871474406,42.53580427038218,10.657307337739462,10.2211024
1568758319999,87331.25776261,156,5.608098,57386.43349779,0,37.31424768027355,9.202470937048846,10.606063489080457,9.1136252
1568758379999,123906.05668425,122,9.479203,96970.61163549,0,53.153359013349366,29.11983717520904,10.607917146934865,8.114172199999999
1568758439999,84905.65168048,144,4.614108,47209.72877434,0,45.818442026954386,43.00641034853126,10.542028077203069,6.283744199999999
1568758499999,156772.12704963,200,11.018602,112753.41145334,0,53.02535693903835,76.0703639344379,10.564354518773946,7.274139199999999
1568758559999,120823.56644717,193,5.690115,58238.17559886,0,52.87684037601816,83.71239072848026,10.512449813026823,7.2820252
1568758619999,87108.1967956,136,5.835106,59716.54955603,0,50.91948973021664,88.99692912796705,10.462142608141763,7.3274268
1568758679999,116570.74943831,237,8.244231,84392.65459989,0,53.20031081699546,89.26630887539373,10.444742621743297,7.080432399999999
1568758739999,109232.14503449,191,5.076252,51943.93547343,0,50.512155003473076,56.5149076793636,10.383034355268203,7.1728612
1568758799999,124851.72512902,200,4.575889,46821.77466369,0,50.81859794572395,37.13324875873839,10.314612730363983,5.884318599999999
1568758859999,174649.20280958,166,3.10325,31730.95801602,0,40.0377721212006,3.799915425405057,10.225837818007667,5.366945599999999
1568758919999,88373.3926956,161,6.033684,61683.19737008,0,39.43677066748755,3.799915425405057,10.177673965517233,5.4066612
1568758979999,342202.50601492,196,17.16771,175565.51811972,0,53.37534439515295,33.33333333333339,10.282754144731804,7.191356999999999
1568759039999,96740.94273677,127,3.103506,31735.04985173,0,47.389388373739244,52.35158168889569,10.192821393486593,6.796807800000001
1568759099999,60462.47171039,119,3.044947,31135.84481617,0,47.68970641035989,72.08802413061612,10.102736188793102,6.4906194
1568759159999,49945.53477026,98,3.172138,32443.62041158,0,47.843469887723316,58.85885014789142,10.015618163888895,6.504397
1568759219999,67663.96076819,187,2.292624,23441.78310771,0,43.28195128765718,39.84060179232912,9.916368910536397,5.756185
1568759279999,135100.81339406,202,4.181526,42718.94227739,0,49.571793482706745,53.437492683942025,9.844001964367816,3.1589482
1568759339999,62717.74226204,124,4.488973,45863.26893293,0,42.64910902477044,33.33333333333339,9.77635006139846,3.4360416000000003
1568759399999,45902.71108837,81,3.258323,33286.88522835,0,46.98408751815408,54.2066353003371,9.69161033994253,3.4787168
1568759459999,59477.53238226,138,2.575286,26311.04329987,0,46.01040973396285,37.058259934376046,9.59789383726054,3.3593463999999997
1568759519999,56249.50818401,95,3.654136,37333.39249817,0,44.19325117944772,44.493439952858836,9.519086141954022,3.6316488
1568759579999,159030.68905857,139,12.841077,131263.43906039,0,58.52476388287165,56.95347131918846,9.566914350957854,5.363559
1568759639999,48976.93152264,116,2.421119,24750.08652211,0,48.05744805052623,49.7561593201661,9.470122294636017,4.949988200000001
1568759699999,140728.8232,202,7.777353,79532.56514517,0,53.93801366081495,64.98609656930925,9.44725300143678,5.8537942
1568759759999,38535.2010545,84,2.472789,25276.71780276,0,47.115286327332356,38.44905708239484,9.351395220114945,5.8332948
1568759819999,54488.29983682,114,3.844301,39296.85458054,0,37.17856628495066,29.461411114044918,9.274869030651343,5.8713278
1568759879999,84028.80863443,189,4.661128,47644.70391672,0,52.01190198362777,36.29872982776876,9.209770005172409,4.2353380000000005
1568759939999,85887.19258568,154,6.409613,65524.75975117,0,54.164179049800666,62.83576931468318,9.168755016954021,5.0330368
1568759999999,62941.0818623,112,4.4139,45136.77001,0,51.46889298575393,90.87975159278238,9.099845814942528,4.3603462
1568760059999,30026.92825372,96,2.259495,23107.16639247,0,49.96195875276519,86.46402211767544,9.001397416283522,4.3176874
1568760119999,107293.3814242,171,6.796028,69511.03248084,0,52.83008937901445,75.88160317018581,8.965644995402295,4.9080328
1568760179999,41588.32637329,102,2.543428,26013.2385861,0,48.05974448577776,47.83762089208661,8.870771976532568,4.4844928
1568760239999,39650.89714937,108,2.105405,21533.13592338,0,48.83174709175534,28.14537134339768,8.769826716954027,3.6236512
1568760299999,111797.5054126,128,9.04743,92540.33729859,0,55.81999389597657,38.72779029088732,8.764658124425287,4.5503572000000005
1568760359999,76510.62832915,114,5.121596,52390.57928709,0,51.25531966365446,52.45404662175969,8.70517233429119,5.1227773999999995
1568760419999,71991.90771248,136,2.742766,28050.55113851,0,40.22268660717593,47.05958966420575,8.612725515421452,4.312125
1568760479999,50081.81274181,124,2.490635,25473.38368607,0,50.08380729616801,34.80066468098696,8.516831366954019,4.3015664000000005
1568760539999,31785.43166346,89,1.785281,18260.87348961,0,41.863646787010104,24.58133885089498,8.411320886685823,4.2375416
1568760599999,66689.75313368,131,3.545266,36265.91195838,0,51.61137796369564,57.914672184228316,8.330097909674329,3.1371088
1568760659999,58025.04683288,137,2.219137,22692.76798805,0,47.554884961198354,58.300728794456326,8.23104566436782,2.556617
1568760719999,203475.37995132,223,8.702466,88983.48230974,0,55.19460517824244,88.12713162700929,8.22482988036398,3.7485569999999995
1568760779999,51648.82601794,95,1.562616,15975.74568109,0,44.52820511627927,61.4563808604368,8.119659180459768,3.5629532
1568760839999,51626.85603635,112,2.211232,22610.23955554,0,47.435396958860785,49.081117485424734,8.023521196743292,3.6481434
1568760899999,89213.98617711,138,3.620796,37021.23456797,0,51.61296162831917,37.88820163403842,7.946940598850581,3.6632494
1568760959999,29152.82823198,71,1.853043,18946.75645797,0,43.73195267981457,31.225619067277574,7.8460252494252885,3.5900306
1568761019999,76019.47927634,157,3.498747,35780.82831553,0,51.29717256223242,54.13809667864995,7.767881226915708,2.5492868
1568761079999,30237.90968686,79,1.498602,15325.5499783,0,49.20958829783805,55.16576022886085,7.662158138122604,2.536484
1568761139999,52927.03858585,127,2.667118,27279.35329757,0,40.217768202493936,55.16576022886085,7.57262011494253,2.6276612
1568761199999,56737.14026899,101,2.454874,25106.40831582,0,45.385998757705934,38.71714362133728,7.480271868678161,2.3944768
1568761259999,52509.65729498,137,2.398429,24529.04131566,0,49.35215975908878,43.03065895185137,7.387107389367817,2.503554
1568761319999,33201.41127109,93,1.668959,17071.29039198,0,48.481364652277975,73.1862761362198,7.284879564942527,2.1375964000000005
1568761379999,126264.84375736,175,10.078894,103108.53902148,0,61.9306176461407,90.97054688037382,7.299228440517242,3.8536547999999997
1568761439999,113380.50703897,164,8.002882,81899.76180748,0,56.35463962297461,85.58806108900689,7.284639564750955,4.9208076
1568761499999,121016.51007955,213,3.276763,33526.09543695,0,51.3744791182299,62.60289039033333,7.204289954406134,5.085185399999999
1568761559999,55858.60567901,115,1.277465,13068.8578913,0,39.07756271015392,29.269557057,7.096331065134098,4.860992599999999
1568761619999,38647.27615088,102,2.089732,21376.68875329,0,50.95277695595503,24.491565083134848,6.999715628352492,4.945147199999999
1568761679999,90004.34898767,132,6.869972,70299.63970461,0,57.326511607075005,50.65445193077331,6.969345520881223,4.3033628
1568761739999,57186.81556535,104,2.596047,26564.78954449,0,48.52163015525993,67.90488371993312,6.879653263218388,3.2219957999999997
1568761799999,85119.86919169,163,6.459844,66115.92112181,0,56.26705438196216,81.98190530927478,6.8434916365900405,3.858612
1568761859999,72430.74620848,138,3.451892,35338.11173026,0,49.938536898783504,54.012667454408444,6.76563503448276,4.293497400000001
1568761919999,89255.12436145,150,2.052695,21011.53127831,0,50.73848705986661,45.154765486115544,6.668869300574713,4.28609
1568761979999,116421.56046146,237,6.775354,69319.70489114,0,55.00155833176689,41.64374930461657,6.637519854885055,4.2671664
1568762039999,89784.94018936,154,4.446084,45484.89582689,0,52.30535703841004,48.74608136844836,6.573596902777776,4.6371738
1568762099999,216441.03726474,282,5.624715,57501.35747076,0,53.64068541551998,64.72732760034572,6.525750684865902,4.470148
1568762159999,213350.02695286,182,3.352463,34268.68374913,0,51.835820002959984,45.42034744836411,6.446317391666665,4.4502622
1568762219999,342668.10152554,503,13.629854,139235.07743476,0,53.72069747465423,52.80055362331063,6.509240615421458,6.765693999999999
1568762279999,122006.11635391,196,3.826737,39059.5421285,0,46.23405084377868,28.426777570546353,6.436046885249042,6.1759706
1568762339999,341762.95947713,432,14.756223,150589.51428539,0,59.31026476426842,53.17996705057869,6.524295298275859,8.2379984
1568762399999,111367.75660626,137,3.373546,34449.89346475,0,51.47543050532626,46.6944374302275,6.454433402586204,7.7877646
1568762459999,64037.82828817,131,1.906116,19457.59528761,0,49.871933978819115,55.96797577285144,6.36513564434866,7.498495199999999
1568762519999,205378.44517273,238,11.922923,121777.9238242,0,53.284353504069976,40.60697679450507,6.416499989463602,7.157109
1568762579999,199742.37288481,240,12.743412,130267.5121935,0,56.905679514634,52.08693727320496,6.478611289272031,8.940444
1568762639999,258112.6810533,281,6.702164,68509.98399058,0,50.16016157653983,44.17932644981951,6.4576853140804555,7.329632200000001
1568762699999,147616.14843989,209,2.631817,26872.71130862,0,49.46547757863308,26.206992094832543,6.380363693869734,7.1812864
1568762759999,292255.89784611,358,7.972366,81321.87883479,0,53.66986875138038,20.2022942778857,6.376956792049808,8.3945364
1568762819999,138461.80445862,183,6.285524,64102.67201874,0,49.68445512693326,19.817422336545857,6.3502442603448275,7.267056600000001
1568762879999,59908.09279951,188,2.225661,22697.2104594,0,48.60081705035604,19.817422336545857,6.267492694636017,5.1635064
1568762939999,119746.96264909,172,3.835688,39105.76074809,0,48.87875402559774,2.8087279686770223,6.208224358333336,4.5902112
1568762999999,359658.76912469,335,22.542111,229706.27550287,0,59.972513398855384,35.16100572411171,6.407024595019156,8.57227
1568763059999,322338.6874806,356,19.37475,197651.96623123,0,53.2237509032558,48.71200026126306,6.560348437643677,10.8527468
1568763119999,79071.30853935,162,2.767238,28227.80716479,0,49.447642859163416,49.366589627673754,6.483132862835248,10.1490896
1568763179999,185773.65984089,215,8.655125,88227.25597869,0,46.64278491204942,16.033256294340415,6.487248019827584,11.434982399999999
1568763239999,388056.58545132,595,19.519979,198804.98060906,0,58.935724928019425,33.2229229495452,6.641152706513409,14.571840599999998
1568763299999,232820.11919825,396,18.015878,183567.27631836,0,58.911813344594876,64.00915627057863,6.773831335153255,13.666594
1568763359999,95425.83551321,195,5.53415,56424.18384434,0,46.55959832343684,64.00915627057863,6.733271112068967,10.898473999999998
1568763419999,421202.13995606,358,5.93939,60525.09448457,0,46.31952348433934,33.2684950782225,6.6983550103448275,11.5329044
1568763479999,451195.52560456,361,12.943249,131863.81017057,0,53.34117380491599,18.551939879109625,6.7600564438697335,12.3905292
1568763539999,142532.33373121,310,6.163338,62779.02314444,0,51.83730216160865,33.158175754404546,6.728099477969348,9.719201000000002
1568763599999,1126054.50203089,937,40.390745,411140.15915984,0,62.96807625610119,66.49150908773788,7.1712507735632185,14.194174400000003
1568763659999,311906.61871085,429,17.003238,173119.19092087,0,53.6530933029971,62.62266693128535,7.292911304022991,16.487992000000002
1568763719999,109823.81100648,195,5.249854,53482.97374062,0,50.979418300355086,48.01643105599043,7.253209297413795,16.3500848
1568763779999,115569.59908212,250,7.24868,73891.6717313,0,51.10255853620716,15.025477540611213,7.241439956417623,15.211170999999998
1568763839999,178140.53256201,205,11.795908,120271.65672615,0,46.17890514579677,0.34237981795417644,7.295060489559386,16.337685
1568763899999,109653.68780759,175,7.175878,73152.86569549,0,45.706723036083034,0.34237981795417644,7.284153340038315,9.6947116
1568763959999,220592.13562236,329,16.75731,170942.52862388,0,55.17984315471218,33.33333333333339,7.405306285440612,9.645526
1568764019999,204685.83355489,288,13.450162,137318.59562538,0,51.80995805949987,54.80895750990805,7.483659167720306,11.285587600000001
1568764079999,122572.30146149,189,3.966558,40479.16715512,0,44.06726644408487,54.80895750990805,7.430615518199233,10.6291632
1568764139999,128794.59683391,169,8.031169,81939.85040295,0,46.264379704526085,28.066094648768154,7.434477889750954,9.8762154
1568764199999,79212.01662421,108,4.968031,50678.47857834,0,49.77213659351011,23.702823733369765,7.3962121708812285,9.434646
1568764259999,156636.86254281,207,8.624196,87996.76515705,0,51.05307777845329,53.77768521289411,7.408380698754787,7.808023199999999
1568764319999,248363.10617508,277,8.866543,90389.84727444,0,48.31140190027004,67.4384318293782,7.4235798666666675,6.891299399999999
1568764379999,168439.10041376,238,5.705181,58149.40553432,0,49.804363904002095,74.9673216564503,7.395593799042145,7.239023999999999
1568764439999,170257.36238672,200,6.910608,70403.50462781,0,30.088463596811167,44.892460176925944,7.384514557662837,7.0149118
1568764499999,127338.69740495,206,9.226406,94040.56182972,0,43.8279600955548,46.48677826751373,7.406849976819924,7.8665868
1568764559999,129656.6885635,189,8.098156,82556.57787888,0,52.71912371934546,55.17886851259872,7.413365477394636,7.7613788
1568764619999,104650.34784626,141,6.729412,68604.40208446,0,49.49824606238512,83.76808090628525,7.402016351340994,7.333952600000001
1568764679999,163084.91188228,238,6.271626,63938.33187668,0,44.20398237848782,82.71368881232665,7.384407951340999,7.4472416
1568764739999,205173.6020046,285,9.719769,99003.54115618,0,52.73631084102029,82.71368881232665,7.414180776436783,8.0090738
1568764799999,103717.50938728,193,5.633009,57396.1471156,0,36.430232263394316,54.12447641864011,7.387477667528736,7.290394399999999
