1693612800000,1629.13000000,1629.66000000,1629.12000000,1629.46000000,229.61440000,1693612859999,374135.16153300,229,167.12090000,272308.53615700,0
1693612860000,1629.45000000,1629.45000000,1628.94000000,1628.95000000,50.23700000,1693612919999,81837.90221100,169,5.62760000,9167.69764100,0
1693612920000,1628.94000000,1628.95000000,1628.61000000,1628.84000000,74.51900000,1693612979999,121372.93377100,200,42.14800000,68646.36087000,0
1693612980000,1628.84000000,1628.85000000,1628.50000000,1628.51000000,143.97230000,1693613039999,234467.10611400,179,65.01800000,105883.71956800,0
1693613040000,1628.51000000,1628.52000000,1628.29000000,1628.29000000,59.51450000,1693613099999,96915.85051500,165,24.73020000,40273.23494200,0
1693613100000,1628.29000000,1628.30000000,1628.09000000,1628.09000000,37.19160000,1693613159999,60554.76262500,106,4.44320000,7234.55468000,0
1693613160000,1628.10000000,1628.28000000,1628.03000000,1628.27000000,14.50670000,1693613219999,23618.15843900,116,7.95290000,12948.08341100,0
1693613220000,1628.28000000,1629.40000000,1628.27000000,1629.39000000,86.64280000,1693613279999,141133.67566800,153,80.52730000,131169.61216800,0
1693613280000,1629.39000000,1629.40000000,1629.39000000,1629.40000000,16.73620000,1693613339999,27269.94934900,65,15.24310000,24837.10714000,0
1693613340000,1629.40000000,1629.40000000,1629.18000000,1629.20000000,91.39070000,1693613399999,148910.05008900,122,5.36720000,8744.90012100,0
1693613400000,1629.20000000,1629.21000000,1629.20000000,1629.20000000,5.06690000,1693613459999,8255.03410100,64,4.06210000,6618.01394100,0
1693613460000,1629.20000000,1629.21000000,1629.20000000,1629.20000000,38.71620000,1693613519999,63076.51381100,108,8.07710000,13159.29209100,0
1693613520000,1629.20000000,1629.90000000,1629.20000000,1629.90000000,69.44500000,1693613579999,113154.36296400,134,53.06810000,86472.02900100,0
1693613580000,1629.90000000,1630.04000000,1629.89000000,1630.03000000,9.31140000,1693613639999,15177.18784400,61,8.41900000,13722.59638300,0
1693613640000,1630.03000000,1630.48000000,1630.03000000,1630.46000000,351.79980000,1693613699999,573566.23282300,161,350.01050000,570649.25713800,0
1693613700000,1630.46000000,1630.47000000,1630.46000000,1630.47000000,12.29150000,1693613759999,20040.87204800,85,7.29580000,11895.58302600,0
1693613760000,1630.46000000,1630.47000000,1630.05000000,1630.05000000,47.74140000,1693613819999,77832.35009100,127,11.82310000,19275.04085000,0
1693613820000,1630.06000000,1630.19000000,1630.05000000,1630.19000000,100.45370000,1693613879999,163751.65872900,115,95.56810000,155787.83702300,0
1693613880000,1630.18000000,1630.20000000,1630.18000000,1630.20000000,107.79900000,1693613939999,175733.51754700,108,104.32060000,170063.07962700,0
1693613940000,1630.19000000,1630.80000000,1630.19000000,1630.79000000,67.68670000,1693613999999,110362.87933200,150,61.33090000,99999.01082200,0
1693614000000,1630.79000000,1630.81000000,1630.79000000,1630.79000000,136.49920000,1693614059999,222603.29735200,125,132.16410000,215533.64958300,0
1693614060000,1630.79000000,1630.87000000,1630.79000000,1630.87000000,71.16950000,1693614119999,116065.26193800,120,51.25920000,83595.31583100,0
1693614120000,1630.86000000,1631.58000000,1630.86000000,1631.57000000,109.03850000,1693614179999,177854.38491800,172,103.78910000,169292.79702600,0
1693614180000,1631.58000000,1632.08000000,1631.57000000,1632.07000000,69.65890000,1693614239999,113671.54598100,149,41.85770000,68302.45197000,0
1693614240000,1632.08000000,1632.75000000,1631.86000000,1631.87000000,173.90470000,1693614299999,283898.44618900,211,84.20040000,137456.63298400,0
1693614300000,1631.86000000,1631.87000000,1631.08000000,1631.64000000,51.55990000,1693614359999,84120.80290900,133,6.89480000,11248.58161400,0
1693614360000,1631.63000000,1631.79000000,1631.63000000,1631.78000000,5.41770000,1693614419999,8840.27702900,73,3.27230000,5339.49125700,0
1693614420000,1631.78000000,1631.79000000,1631.52000000,1631.53000000,135.58420000,1693614479999,221235.36814800,140,69.42010000,113276.56157700,0
1693614480000,1631.53000000,1631.76000000,1631.52000000,1631.75000000,8.41010000,1693614539999,13722.21815200,80,7.10820000,11598.02146300,0
1693614540000,1631.76000000,1633.25000000,1631.75000000,1632.69000000,90.57470000,1693614599999,147896.85988600,248,57.84690000,94450.99210300,0
1693614600000,1632.69000000,1633.31000000,1632.43000000,1632.62000000,31.06470000,1693614659999,50723.88607400,155,22.64540000,36976.58661900,0
1693614660000,1632.61000000,1632.62000000,1631.93000000,1631.94000000,54.16240000,1693614719999,88410.86440700,121,8.75710000,14294.72003000,0
1693614720000,1631.93000000,1632.17000000,1631.84000000,1632.16000000,42.04000000,1693614779999,68605.10740200,88,32.44440000,52945.37507800,0
1693614780000,1632.17000000,1632.17000000,1631.55000000,1631.70000000,143.05040000,1693614839999,233450.97413600,143,5.52660000,9017.70867800,0
1693614840000,1631.69000000,1631.74000000,1631.08000000,1631.08000000,333.72510000,1693614899999,544476.74932600,182,154.63510000,252273.17538800,0
1693614900000,1631.09000000,1631.73000000,1630.92000000,1631.73000000,28.21300000,1693614959999,46020.13199500,108,20.37300000,33232.37873600,0
1693614960000,1631.72000000,1632.38000000,1631.72000000,1632.38000000,46.89030000,1693615019999,76522.41234500,115,29.35130000,47900.06912800,0
1693615020000,1632.37000000,1632.92000000,1632.37000000,1632.91000000,24.43820000,1693615079999,39897.98269500,88,23.69680000,38687.52712600,0
1693615080000,1632.92000000,1633.52000000,1632.91000000,1633.52000000,43.36530000,1693615139999,70819.33342100,136,23.54900000,38459.64775400,0
1693615140000,1633.51000000,1634.42000000,1633.23000000,1634.01000000,250.18070000,1693615199999,408727.96309300,335,148.30920000,242292.11634800,0
1693615200000,1634.01000000,1634.01000000,1633.36000000,1633.37000000,23.28140000,1693615259999,38039.15679800,96,4.60260000,7519.56074000,0
1693615260000,1633.36000000,1633.37000000,1632.26000000,1632.26000000,116.93640000,1693615319999,190918.64103900,167,5.89850000,9632.82977100,0
1693615320000,1632.27000000,1632.38000000,1631.87000000,1631.88000000,224.68730000,1693615379999,366734.34445200,177,40.23830000,65673.47895500,0
1693615380000,1631.88000000,1631.88000000,1631.78000000,1631.78000000,26.37570000,1693615439999,43039.82811200,95,7.18210000,11719.71125100,0
1693615440000,1631.79000000,1631.79000000,1631.55000000,1631.55000000,27.49020000,1693615499999,44856.08776500,88,4.52640000,7385.82548600,0
1693615500000,1631.56000000,1631.58000000,1630.97000000,1630.98000000,110.11430000,1693615559999,179630.78224600,215,62.90000000,102602.09549300,0
1693615560000,1630.97000000,1630.98000000,1630.78000000,1630.79000000,26.66470000,1693615619999,43489.19841900,121,15.03570000,24522.84160800,0
1693615620000,1630.79000000,1630.79000000,1630.48000000,1630.49000000,38.45490000,1693615679999,62708.88626600,85,22.56820000,36802.26725600,0
1693615680000,1630.49000000,1630.55000000,1630.48000000,1630.54000000,31.64930000,1693615739999,51604.33202000,122,19.03260000,31032.84467400,0
1693615740000,1630.54000000,1630.55000000,1629.54000000,1629.70000000,43.21430000,1693615799999,70432.64356000,157,11.99760000,19552.03271800,0
1693615800000,1629.70000000,1629.71000000,1629.16000000,1629.49000000,61.91360000,1693615859999,100875.88092600,145,48.12290000,78404.07861800,0
1693615860000,1629.49000000,1629.50000000,1629.26000000,1629.28000000,88.68610000,1693615919999,144502.30394600,162,14.00010000,22810.25152900,0
1693615920000,1629.28000000,1629.56000000,1629.27000000,1629.56000000,10.68720000,1693615979999,17414.60396200,63,4.43790000,7231.43710300,0
1693615980000,1629.55000000,1629.56000000,1629.28000000,1629.48000000,25.81930000,1693616039999,42070.65713000,105,10.16670000,16564.97657100,0
1693616040000,1629.48000000,1629.49000000,1629.39000000,1629.40000000,6.22270000,1693616099999,10139.33718000,62,4.26450000,6948.60034800,0
1693616100000,1629.39000000,1629.72000000,1629.39000000,1629.71000000,31.59150000,1693616159999,51477.76049600,149,29.04720000,47331.85114500,0
1693616160000,1629.71000000,1629.82000000,1629.49000000,1629.49000000,34.79690000,1693616219999,56711.37460700,104,7.40140000,12062.78347400,0
1693616220000,1629.50000000,1629.79000000,1629.49000000,1629.78000000,46.24950000,1693616279999,75369.10239500,93,43.52070000,70922.33533800,0
1693616280000,1629.78000000,1629.79000000,1629.78000000,1629.78000000,2.63130000,1693616339999,4288.45386400,64,1.37500000,2240.96125000,0
1693616340000,1629.78000000,1630.13000000,1629.27000000,1630.01000000,337.33210000,1693616399999,549805.02555100,260,180.23420000,293745.71876900,0
1693616400000,1630.02000000,1630.02000000,1629.57000000,1629.76000000,231.23970000,1693616459999,376911.52225000,138,21.59410000,35191.01501700,0
1693616460000,1629.75000000,1629.79000000,1628.81000000,1628.81000000,134.57350000,1693616519999,219284.68698600,205,9.69140000,15790.11157200,0
1693616520000,1628.82000000,1629.69000000,1628.81000000,1629.68000000,80.63450000,1693616579999,131356.81956500,98,76.12760000,124013.23287500,0
1693616580000,1629.69000000,1630.06000000,1629.68000000,1629.72000000,29.91650000,1693616639999,48763.42953300,114,21.27110000,34671.81668800,0
1693616640000,1629.73000000,1630.05000000,1629.34000000,1630.04000000,300.33900000,1693616699999,489453.82595400,217,268.30220000,437245.53739500,0
1693616700000,1630.04000000,1630.96000000,1630.04000000,1630.95000000,46.10200000,1693616759999,75169.63768000,124,31.98750000,52151.29664900,0
1693616760000,1630.95000000,1630.97000000,1630.54000000,1630.55000000,26.03820000,1693616819999,42464.80921400,118,8.06360000,13150.21958400,0
1693616820000,1630.54000000,1630.55000000,1630.54000000,1630.54000000,5.83720000,1693616879999,9517.81482500,69,2.67370000,4359.60153500,0
1693616880000,1630.54000000,1630.71000000,1630.29000000,1630.30000000,260.22520000,1693616939999,424322.03259000,163,40.88900000,66671.30899800,0
1693616940000,1630.30000000,1630.80000000,1630.29000000,1630.48000000,97.71890000,1693616999999,159329.58622900,137,47.20650000,76963.70592700,0
1693617000000,1630.48000000,1630.49000000,1630.11000000,1630.11000000,12.18930000,1693617059999,19871.24750100,98,3.16400000,5158.21282600,0
1693617060000,1630.11000000,1630.14000000,1630.11000000,1630.13000000,29.02130000,1693617119999,47308.31213800,61,20.93110000,34120.32883400,0
1693617120000,1630.13000000,1630.97000000,1630.13000000,1630.97000000,49.49600000,1693617179999,80703.02170500,125,45.33000000,73909.56578700,0
1693617180000,1630.96000000,1630.97000000,1630.96000000,1630.97000000,16.28410000,1693617239999,26558.78136600,85,6.56300000,10704.05611000,0
1693617240000,1630.97000000,1631.19000000,1630.96000000,1631.19000000,29.73360000,1693617299999,48496.89495700,90,28.95570000,47228.05177900,0
1693617300000,1631.18000000,1631.45000000,1630.52000000,1631.44000000,68.74350000,1693617359999,112124.03229800,221,59.88780000,97679.07762600,0
1693617360000,1631.45000000,1632.09000000,1631.44000000,1631.66000000,239.79430000,1693617419999,391286.05780200,245,190.82220000,311368.17452300,0
1693617420000,1631.65000000,1632.13000000,1631.53000000,1632.12000000,36.44450000,1693617479999,59464.58812000,119,34.68670000,56596.07631000,0
1693617480000,1632.11000000,1632.12000000,1631.06000000,1631.06000000,28.55160000,1693617539999,46589.29504200,114,2.99580000,4887.39518300,0
1693617540000,1631.06000000,1631.07000000,1630.93000000,1630.94000000,5.58310000,1693617599999,9105.87497100,49,3.89230000,6348.20575600,0
1693617600000,1630.93000000,1631.34000000,1630.93000000,1631.33000000,7.52310000,1693617659999,12271.07220500,80,5.60330000,9139.63767900,0
1693617660000,1631.34000000,1631.43000000,1630.44000000,1630.45000000,106.83320000,1693617719999,174274.70120900,168,12.35600000,20155.39650200,0
1693617720000,1630.44000000,1630.45000000,1630.44000000,1630.45000000,32.63770000,1693617779999,53214.12498000,83,31.33920000,51096.99864000,0
1693617780000,1630.44000000,1630.45000000,1629.99000000,1630.00000000,94.20290000,1693617839999,153558.44007300,242,12.21180000,19907.14044400,0
1693617840000,1630.00000000,1630.45000000,1629.99000000,1630.44000000,22.77960000,1693617899999,37132.20667800,86,20.48160000,33386.38440300,0
1693617900000,1630.44000000,1630.45000000,1630.08000000,1630.09000000,34.97310000,1693617959999,57016.73243900,119,11.46000000,18681.70863600,0
1693617960000,1630.08000000,1630.09000000,1630.08000000,1630.08000000,35.75090000,1693618019999,58276.94100700,83,11.39350000,18572.43041500,0
1693618020000,1630.09000000,1630.12000000,1630.00000000,1630.11000000,85.42460000,1693618079999,139249.40114800,132,24.84350000,40497.68524700,0
1693618080000,1630.11000000,1630.12000000,1629.12000000,1629.26000000,264.83900000,1693618139999,431570.61313100,230,15.50800000,25267.07200600,0
1693618140000,1629.26000000,1629.88000000,1629.25000000,1629.88000000,30.20400000,1693618199999,49223.02117800,100,27.36750000,44600.67862800,0
1693618200000,1629.88000000,1630.06000000,1629.07000000,1629.07000000,62.43710000,1693618259999,101750.49151500,142,24.19790000,39426.02347800,0
1693618260000,1629.08000000,1629.13000000,1629.07000000,1629.13000000,12.51430000,1693618319999,20387.09736600,96,10.46010000,17040.62488700,0
1693618320000,1629.13000000,1629.90000000,1629.12000000,1629.33000000,424.16990000,1693618379999,691243.36441400,253,314.29910000,512180.15670100,0
1693618380000,1629.34000000,1629.34000000,1629.32000000,1629.33000000,26.24720000,1693618439999,42765.45919800,85,16.50030000,26884.54638100,0
1693618440000,1629.33000000,1629.57000000,1629.32000000,1629.57000000,65.81140000,1693618499999,107228.63633000,83,63.89010000,104098.19383800,0
1693618500000,1629.57000000,1630.06000000,1629.56000000,1630.06000000,7.23330000,1693618559999,11789.53830700,91,5.30810000,8651.76452700,0
1693618560000,1630.05000000,1630.22000000,1630.05000000,1630.22000000,13.01850000,1693618619999,21222.02943000,92,6.00730000,9792.53431400,0
1693618620000,1630.22000000,1630.22000000,1630.21000000,1630.22000000,9.81420000,1693618679999,15999.25305400,84,4.60720000,7510.74958400,0
1693618680000,1630.22000000,1630.48000000,1630.21000000,1630.47000000,37.37590000,1693618739999,60932.04172000,87,32.00060000,52169.04648100,0
1693618740000,1630.47000000,1631.14000000,1630.47000000,1631.13000000,342.38290000,1693618799999,558423.91870600,178,306.10910000,499260.52067300,0
1693618800000,1631.14000000,1631.44000000,1630.91000000,1631.43000000,117.60080000,1693618859999,191813.30713700,176,63.66690000,103842.35886700,0
1693618860000,1631.43000000,1631.57000000,1631.43000000,1631.56000000,142.24120000,1693618919999,232062.87811400,122,119.59880000,195120.73542400,0
1693618920000,1631.56000000,1631.57000000,1630.85000000,1630.86000000,28.48390000,1693618979999,46470.94733300,120,5.79840000,9459.78917300,0
1693618980000,1630.85000000,1630.86000000,1630.43000000,1630.43000000,15.49870000,1693619039999,25272.34087300,87,13.14860000,21440.42808000,0
1693619040000,1630.43000000,1630.44000000,1630.08000000,1630.08000000,23.28550000,1693619099999,37963.33680200,109,9.25960000,15096.70328400,0
1693619100000,1630.09000000,1630.37000000,1630.05000000,1630.37000000,43.24820000,1693619159999,70498.85993200,113,28.90890000,47123.79756800,0
1693619160000,1630.36000000,1630.50000000,1628.51000000,1629.03000000,292.87530000,1693619219999,477262.79968600,312,62.87740000,102430.11280600,0
1693619220000,1629.02000000,1629.34000000,1628.71000000,1629.34000000,69.30080000,1693619279999,112895.34940300,148,57.24790000,93260.95000900,0
1693619280000,1629.34000000,1629.34000000,1629.07000000,1629.08000000,68.47970000,1693619339999,111574.27084900,117,26.41590000,43040.15669800,0
1693619340000,1629.07000000,1629.52000000,1628.90000000,1628.91000000,43.01760000,1693619399999,70084.41864500,125,20.53020000,33447.20550300,0
1693619400000,1628.90000000,1629.79000000,1628.90000000,1629.78000000,31.10590000,1693619459999,50679.79967500,111,24.73980000,40306.55504800,0
1693619460000,1629.79000000,1630.02000000,1629.78000000,1630.01000000,17.06320000,1693619519999,27811.75861300,94,14.22420000,23184.27216000,0
1693619520000,1630.01000000,1630.02000000,1629.61000000,1629.84000000,85.96970000,1693619579999,140121.69974300,127,24.61530000,40116.05804500,0
1693619580000,1629.85000000,1629.98000000,1629.84000000,1629.98000000,8.91390000,1693619639999,14528.89539800,80,6.41090000,10449.27491600,0
1693619640000,1629.97000000,1629.98000000,1629.38000000,1629.38000000,39.81060000,1693619699999,64885.03792200,127,8.50300000,13859.15090500,0
1693619700000,1629.38000000,1629.39000000,1629.08000000,1629.08000000,35.43730000,1693619759999,57736.74916800,82,23.15150000,37719.76362300,0
1693619760000,1629.09000000,1629.25000000,1629.01000000,1629.24000000,20.26570000,1693619819999,33015.93532500,74,13.14120000,21409.63973800,0
1693619820000,1629.24000000,1629.53000000,1629.16000000,1629.17000000,43.74710000,1693619879999,71280.41283100,145,18.79660000,30625.61433100,0
1693619880000,1629.16000000,1629.46000000,1629.16000000,1629.46000000,56.86350000,1693619939999,92640.28235500,113,27.87440000,45412.28371600,0
1693619940000,1629.46000000,1629.46000000,1629.45000000,1629.45000000,16.18640000,1693619999999,26375.06220300,71,13.27230000,21626.68195800,0
1693620000000,1629.45000000,1629.88000000,1629.25000000,1629.55000000,96.46890000,1693620059999,157203.26325100,140,42.59730000,69404.79628300,0
1693620060000,1629.55000000,1629.88000000,1629.47000000,1629.87000000,73.61930000,1693620119999,119963.81260100,139,68.41970000,111490.87012900,0
1693620120000,1629.88000000,1629.88000000,1629.87000000,1629.87000000,9.04660000,1693620179999,14744.80762800,56,2.56860000,4186.50976800,0
1693620180000,1629.88000000,1630.41000000,1629.87000000,1630.40000000,147.39810000,1693620239999,240300.67796800,153,139.65310000,227675.23865400,0
1693620240000,1630.41000000,1630.41000000,1630.40000000,1630.40000000,19.93300000,1693620299999,32498.89101100,81,12.78110000,20838.43325100,0
1693620300000,1630.41000000,1630.78000000,1630.40000000,1630.78000000,177.80030000,1693620359999,289898.03071900,130,176.58180000,287911.23853500,0
1693620360000,1630.78000000,1630.78000000,1630.50000000,1630.53000000,58.56890000,1693620419999,95506.89148400,103,3.67300000,5989.21010800,0
1693620420000,1630.54000000,1630.54000000,1629.88000000,1629.89000000,118.79920000,1693620479999,193692.14189900,119,4.51910000,7368.05717600,0
1693620480000,1629.89000000,1630.04000000,1629.58000000,1630.04000000,53.81920000,1693620539999,87708.20406600,117,41.24390000,67212.44645800,0
1693620540000,1630.03000000,1630.04000000,1630.03000000,1630.04000000,3.16030000,1693620599999,5151.40543700,65,2.16280000,3525.45051200,0
1693620600000,1630.03000000,1630.68000000,1630.03000000,1630.68000000,69.04880000,1693620659999,112577.16489200,125,64.98490000,105952.41694900,0
1693620660000,1630.67000000,1630.72000000,1630.15000000,1630.53000000,219.56620000,1693620719999,357957.22261600,188,177.04720000,288628.39557300,0
1693620720000,1630.53000000,1630.66000000,1630.53000000,1630.65000000,15.93140000,1693620779999,25977.00335700,91,4.26350000,6951.90937800,0
1693620780000,1630.65000000,1630.89000000,1630.62000000,1630.88000000,187.79200000,1693620839999,306224.28575600,176,175.65350000,286429.10563800,0
1693620840000,1630.89000000,1630.98000000,1630.67000000,1630.67000000,36.93800000,1693620899999,60243.85031400,116,3.33610000,5440.91551000,0
1693620900000,1630.67000000,1631.14000000,1630.33000000,1631.13000000,68.58990000,1693620959999,111842.40226900,170,33.94430000,55349.35159800,0
1693620960000,1631.14000000,1631.24000000,1631.01000000,1631.23000000,28.02300000,1693621019999,45710.02553100,100,18.12140000,29558.80454800,0
1693621020000,1631.23000000,1631.38000000,1631.11000000,1631.12000000,22.38160000,1693621079999,36510.95233000,104,9.87910000,16115.06376000,0
1693621080000,1631.12000000,1631.40000000,1631.11000000,1631.39000000,53.21440000,1693621139999,86808.45884400,112,50.39950000,82216.87737700,0
1693621140000,1631.40000000,1631.40000000,1631.39000000,1631.39000000,47.93420000,1693621199999,78199.73212400,105,10.92210000,17818.31394000,0
1693621200000,1631.39000000,1631.40000000,1630.63000000,1630.63000000,216.26370000,1693621259999,352770.51803600,174,17.20480000,28055.14424000,0
1693621260000,1630.63000000,1630.69000000,1630.54000000,1630.68000000,45.12670000,1693621319999,73581.45317500,115,41.26790000,67289.45213900,0
1693621320000,1630.69000000,1630.69000000,1630.68000000,1630.69000000,40.63190000,1693621379999,66257.64809200,117,2.14000000,3489.67660000,0
1693621380000,1630.68000000,1630.69000000,1630.68000000,1630.69000000,8.86190000,1693621439999,14450.98656600,103,6.34740000,10350.64170600,0
1693621440000,1630.68000000,1631.00000000,1630.41000000,1630.99000000,135.71320000,1693621499999,221287.31848400,170,111.49280000,181791.56258800,0
1693621500000,1631.00000000,1631.61000000,1630.99000000,1631.60000000,71.80220000,1693621559999,117119.16124900,140,69.17860000,112839.15046900,0
1693621560000,1631.61000000,1631.95000000,1631.33000000,1631.95000000,51.39130000,1693621619999,83844.55542000,130,28.28250000,46141.15769700,0
1693621620000,1631.95000000,1632.26000000,1631.83000000,1632.25000000,12.08620000,1693621679999,19724.07915600,90,8.20430000,13388.93735200,0
1693621680000,1632.26000000,1632.81000000,1632.25000000,1632.39000000,389.68550000,1693621739999,636218.98503000,271,181.85820000,296896.08683700,0
1693621740000,1632.39000000,1632.85000000,1632.39000000,1632.84000000,250.07590000,1693621799999,408247.12640300,166,242.39670000,395710.24155100,0
1693621800000,1632.84000000,1632.99000000,1632.80000000,1632.80000000,47.85520000,1693621859999,78140.91206600,114,23.40390000,38216.09820500,0
1693621860000,1632.81000000,1632.81000000,1632.18000000,1632.18000000,290.87170000,1693621919999,474920.35005500,176,8.98880000,14672.09574700,0
1693621920000,1632.19000000,1632.19000000,1631.79000000,1631.79000000,18.78980000,1693621979999,30663.96264800,91,6.81800000,11126.02136000,0
1693621980000,1631.80000000,1631.80000000,1630.36000000,1630.73000000,790.60330000,1693622039999,1289437.57552200,391,82.57550000,134669.01707100,0
1693622040000,1630.73000000,1630.74000000,1629.85000000,1630.33000000,529.22600000,1693622099999,862831.98669000,304,47.76190000,77869.04296300,0
1693622100000,1630.34000000,1630.34000000,1629.30000000,1629.30000000,413.12890000,1693622159999,673314.87763300,291,18.17520000,29621.86206600,0
1693622160000,1629.30000000,1629.47000000,1628.83000000,1628.91000000,567.26690000,1693622219999,924141.06216600,259,19.54020000,31834.93755200,0
1693622220000,1628.92000000,1629.64000000,1628.80000000,1629.64000000,120.38590000,1693622279999,196128.17693200,187,88.81640000,144700.90967300,0
1693622280000,1629.63000000,1629.64000000,1629.18000000,1629.18000000,65.82720000,1693622339999,107268.49823500,124,14.60060000,23791.20457400,0
1693622340000,1629.18000000,1629.28000000,1629.18000000,1629.27000000,29.05220000,1693622399999,47332.56274700,93,15.56320000,25355.52469500,0
1693622400000,1629.28000000,1629.57000000,1629.21000000,1629.56000000,69.56830000,1693622459999,113344.91773200,134,65.71590000,107068.17086100,0
1693622460000,1629.57000000,1629.61000000,1629.56000000,1629.61000000,9.69370000,1693622519999,15796.82101900,86,3.35710000,5470.70723500,0
1693622520000,1629.60000000,1629.61000000,1629.33000000,1629.40000000,30.04430000,1693622579999,48955.19215400,108,5.45290000,8885.32221500,0
1693622580000,1629.40000000,1629.49000000,1629.40000000,1629.49000000,9.62460000,1693622639999,15682.46241200,55,8.70600000,14185.66646000,0
1693622640000,1629.48000000,1629.97000000,1629.48000000,1629.96000000,109.66140000,1693622699999,178710.57360900,165,107.59300000,175339.39231300,0
1693622700000,1629.97000000,1630.30000000,1629.96000000,1630.29000000,32.50920000,1693622759999,52992.23398500,115,29.10810000,47448.17294400,0
1693622760000,1630.30000000,1630.79000000,1630.29000000,1630.79000000,77.03930000,1693622819999,125604.66854700,174,72.35490000,117967.48804900,0
1693622820000,1630.78000000,1630.98000000,1630.78000000,1630.98000000,57.40100000,1693622879999,93617.04668200,119,48.59610000,79256.86959500,0
1693622880000,1630.97000000,1630.98000000,1630.08000000,1630.40000000,379.67180000,1693622939999,619013.80149800,266,328.35370000,535329.96452700,0
1693622940000,1630.41000000,1630.63000000,1629.82000000,1629.82000000,47.19570000,1693622999999,76949.86952400,126,17.96960000,29300.69987700,0
1693623000000,1629.82000000,1630.10000000,1629.74000000,1629.74000000,22.75530000,1693623059999,37088.58843100,98,14.52080000,23666.36443000,0
1693623060000,1629.74000000,1629.75000000,1629.32000000,1629.32000000,53.72960000,1693623119999,87555.47953600,121,11.10500000,18093.80300400,0
1693623120000,1629.33000000,1629.49000000,1629.20000000,1629.49000000,43.76520000,1693623179999,71303.47828900,116,40.53710000,66044.05175100,0
1693623180000,1629.49000000,1629.73000000,1629.29000000,1629.29000000,97.36620000,1693623239999,158657.52650600,164,39.65240000,64612.10681900,0
1693623240000,1629.29000000,1629.30000000,1629.13000000,1629.24000000,57.04700000,1693623299999,92940.20565800,140,41.37700000,67410.22595500,0
1693623300000,1629.24000000,1629.25000000,1628.68000000,1629.13000000,31.76090000,1693623359999,51737.46896300,100,19.04700000,31025.72975300,0
1693623360000,1629.12000000,1629.32000000,1629.12000000,1629.32000000,17.80670000,1693623419999,29010.36502800,87,13.23280000,21558.69211500,0
1693623420000,1629.32000000,1629.54000000,1629.31000000,1629.54000000,12.44340000,1693623479999,20275.34589900,79,8.34140000,13591.48585800,0
1693623480000,1629.54000000,1629.54000000,1629.43000000,1629.43000000,30.63000000,1693623539999,49910.80624400,75,10.96540000,17867.48941600,0
1693623540000,1629.44000000,1629.44000000,1629.43000000,1629.44000000,46.16450000,1693623599999,75221.91556300,57,9.43280000,15370.18163200,0
1693623600000,1629.43000000,1630.48000000,1629.43000000,1630.48000000,38.38040000,1693623659999,62549.93486900,140,34.01250000,55428.89132800,0
1693623660000,1630.47000000,1630.48000000,1630.47000000,1630.48000000,4.48040000,1693623719999,7305.16840100,60,1.06130000,1730.42842400,0
1693623720000,1630.47000000,1630.58000000,1630.47000000,1630.58000000,11.23040000,1693623779999,18311.59182200,76,8.88990000,14495.37248700,0
1693623780000,1630.57000000,1630.74000000,1630.57000000,1630.73000000,18.50930000,1693623839999,30181.65136700,72,15.62830000,25483.93921800,0
1693623840000,1630.74000000,1631.01000000,1630.73000000,1631.01000000,62.61000000,1693623899999,102115.00728600,103,61.59920000,100466.50735600,0
1693623900000,1631.01000000,1631.71000000,1631.00000000,1631.71000000,146.45150000,1693623959999,238927.46389100,134,132.63160000,216379.46511900,0
1693623960000,1631.70000000,1631.71000000,1630.14000000,1630.15000000,129.50180000,1693624019999,211241.69923700,176,11.52330000,18785.87521400,0
1693624020000,1630.14000000,1630.35000000,1630.14000000,1630.34000000,12.19770000,1693624079999,19885.96615300,82,5.36400000,8744.78285500,0
1693624080000,1630.35000000,1630.69000000,1630.34000000,1630.59000000,48.46950000,1693624139999,79031.95114200,118,26.13620000,42614.83816500,0
1693624140000,1630.60000000,1630.94000000,1630.59000000,1630.94000000,28.55210000,1693624199999,46559.58814900,101,19.93820000,32512.90869600,0
1693624200000,1630.93000000,1631.60000000,1630.93000000,1631.40000000,65.81350000,1693624259999,107370.61746300,139,24.19020000,39461.42501500,0
1693624260000,1631.40000000,1631.40000000,1631.09000000,1631.09000000,21.95960000,1693624319999,35823.81574900,105,3.63800000,5934.77535000,0
1693624320000,1631.09000000,1631.37000000,1631.09000000,1631.10000000,115.30830000,1693624379999,188088.55623600,168,83.52970000,136247.23213000,0
1693624380000,1631.10000000,1631.33000000,1631.10000000,1631.32000000,8.04310000,1693624439999,13119.72139300,59,6.21290000,10134.32528300,0
1693624440000,1631.32000000,1631.57000000,1631.32000000,1631.57000000,22.20170000,1693624499999,36222.48355900,92,10.29350000,16793.63266300,0
1693624500000,1631.57000000,1632.16000000,1631.56000000,1631.73000000,327.48870000,1693624559999,534447.72826100,227,297.83280000,486051.99197600,0
1693624560000,1631.73000000,1631.73000000,1631.72000000,1631.72000000,5.68250000,1693624619999,9272.27498200,50,2.60820000,4255.87818600,0
1693624620000,1631.72000000,1632.01000000,1631.72000000,1632.00000000,105.48960000,1693624679999,172138.07698700,135,87.07730000,142089.32566300,0
1693624680000,1632.01000000,1632.01000000,1631.62000000,1631.62000000,114.08680000,1693624739999,186156.64114700,114,75.44690000,123101.93727100,0
1693624740000,1631.63000000,1631.63000000,1630.86000000,1630.96000000,67.20390000,1693624799999,109608.62398400,130,46.72880000,76211.23780900,0
1693624800000,1630.97000000,1631.21000000,1630.87000000,1630.87000000,27.98490000,1693624859999,45646.24643400,103,5.83760000,9521.55166100,0
1693624860000,1630.87000000,1630.88000000,1630.87000000,1630.88000000,8.21670000,1693624919999,13400.42775700,76,5.82280000,9496.28806400,0
1693624920000,1630.87000000,1630.88000000,1630.59000000,1630.60000000,70.60110000,1693624979999,115130.84710600,134,19.52280000,31834.48263200,0
1693624980000,1630.59000000,1630.69000000,1630.59000000,1630.68000000,12.65310000,1693625039999,20632.39249100,70,11.52510000,18793.04940500,0
1693625040000,1630.68000000,1630.83000000,1630.52000000,1630.53000000,100.35820000,1693625099999,163664.68400300,126,21.35160000,34819.60550500,0
1693625100000,1630.52000000,1630.60000000,1630.52000000,1630.60000000,5.33080000,1693625159999,8692.18585700,70,2.86040000,4664.03897100,0
1693625160000,1630.59000000,1630.63000000,1630.59000000,1630.63000000,8.94780000,1693625219999,14590.35750800,67,5.10590000,8325.70042400,0
1693625220000,1630.63000000,1630.63000000,1630.62000000,1630.63000000,5.64510000,1693625279999,9205.05115900,56,3.81970000,6228.51741100,0
1693625280000,1630.62000000,1630.63000000,1630.62000000,1630.62000000,6.98300000,1693625339999,11386.65902800,94,3.95680000,6452.07678400,0
1693625340000,1630.63000000,1630.90000000,1630.62000000,1630.90000000,22.21210000,1693625399999,36221.71126700,85,19.62150000,31997.27954300,0
1693625400000,1630.90000000,1630.90000000,1630.63000000,1630.64000000,46.42000000,1693625459999,75703.09767800,101,14.57990000,23778.10905000,0
1693625460000,1630.64000000,1630.64000000,1630.63000000,1630.63000000,16.82810000,1693625519999,27440.42449300,76,1.97900000,3227.03656000,0
1693625520000,1630.63000000,1630.64000000,1630.63000000,1630.64000000,9.51480000,1693625579999,15515.17981200,68,6.14880000,10026.47923200,0
1693625580000,1630.64000000,1630.64000000,1630.63000000,1630.63000000,11.41040000,1693625639999,18606.23837100,64,9.78190000,15950.75741600,0
1693625640000,1630.64000000,1630.87000000,1630.63000000,1630.86000000,59.26650000,1693625699999,96648.52867000,96,53.73220000,87623.12489800,0
1693625700000,1630.86000000,1631.00000000,1630.86000000,1630.96000000,34.82590000,1693625759999,56797.49191500,110,28.15740000,45921.53101700,0
1693625760000,1630.96000000,1630.97000000,1630.80000000,1630.81000000,51.81320000,1693625819999,84500.69010000,114,18.13510000,29575.46388700,0
1693625820000,1630.80000000,1630.84000000,1630.80000000,1630.83000000,38.89130000,1693625879999,63424.95869200,99,27.20100000,44360.18330600,0
1693625880000,1630.84000000,1630.94000000,1630.83000000,1630.93000000,64.76230000,1693625939999,105621.37391900,100,30.10300000,49094.80643300,0
1693625940000,1630.93000000,1632.25000000,1630.93000000,1632.25000000,122.70840000,1693625999999,200155.30274800,150,121.38270000,197992.00176700,0
1693626000000,1632.25000000,1632.67000000,1632.24000000,1632.31000000,121.36380000,1693626059999,198129.73924000,201,45.65430000,74528.38089100,0
1693626060000,1632.31000000,1632.69000000,1632.31000000,1632.68000000,37.23510000,1693626119999,60783.29732900,109,36.34820000,59335.39563600,0
1693626120000,1632.69000000,1632.69000000,1632.68000000,1632.68000000,20.44230000,1693626179999,33375.91155000,93,17.71860000,28928.98103400,0
1693626180000,1632.69000000,1632.69000000,1631.90000000,1631.91000000,93.91540000,1693626239999,153325.32447000,180,24.78720000,40468.21012200,0
1693626240000,1631.90000000,1632.22000000,1631.81000000,1632.22000000,54.14720000,1693626299999,88364.42790300,119,49.27450000,80412.13711200,0
1693626300000,1632.21000000,1632.53000000,1632.21000000,1632.53000000,97.88610000,1693626359999,159784.42195800,156,83.11040000,135665.64420600,0
1693626360000,1632.52000000,1632.68000000,1632.40000000,1632.41000000,64.04830000,1693626419999,104560.40671000,135,58.27020000,95127.30010600,0
1693626420000,1632.40000000,1632.41000000,1632.40000000,1632.40000000,51.42900000,1693626479999,83952.89726600,96,19.76660000,32267.19550600,0
1693626480000,1632.40000000,1632.76000000,1632.40000000,1632.76000000,48.55170000,1693626539999,79262.41243400,174,29.32640000,47877.79156900,0
1693626540000,1632.75000000,1632.94000000,1632.75000000,1632.93000000,34.49080000,1693626599999,56318.25435500,146,29.56900000,48281.65487800,0
1693626600000,1632.94000000,1632.94000000,1632.78000000,1632.78000000,58.92870000,1693626659999,96223.18127800,132,23.92820000,39070.86006800,0
1693626660000,1632.78000000,1632.89000000,1632.78000000,1632.89000000,24.22150000,1693626719999,39550.53668500,81,15.63810000,25534.91512300,0
1693626720000,1632.88000000,1632.89000000,1632.65000000,1632.65000000,40.09390000,1693626779999,65464.56509700,99,15.12030000,24686.95808100,0
1693626780000,1632.65000000,1632.90000000,1632.65000000,1632.90000000,48.85520000,1693626839999,79766.82515100,85,43.97250000,71794.17964700,0
1693626840000,1632.90000000,1632.90000000,1632.89000000,1632.89000000,26.98290000,1693626899999,44060.37113300,59,26.35520000,43035.40608000,0
1693626900000,1632.90000000,1632.90000000,1632.35000000,1632.55000000,101.46770000,1693626959999,165645.61188100,156,74.18980000,121107.96686400,0
1693626960000,1632.56000000,1632.61000000,1632.55000000,1632.60000000,25.87940000,1693627019999,42249.73121900,75,24.73110000,40375.05331900,0
1693627020000,1632.61000000,1632.61000000,1632.52000000,1632.60000000,40.83430000,1693627079999,66664.19569900,115,20.83850000,34019.99755100,0
1693627080000,1632.61000000,1633.18000000,1632.60000000,1633.18000000,92.93580000,1693627139999,151747.51670200,140,83.73410000,136721.37364400,0
1693627140000,1633.17000000,1633.18000000,1632.45000000,1632.46000000,58.62020000,1693627199999,95718.82374700,108,8.84370000,14439.31865000,0
1693627200000,1632.45000000,1632.71000000,1632.45000000,1632.71000000,32.63610000,1693627259999,53280.18385100,101,23.29470000,38029.83012000,0
1693627260000,1632.71000000,1632.71000000,1632.37000000,1632.38000000,52.31910000,1693627319999,85419.89478500,90,2.07290000,3383.99505000,0
1693627320000,1632.38000000,1632.38000000,1632.00000000,1632.01000000,52.97150000,1693627379999,86467.60310700,105,1.76500000,2880.79564200,0
1693627380000,1632.00000000,1632.01000000,1631.72000000,1631.73000000,23.17980000,1693627439999,37827.84663800,82,11.42090000,18638.27437800,0
1693627440000,1631.73000000,1631.73000000,1631.44000000,1631.45000000,22.59400000,1693627499999,36863.91528600,100,9.09430000,14837.56608300,0
1693627500000,1631.45000000,1631.69000000,1631.41000000,1631.68000000,40.55230000,1693627559999,66163.01756700,78,27.78380000,45329.18000500,0
1693627560000,1631.69000000,1631.69000000,1631.68000000,1631.69000000,12.57540000,1693627619999,20519.08214900,89,5.34770000,8725.78861300,0
1693627620000,1631.68000000,1631.71000000,1631.68000000,1631.70000000,13.43680000,1693627679999,21924.69033200,84,9.89100000,16139.07129600,0
1693627680000,1631.71000000,1631.71000000,1631.22000000,1631.25000000,86.89530000,1693627739999,141766.21713000,141,8.26150000,13479.31062300,0
1693627740000,1631.25000000,1631.78000000,1631.24000000,1631.37000000,81.67730000,1693627799999,133258.22123900,128,33.23650000,54223.57807300,0
1693627800000,1631.37000000,1631.99000000,1630.70000000,1631.99000000,196.13190000,1693627859999,319902.55536300,270,48.83510000,79651.11010800,0
1693627860000,1631.99000000,1632.14000000,1631.98000000,1632.13000000,25.45130000,1693627919999,41536.60783500,99,20.11520000,32828.14389700,0
1693627920000,1632.14000000,1632.14000000,1632.01000000,1632.02000000,18.89920000,1693627979999,30845.69645600,77,2.01850000,3294.39567800,0
1693627980000,1632.01000000,1632.08000000,1631.68000000,1632.07000000,54.62050000,1693628039999,89131.05897900,143,39.17830000,63930.44747500,0
1693628040000,1632.07000000,1632.38000000,1631.93000000,1632.38000000,47.54740000,1693628099999,77597.50774200,105,40.62790000,66304.92414900,0
1693628100000,1632.37000000,1632.38000000,1631.99000000,1631.99000000,83.35980000,1693628159999,136063.36870100,130,20.10910000,32820.95911200,0
1693628160000,1632.00000000,1632.49000000,1631.99000000,1632.48000000,44.18660000,1693628219999,72121.73878400,104,40.86220000,66696.03270500,0
1693628220000,1632.48000000,1632.49000000,1632.03000000,1632.31000000,48.60100000,1693628279999,79336.13463900,103,22.27880000,36366.05874300,0
1693628280000,1632.31000000,1632.31000000,1631.79000000,1632.12000000,84.11560000,1693628339999,137279.83922300,158,44.62360000,72823.51884500,0
1693628340000,1632.13000000,1632.20000000,1631.81000000,1632.20000000,78.49190000,1693628399999,128097.88361700,124,36.39370000,59389.69165100,0
1693628400000,1632.19000000,1632.20000000,1631.87000000,1631.89000000,80.36200000,1693628459999,131143.45257800,130,62.34630000,101741.84994200,0
1693628460000,1631.89000000,1632.40000000,1631.88000000,1632.27000000,63.91070000,1693628519999,104311.86070900,110,46.27670000,75527.61294600,0
1693628520000,1632.27000000,1632.28000000,1632.14000000,1632.15000000,10.66750000,1693628579999,17411.67617900,73,3.19940000,5222.18253700,0
1693628580000,1632.14000000,1632.15000000,1632.14000000,1632.15000000,30.36480000,1693628639999,49559.76713700,72,16.24650000,26516.72497500,0
1693628640000,1632.15000000,1632.49000000,1632.14000000,1632.48000000,31.86750000,1693628699999,52017.74226300,127,29.70900000,48494.60503600,0
1693628700000,1632.48000000,1632.49000000,1632.14000000,1632.27000000,74.23810000,1693628759999,121185.13492000,126,13.12030000,21418.04444600,0
1693628760000,1632.28000000,1632.59000000,1632.15000000,1632.16000000,76.77100000,1693628819999,125320.70899100,128,21.64730000,35337.43229200,0
1693628820000,1632.15000000,1632.66000000,1632.14000000,1632.45000000,263.58870000,1693628879999,430237.21698600,236,183.91950000,300202.17385300,0
1693628880000,1632.45000000,1632.65000000,1632.33000000,1632.33000000,106.50580000,1693628939999,173873.90613000,145,67.53410000,110252.02299400,0
1693628940000,1632.33000000,1632.34000000,1632.15000000,1632.32000000,75.78840000,1693628999999,123700.05196400,119,63.08850000,102971.00992500,0
1693629000000,1632.32000000,1632.47000000,1632.21000000,1632.37000000,39.31700000,1693629059999,64178.94862800,108,18.25820000,29802.26889500,0
1693629060000,1632.37000000,1632.61000000,1632.37000000,1632.51000000,29.73790000,1693629119999,48548.16084300,128,22.28170000,36375.63773400,0
1693629120000,1632.52000000,1632.52000000,1632.34000000,1632.41000000,20.40510000,1693629179999,33309.22487900,99,11.87900000,19391.09243200,0
1693629180000,1632.40000000,1632.41000000,1632.40000000,1632.40000000,10.54910000,1693629239999,17220.42137300,77,7.05330000,11513.87745300,0
1693629240000,1632.40000000,1632.41000000,1632.40000000,1632.40000000,12.93180000,1693629299999,21109.88187000,67,1.15500000,1885.43355000,0
1693629300000,1632.41000000,1632.41000000,1632.40000000,1632.40000000,8.02410000,1693629359999,13098.57551500,71,3.46750000,5660.38167500,0
1693629360000,1632.41000000,1632.76000000,1632.40000000,1632.75000000,55.29030000,1693629419999,90263.09024000,120,46.75250000,76325.43560000,0
1693629420000,1632.75000000,1632.98000000,1632.75000000,1632.97000000,27.96170000,1693629479999,45657.32093900,100,16.99400000,27748.00797600,0
1693629480000,1632.98000000,1632.98000000,1632.97000000,1632.98000000,17.85000000,1693629539999,29148.56429700,85,4.97970000,8131.75050600,0
1693629540000,1632.98000000,1632.98000000,1632.81000000,1632.81000000,44.67250000,1693629599999,72946.58075500,110,7.07780000,11556.80235600,0
1693629600000,1632.82000000,1632.82000000,1632.62000000,1632.62000000,13.39330000,1693629659999,21866.99878600,82,3.09840000,5058.64419900,0
1693629660000,1632.63000000,1632.63000000,1632.62000000,1632.63000000,15.63240000,1693629719999,25521.85341100,81,8.45230000,13799.47854900,0
1693629720000,1632.63000000,1632.63000000,1632.48000000,1632.48000000,22.27660000,1693629779999,36368.10192900,102,3.54980000,5795.14589000,0
1693629780000,1632.49000000,1632.72000000,1632.48000000,1632.71000000,28.79290000,1693629839999,47007.02543700,84,19.20710000,31357.08995300,0
1693629840000,1632.72000000,1632.81000000,1632.71000000,1632.81000000,11.00520000,1693629899999,17968.57940700,87,7.41680000,12109.61364100,0
1693629900000,1632.81000000,1632.92000000,1632.80000000,1632.92000000,26.17210000,1693629959999,42736.09169300,83,16.15080000,26372.22492700,0
1693629960000,1632.91000000,1632.93000000,1632.91000000,1632.93000000,16.03100000,1693630019999,26177.33770100,63,7.66400000,12514.74816500,0
1693630020000,1632.92000000,1632.93000000,1632.16000000,1632.18000000,121.63820000,1693630079999,198605.03347100,192,13.25560000,21636.94508800,0
1693630080000,1632.17000000,1632.40000000,1632.17000000,1632.40000000,62.13630000,1693630139999,101419.91834500,124,51.24740000,83646.71440200,0
1693630140000,1632.39000000,1632.82000000,1632.39000000,1632.82000000,54.14550000,1693630199999,88405.26772600,115,31.67700000,51718.90653100,0
1693630200000,1632.82000000,1632.82000000,1632.34000000,1632.34000000,51.08950000,1693630259999,83413.54535100,105,1.57390000,2569.31997200,0
1693630260000,1632.34000000,1632.35000000,1632.26000000,1632.26000000,14.43410000,1693630319999,23561.10533300,68,1.94230000,3170.45446900,0
1693630320000,1632.26000000,1632.38000000,1632.14000000,1632.28000000,100.60930000,1693630379999,164213.37950200,141,20.66570000,33730.50267900,0
1693630380000,1632.28000000,1632.28000000,1632.27000000,1632.28000000,16.09760000,1693630439999,26275.73101300,61,10.14610000,16561.27610800,0
1693630440000,1632.27000000,1632.28000000,1632.27000000,1632.27000000,45.94340000,1693630499999,74992.15994200,96,12.64240000,20635.93667200,0
1693630500000,1632.27000000,1632.28000000,1631.08000000,1631.08000000,192.43780000,1693630559999,314028.33779600,186,11.11460000,18135.08999600,0
1693630560000,1631.09000000,1631.32000000,1631.08000000,1631.31000000,76.28140000,1693630619999,124433.30278900,111,23.37320000,38124.19521600,0
1693630620000,1631.31000000,1631.50000000,1631.31000000,1631.50000000,107.11030000,1693630679999,174739.59686600,118,6.73310000,10984.50381800,0
1693630680000,1631.50000000,1631.91000000,1631.49000000,1631.90000000,20.04360000,1693630739999,32705.36603000,96,17.84830000,29123.34853800,0
1693630740000,1631.90000000,1632.39000000,1631.90000000,1632.15000000,98.19340000,1693630799999,160271.45692000,142,43.67040000,71270.19920400,0
1693630800000,1632.16000000,1632.75000000,1632.15000000,1632.75000000,98.14950000,1693630859999,160224.19083800,172,87.90310000,143498.35385600,0
1693630860000,1632.75000000,1632.75000000,1632.37000000,1632.37000000,49.79060000,1693630919999,81288.99709400,103,30.57600000,49917.66097100,0
1693630920000,1632.38000000,1632.38000000,1631.43000000,1631.55000000,245.28300000,1693630979999,400283.90054800,249,56.96120000,92945.37623500,0
1693630980000,1631.55000000,1631.56000000,1631.32000000,1631.55000000,53.45180000,1693631039999,87199.10080000,108,48.35500000,78884.35585000,0
1693631040000,1631.54000000,1631.59000000,1631.54000000,1631.58000000,16.23630000,1693631099999,26490.39823100,74,14.29610000,23324.82359100,0
1693631100000,1631.58000000,1631.59000000,1631.35000000,1631.48000000,150.45890000,1693631159999,245472.93679900,206,118.45270000,193253.25509800,0
1693631160000,1631.49000000,1631.92000000,1631.48000000,1631.82000000,121.55240000,1693631219999,198328.65889000,167,98.79340000,161190.89110500,0
1693631220000,1631.82000000,1632.46000000,1631.82000000,1632.45000000,57.26790000,1693631279999,93474.52947700,126,49.84290000,81354.50937300,0
1693631280000,1632.46000000,1632.73000000,1632.45000000,1632.55000000,174.73570000,1693631339999,285259.36706400,158,153.67150000,250868.46958000,0
1693631340000,1632.56000000,1632.72000000,1632.55000000,1632.72000000,46.87080000,1693631399999,76519.69516500,92,39.40150000,64325.46015400,0
1693631400000,1632.72000000,1632.72000000,1632.71000000,1632.71000000,53.68450000,1693631459999,87651.68028400,93,46.02890000,75152.30560800,0
1693631460000,1632.71000000,1632.76000000,1632.22000000,1632.25000000,274.82990000,1693631519999,448681.60315700,237,159.46160000,260338.55240700,0
1693631520000,1632.25000000,1632.26000000,1632.20000000,1632.21000000,25.29160000,1693631579999,41281.80908900,89,1.60740000,2623.63933900,0
1693631580000,1632.21000000,1632.58000000,1632.20000000,1632.57000000,83.01080000,1693631639999,135499.89963700,151,51.27070000,83686.82625500,0
1693631640000,1632.57000000,1632.73000000,1632.57000000,1632.73000000,9.55580000,1693631699999,15601.50686100,73,6.50730000,10624.36779400,0
1693631700000,1632.72000000,1632.86000000,1632.72000000,1632.75000000,19.22820000,1693631759999,31395.14454400,81,12.64190000,20641.30785000,0
1693631760000,1632.75000000,1632.75000000,1632.55000000,1632.55000000,15.77090000,1693631819999,25748.60739700,104,6.36100000,10385.62908000,0
1693631820000,1632.56000000,1632.66000000,1632.55000000,1632.59000000,10.39160000,1693631879999,16965.07234200,76,7.62810000,12453.43326500,0
1693631880000,1632.59000000,1632.80000000,1632.59000000,1632.70000000,26.47790000,1693631939999,43230.52753400,95,16.57530000,27062.46759500,0
1693631940000,1632.70000000,1632.76000000,1632.46000000,1632.46000000,23.56330000,1693631999999,38470.08658800,88,9.13050000,14907.26230600,0
1693632000000,1632.47000000,1632.47000000,1632.46000000,1632.46000000,7.83520000,1693632059999,12790.69880100,70,4.82090000,7869.97462300,0
1693632060000,1632.46000000,1632.47000000,1632.46000000,1632.46000000,17.07320000,1693632119999,27871.33911700,61,2.30450000,3762.02711500,0
1693632120000,1632.46000000,1632.85000000,1632.46000000,1632.85000000,82.57000000,1693632179999,134799.32524300,134,75.95990000,124006.66948500,0
1693632180000,1632.84000000,1632.97000000,1632.84000000,1632.97000000,11.13240000,1693632239999,18178.47168400,105,6.44730000,10528.01917400,0
1693632240000,1632.97000000,1634.07000000,1632.96000000,1634.06000000,109.70900000,1693632299999,179238.64431800,200,104.58560000,170870.01066500,0
1693632300000,1634.06000000,1634.07000000,1633.01000000,1633.01000000,37.83140000,1693632359999,61810.95558300,96,1.09860000,1794.36705600,0
1693632360000,1633.01000000,1633.02000000,1632.54000000,1632.55000000,10.96730000,1693632419999,17908.86849700,92,2.26280000,3694.96743000,0
1693632420000,1632.54000000,1633.50000000,1632.50000000,1633.49000000,79.95540000,1693632479999,130543.79614300,147,76.36480000,124680.03524100,0
1693632480000,1633.50000000,1635.27000000,1633.28000000,1634.62000000,584.42490000,1693632539999,955121.64014800,531,390.73850000,638540.34988400,0
1693632540000,1634.62000000,1636.55000000,1634.02000000,1634.67000000,838.43410000,1693632599999,1371253.43476600,632,408.57090000,668084.79633000,0
1693632600000,1634.68000000,1636.56000000,1634.67000000,1636.09000000,448.69810000,1693632659999,734073.40509700,415,202.39890000,331090.44298100,0
1693632660000,1636.09000000,1636.10000000,1635.70000000,1635.71000000,23.65100000,1693632719999,38688.18539600,104,8.26340000,13516.74629700,0
1693632720000,1635.71000000,1635.71000000,1634.83000000,1634.91000000,65.38350000,1693632779999,106917.01776700,113,8.48860000,13878.97293800,0
1693632780000,1634.91000000,1635.00000000,1634.90000000,1635.00000000,33.46030000,1693632839999,54704.67720900,82,13.51540000,22096.64580000,0
1693632840000,1635.00000000,1635.14000000,1634.99000000,1635.13000000,22.59870000,1693632899999,36950.37324100,96,7.10260000,11612.98247000,0
1693632900000,1635.14000000,1635.14000000,1635.13000000,1635.13000000,7.48150000,1693632959999,12233.24971900,76,2.46240000,4026.36873600,0
1693632960000,1635.13000000,1635.14000000,1634.58000000,1634.59000000,70.73680000,1693633019999,115659.28330600,125,4.27160000,6983.22756200,0
1693633020000,1634.58000000,1634.59000000,1634.23000000,1634.24000000,25.42120000,1693633079999,41547.36688900,103,8.79000000,14367.34992500,0
1693633080000,1634.24000000,1634.24000000,1633.69000000,1633.87000000,58.58000000,1693633139999,95706.94601700,160,45.18990000,73827.47349100,0
1693633140000,1633.87000000,1633.88000000,1633.72000000,1633.86000000,18.94410000,1693633199999,30950.88989800,83,11.90360000,19448.40350800,0
1693633200000,1633.86000000,1633.87000000,1633.86000000,1633.86000000,27.73810000,1693633259999,45320.18310100,58,1.10350000,1802.97554500,0
1693633260000,1633.86000000,1633.87000000,1633.16000000,1633.16000000,33.31450000,1693633319999,54420.30570500,137,7.45730000,12180.46594200,0
1693633320000,1633.17000000,1633.61000000,1633.16000000,1633.61000000,165.97730000,1693633379999,271108.98157100,162,91.38630000,149260.44175700,0
1693633380000,1633.60000000,1633.61000000,1633.18000000,1633.19000000,33.78230000,1693633439999,55184.74220400,88,9.04790000,14779.86082000,0
1693633440000,1633.18000000,1633.19000000,1633.01000000,1633.01000000,57.20760000,1693633499999,93429.92551800,120,11.92670000,19478.35087700,0
1693633500000,1633.01000000,1633.46000000,1632.87000000,1633.46000000,115.97920000,1693633559999,189390.79275000,175,96.58460000,157716.27919100,0
1693633560000,1633.46000000,1633.46000000,1633.19000000,1633.19000000,22.79000000,1693633619999,37224.22667600,93,4.26010000,6958.52430000,0
1693633620000,1633.19000000,1633.20000000,1632.92000000,1633.01000000,44.44200000,1693633679999,72577.41670900,123,9.38630000,15327.94702500,0
1693633680000,1633.01000000,1633.01000000,1632.90000000,1632.91000000,12.39470000,1693633739999,20239.88136400,114,3.12360000,5100.65100400,0
1693633740000,1632.92000000,1633.38000000,1632.91000000,1633.37000000,36.28920000,1693633799999,59260.04464500,109,32.71540000,53423.93054300,0
1693633800000,1633.38000000,1633.38000000,1633.27000000,1633.28000000,31.74650000,1693633859999,51852.88779400,71,9.62930000,15727.66000400,0
1693633860000,1633.27000000,1633.28000000,1632.93000000,1633.20000000,65.66270000,1693633919999,107234.81781400,125,25.02690000,40871.72620000,0
1693633920000,1633.21000000,1633.21000000,1633.03000000,1633.03000000,9.71580000,1693633979999,15866.57280800,79,5.02790000,8210.81803500,0
1693633980000,1633.03000000,1633.23000000,1633.03000000,1633.23000000,18.94540000,1693634039999,30940.16958300,67,12.92870000,21113.62211900,0
1693634040000,1633.23000000,1633.23000000,1632.82000000,1633.11000000,106.30630000,1693634099999,173609.10348000,136,20.92030000,34160.74841900,0
1693634100000,1633.12000000,1634.60000000,1633.11000000,1633.75000000,184.98310000,1693634159999,302235.95946300,205,91.05780000,148741.84722900,0
1693634160000,1633.76000000,1633.83000000,1633.75000000,1633.82000000,103.26080000,1693634219999,168703.39498200,112,36.12600000,59021.61485300,0
1693634220000,1633.83000000,1633.83000000,1633.52000000,1633.55000000,15.29460000,1693634279999,24986.62159200,95,5.53690000,9045.34298800,0
1693634280000,1633.56000000,1633.69000000,1633.55000000,1633.58000000,29.88510000,1693634339999,48819.65846900,112,16.86620000,27552.37282700,0
1693634340000,1633.57000000,1633.58000000,1633.57000000,1633.57000000,5.96810000,1693634399999,9749.35813800,59,4.90210000,8007.97251800,0
1693634400000,1633.58000000,1634.50000000,1633.57000000,1634.21000000,106.37350000,1693634459999,173816.33634100,174,64.48410000,105352.59007800,0
1693634460000,1634.22000000,1634.49000000,1634.21000000,1634.49000000,42.14300000,1693634519999,68871.45843000,131,32.28900000,52767.84390200,0
1693634520000,1634.48000000,1634.50000000,1634.48000000,1634.50000000,23.67510000,1693634579999,38696.59083200,77,10.18750000,16651.37513600,0
1693634580000,1634.50000000,1634.59000000,1634.49000000,1634.59000000,14.19610000,1693634639999,23204.27021300,79,7.65100000,12505.82519500,0
1693634640000,1634.58000000,1634.90000000,1634.58000000,1634.90000000,31.99170000,1693634699999,52297.54957200,121,16.24910000,26562.62721500,0
1693634700000,1634.90000000,1634.90000000,1634.51000000,1634.52000000,104.06740000,1693634759999,170134.70539700,178,10.81700000,17684.54631200,0
1693634760000,1634.51000000,1634.52000000,1633.52000000,1633.53000000,46.79730000,1693634819999,76457.40516200,133,5.53620000,9044.20045700,0
1693634820000,1633.52000000,1633.86000000,1633.52000000,1633.85000000,55.78240000,1693634879999,91124.17046500,124,39.97400000,65300.58605700,0
1693634880000,1633.86000000,1633.86000000,1633.51000000,1633.52000000,24.15360000,1693634939999,39460.70145100,101,1.37380000,2244.29044600,0
1693634940000,1633.51000000,1633.52000000,1633.13000000,1633.18000000,52.02900000,1693634999999,84976.19563600,128,15.48200000,25284.72585500,0
1693635000000,1633.18000000,1633.62000000,1633.17000000,1633.61000000,13.70930000,1693635059999,22393.07195900,93,10.65510000,17404.11974900,0
1693635060000,1633.62000000,1633.85000000,1633.61000000,1633.85000000,36.34510000,1693635119999,59376.58490300,79,16.52380000,26996.13532800,0
1693635120000,1633.84000000,1633.85000000,1633.50000000,1633.50000000,36.65540000,1693635179999,59883.36225300,122,5.94240000,9707.74492200,0
1693635180000,1633.50000000,1633.51000000,1633.20000000,1633.20000000,53.48320000,1693635239999,87351.51183500,135,8.32160000,13591.02552700,0
1693635240000,1633.21000000,1633.21000000,1633.20000000,1633.21000000,10.42860000,1693635299999,17032.03381900,68,4.42990000,7234.95697900,0
1693635300000,1633.21000000,1633.21000000,1633.00000000,1633.00000000,44.30220000,1693635359999,72352.72227300,120,5.35160000,8740.20635600,0
1693635360000,1633.00000000,1633.01000000,1632.55000000,1632.56000000,23.94960000,1693635419999,39102.22701300,116,9.85660000,16093.24002300,0
1693635420000,1632.56000000,1632.56000000,1632.53000000,1632.53000000,27.91290000,1693635479999,45569.02739200,102,5.02470000,8203.10088800,0
1693635480000,1632.53000000,1632.55000000,1632.44000000,1632.45000000,11.51770000,1693635539999,18802.71511900,88,5.38990000,8799.03382600,0
1693635540000,1632.44000000,1632.45000000,1631.96000000,1631.96000000,84.51600000,1693635599999,137947.66370900,128,4.24240000,6924.35568300,0
1693635600000,1631.97000000,1631.97000000,1631.96000000,1631.96000000,33.04630000,1693635659999,53930.52528500,99,28.55370000,46598.78178900,0
1693635660000,1631.96000000,1631.97000000,1631.96000000,1631.97000000,10.17480000,1693635719999,16604.88498100,64,1.83730000,2998.41848100,0
1693635720000,1631.96000000,1631.97000000,1631.96000000,1631.96000000,13.34450000,1693635779999,21777.75898100,93,6.87610000,11221.58891700,0
1693635780000,1631.97000000,1632.13000000,1631.96000000,1632.12000000,37.97270000,1693635839999,61972.56480900,90,25.80460000,42112.83586900,0
1693635840000,1632.12000000,1632.13000000,1631.94000000,1631.94000000,30.77350000,1693635899999,50225.06342200,129,9.21140000,15033.94164800,0
1693635900000,1631.94000000,1631.95000000,1631.80000000,1631.90000000,18.76120000,1693635959999,30615.43718800,91,8.93100000,14573.82944400,0
1693635960000,1631.90000000,1631.91000000,1631.89000000,1631.90000000,8.12980000,1693636019999,13267.00740900,96,4.57440000,7464.96923200,0
1693636020000,1631.90000000,1631.90000000,1631.78000000,1631.79000000,36.18000000,1693636079999,59040.14175200,100,7.94810000,12969.84312400,0
1693636080000,1631.79000000,1631.79000000,1631.52000000,1631.52000000,106.30390000,1693636139999,173457.08267800,126,8.67690000,14158.37284700,0
1693636140000,1631.53000000,1631.53000000,1631.42000000,1631.43000000,60.40060000,1693636199999,98542.32098000,113,2.91270000,4751.95134500,0
1693636200000,1631.43000000,1632.08000000,1631.42000000,1632.08000000,157.00490000,1693636259999,256155.03543500,140,151.61120000,247353.37077100,0
1693636260000,1632.07000000,1632.58000000,1632.07000000,1632.30000000,236.73470000,1693636319999,386431.78205500,184,231.01390000,377093.89038000,0
1693636320000,1632.29000000,1632.30000000,1632.09000000,1632.10000000,37.02380000,1693636379999,60430.68652900,115,11.35670000,18535.73861800,0
1693636380000,1632.09000000,1632.10000000,1632.07000000,1632.07000000,52.11660000,1693636439999,85059.42319200,84,47.45580000,77452.59524800,0
1693636440000,1632.07000000,1632.08000000,1631.60000000,1631.61000000,99.58710000,1693636499999,162526.52195200,166,56.03340000,91450.75037900,0
1693636500000,1631.61000000,1631.61000000,1631.00000000,1631.01000000,144.36710000,1693636559999,235512.73685900,211,18.84190000,30736.39940500,0
1693636560000,1631.01000000,1631.41000000,1630.89000000,1631.41000000,39.59290000,1693636619999,64577.12923100,142,25.26090000,41201.47410900,0
1693636620000,1631.40000000,1631.78000000,1631.21000000,1631.77000000,44.94680000,1693636679999,73328.00448800,110,9.83920000,16051.72150600,0
1693636680000,1631.78000000,1632.09000000,1631.77000000,1632.09000000,39.81950000,1693636739999,64984.48243600,104,32.69510000,53357.16665400,0
1693636740000,1632.08000000,1632.13000000,1631.62000000,1631.70000000,117.26610000,1693636799999,191371.52646700,202,31.77070000,51843.02116400,0
1693636800000,1631.71000000,1632.11000000,1631.70000000,1632.11000000,57.70870000,1693636859999,94177.81107400,140,43.50030000,70991.28888500,0
1693636860000,1632.10000000,1632.13000000,1632.00000000,1632.12000000,15.28000000,1693636919999,24938.55716900,95,6.95540000,11351.99094200,0
1693636920000,1632.12000000,1632.13000000,1632.01000000,1632.02000000,13.72200000,1693636979999,22395.32948600,91,6.32130000,10316.94688000,0
1693636980000,1632.01000000,1632.02000000,1632.01000000,1632.01000000,5.66680000,1693637039999,9248.31182800,79,3.75600000,6129.86712000,0
1693637040000,1632.01000000,1632.02000000,1632.01000000,1632.01000000,17.52310000,1693637099999,28598.01260400,76,13.81730000,22550.10994600,0
1693637100000,1632.02000000,1632.02000000,1631.51000000,1631.52000000,79.52450000,1693637159999,129778.20381000,177,22.63170000,36934.92140700,0
1693637160000,1631.52000000,1631.52000000,1631.15000000,1631.15000000,37.15070000,1693637219999,60604.94974700,141,7.21630000,11771.14336500,0
1693637220000,1631.16000000,1631.16000000,1630.42000000,1630.58000000,124.97740000,1693637279999,203786.96355900,278,80.66500000,131522.17761000,0
1693637280000,1630.58000000,1630.80000000,1630.50000000,1630.58000000,91.43710000,1693637339999,149102.91239700,188,55.58750000,90644.16065800,0
1693637340000,1630.57000000,1630.58000000,1630.51000000,1630.52000000,21.44740000,1693637399999,34971.15818700,86,2.00230000,3264.80616800,0
1693637400000,1630.51000000,1630.94000000,1630.44000000,1630.94000000,38.92010000,1693637459999,63462.08468900,154,27.72330000,45204.95990500,0
1693637460000,1630.93000000,1630.94000000,1630.93000000,1630.93000000,7.41090000,1693637519999,12086.68771500,81,2.85780000,4660.90033200,0
1693637520000,1630.93000000,1630.94000000,1630.93000000,1630.93000000,14.38430000,1693637579999,23459.84726800,84,6.08690000,9927.36868600,0
1693637580000,1630.93000000,1631.14000000,1630.93000000,1631.00000000,54.89320000,1693637639999,89529.51232700,101,42.20200000,68830.13394200,0
1693637640000,1631.00000000,1631.00000000,1630.68000000,1630.69000000,39.22110000,1693637699999,63967.60449400,97,4.32680000,7056.73176900,0
1693637700000,1630.68000000,1630.86000000,1630.53000000,1630.53000000,62.25330000,1693637759999,101519.01818200,147,33.84200000,55186.68597600,0
1693637760000,1630.54000000,1630.54000000,1630.31000000,1630.36000000,41.91090000,1693637819999,68331.65669200,126,4.30440000,7017.80281900,0
1693637820000,1630.36000000,1630.68000000,1630.31000000,1630.64000000,123.62360000,1693637879999,201558.33721200,184,77.84240000,126915.97660900,0
1693637880000,1630.65000000,1630.69000000,1630.43000000,1630.69000000,105.07910000,1693637939999,171337.55939700,129,72.49640000,118208.44695200,0
1693637940000,1630.68000000,1630.69000000,1630.68000000,1630.68000000,20.99030000,1693637999999,34228.59974500,76,13.73410000,22396.05952900,0
1693638000000,1630.69000000,1631.99000000,1630.68000000,1631.99000000,161.70600000,1693638059999,263778.91140700,247,128.42170000,209481.74418500,0
1693638060000,1631.99000000,1632.10000000,1630.92000000,1630.92000000,142.23800000,1693638119999,232092.53693300,225,60.27770000,98371.02189400,0
1693638120000,1630.93000000,1630.93000000,1630.24000000,1630.24000000,41.17890000,1693638179999,67140.32804300,142,6.27380000,10228.99800300,0
1693638180000,1630.24000000,1630.53000000,1630.22000000,1630.53000000,46.68050000,1693638239999,76100.89621800,117,27.33650000,44565.66493000,0
1693638240000,1630.53000000,1630.81000000,1630.52000000,1630.80000000,21.67260000,1693638299999,35339.70353800,139,15.81880000,25794.45500400,0
1693638300000,1630.81000000,1631.62000000,1630.80000000,1631.62000000,15.15060000,1693638359999,24713.57954700,111,13.48570000,21997.57366200,0
1693638360000,1631.61000000,1631.62000000,1631.61000000,1631.62000000,14.26660000,1693638419999,23277.57995300,92,5.27270000,8603.04277400,0
1693638420000,1631.61000000,1631.84000000,1631.39000000,1631.74000000,204.47000000,1693638479999,333633.76580700,192,71.54110000,116726.05600100,0
1693638480000,1631.75000000,1631.75000000,1631.74000000,1631.75000000,15.24310000,1693638539999,24872.84699500,72,7.10010000,11585.58817500,0
1693638540000,1631.74000000,1631.75000000,1631.60000000,1631.60000000,18.27790000,1693638599999,29823.78351200,70,1.16180000,1895.68764400,0
1693638600000,1631.61000000,1631.61000000,1631.60000000,1631.61000000,25.00520000,1693638659999,40798.53670500,84,5.23850000,8547.18898500,0
1693638660000,1631.60000000,1631.61000000,1631.21000000,1631.22000000,36.56920000,1693638719999,59661.70228400,100,15.60620000,25460.29420500,0
1693638720000,1631.21000000,1631.22000000,1631.21000000,1631.22000000,30.68180000,1693638779999,50048.54464700,100,8.56690000,13974.49861800,0
1693638780000,1631.21000000,1631.22000000,1631.21000000,1631.21000000,9.11120000,1693638839999,14862.30457600,97,2.40240000,3918.84292800,0
1693638840000,1631.22000000,1631.22000000,1631.21000000,1631.22000000,11.10320000,1693638899999,18111.67679300,84,2.59210000,4228.28536200,0
1693638900000,1631.22000000,1631.22000000,1631.00000000,1631.01000000,14.83010000,1693638959999,24189.97448200,129,4.37810000,7141.42203700,0
1693638960000,1631.00000000,1631.26000000,1630.95000000,1631.26000000,33.61910000,1693639019999,54834.77842900,139,28.78870000,46956.27081200,0
1693639020000,1631.25000000,1631.43000000,1631.01000000,1631.02000000,76.13570000,1693639079999,124202.27306800,151,7.30540000,11916.78141200,0
1693639080000,1631.02000000,1631.02000000,1631.01000000,1631.01000000,24.02360000,1693639139999,39182.78220500,70,5.03690000,8215.28463800,0
1693639140000,1631.01000000,1631.39000000,1631.01000000,1631.39000000,34.76720000,1693639199999,56710.58754700,94,33.11800000,54020.29876400,0
1693639200000,1631.39000000,1631.86000000,1631.38000000,1631.73000000,43.91410000,1693639259999,71658.43277000,130,16.72400000,27288.59740800,0
1693639260000,1631.73000000,1631.73000000,1631.66000000,1631.67000000,19.26300000,1693639319999,31431.30480200,84,7.06240000,11523.75116400,0
1693639320000,1631.66000000,1631.67000000,1631.22000000,1631.42000000,93.87310000,1693639379999,153136.67624400,160,69.31470000,113072.53428300,0
1693639380000,1631.42000000,1631.46000000,1631.42000000,1631.46000000,15.58040000,1693639439999,25418.69337300,68,14.25830000,23261.75622900,0
1693639440000,1631.46000000,1631.46000000,1631.45000000,1631.46000000,15.71680000,1693639499999,25641.25807100,112,8.47110000,13820.26080600,0
1693639500000,1631.45000000,1631.46000000,1631.45000000,1631.45000000,6.89000000,1693639559999,11240.72136400,97,3.08640000,5035.33814400,0
1693639560000,1631.45000000,1631.46000000,1631.45000000,1631.46000000,16.17180000,1693639619999,26383.60551900,81,12.24090000,19970.53871400,0
1693639620000,1631.45000000,1631.46000000,1631.45000000,1631.46000000,17.17450000,1693639679999,28019.40373500,89,6.57100000,10720.32366000,0
1693639680000,1631.46000000,1631.47000000,1631.45000000,1631.46000000,29.01340000,1693639739999,47334.28575400,119,22.85320000,37284.17713500,0
1693639740000,1631.46000000,1631.71000000,1631.46000000,1631.70000000,27.78600000,1693639799999,45334.01121000,106,21.68490000,35379.15033500,0
1693639800000,1631.70000000,1632.04000000,1631.70000000,1632.04000000,20.64650000,1693639859999,33693.86639300,125,16.47470000,26885.45913700,0
1693639860000,1632.03000000,1632.04000000,1632.00000000,1632.00000000,34.21050000,1693639919999,55831.92396500,116,10.83510000,17683.03669000,0
1693639920000,1632.00000000,1632.01000000,1632.00000000,1632.00000000,5.73560000,1693639979999,9360.51602100,95,1.68210000,2745.20402100,0
1693639980000,1632.01000000,1632.01000000,1631.49000000,1631.49000000,133.12310000,1693640039999,217216.23516500,156,1.89350000,3089.56863700,0
1693640040000,1631.49000000,1631.50000000,1631.49000000,1631.49000000,26.74660000,1693640099999,43636.88176700,86,7.13330000,11637.97895000,0
1693640100000,1631.50000000,1631.81000000,1631.49000000,1631.81000000,28.12650000,1693640159999,45892.45838000,95,26.02630000,42465.44138200,0
1693640160000,1631.80000000,1631.81000000,1631.58000000,1631.59000000,35.36650000,1693640219999,57707.17429300,113,2.50140000,4081.27803600,0
1693640220000,1631.58000000,1631.69000000,1631.46000000,1631.69000000,115.70160000,1693640279999,188769.72853100,158,15.82490000,25819.19962500,0
1693640280000,1631.68000000,1631.80000000,1631.68000000,1631.79000000,22.84790000,1693640339999,37282.79716900,112,21.23440000,34649.95843200,0
1693640340000,1631.79000000,1631.80000000,1631.79000000,1631.79000000,7.88200000,1693640399999,12861.79829200,84,2.95120000,4815.76816000,0
1693640400000,1631.79000000,1631.80000000,1631.54000000,1631.54000000,40.09640000,1693640459999,65427.78336700,122,16.55380000,27011.94806700,0
1693640460000,1631.54000000,1631.67000000,1631.54000000,1631.66000000,39.14660000,1693640519999,63872.81031100,84,16.03870000,26168.67244100,0
1693640520000,1631.67000000,1631.76000000,1631.66000000,1631.76000000,20.05720000,1693640579999,32727.42115900,110,14.97090000,24427.93003700,0
1693640580000,1631.75000000,1631.76000000,1631.75000000,1631.76000000,17.68120000,1693640639999,28851.41013900,77,11.20390000,18282.07586400,0
1693640640000,1631.76000000,1632.25000000,1631.75000000,1632.25000000,145.10280000,1693640699999,236792.47112100,152,137.20250000,223900.09770700,0
1693640700000,1632.24000000,1632.38000000,1632.24000000,1632.37000000,14.94930000,1693640759999,24402.63097200,93,9.22240000,15054.24037800,0
1693640760000,1632.37000000,1632.38000000,1632.03000000,1632.24000000,53.39870000,1693640819999,87160.73286200,139,15.11100000,24663.18554900,0
1693640820000,1632.24000000,1632.37000000,1632.24000000,1632.36000000,22.98430000,1693640879999,37518.42321100,112,16.60570000,27106.29955900,0
1693640880000,1632.37000000,1632.37000000,1632.36000000,1632.37000000,18.16180000,1693640939999,29646.72264800,97,12.68000000,20698.45160000,0
1693640940000,1632.36000000,1632.37000000,1632.36000000,1632.36000000,5.23580000,1693640999999,8546.74683500,98,3.63470000,5933.17523900,0
1693641000000,1632.36000000,1632.37000000,1632.20000000,1632.20000000,44.34920000,1693641059999,72393.33822200,122,4.56750000,7455.62175100,0
1693641060000,1632.20000000,1632.21000000,1632.20000000,1632.20000000,8.14310000,1693641119999,13291.19720400,90,2.93840000,4796.08586400,0
1693641120000,1632.20000000,1632.21000000,1632.11000000,1632.11000000,17.90020000,1693641179999,29215.99280600,95,3.92680000,6409.02424200,0
1693641180000,1632.12000000,1632.12000000,1632.11000000,1632.11000000,4.62150000,1693641239999,7542.82258900,71,2.62240000,4280.07148800,0
1693641240000,1632.11000000,1632.12000000,1632.11000000,1632.12000000,14.79660000,1693641299999,24149.78835900,88,10.95330000,17877.09999600,0
1693641300000,1632.12000000,1632.12000000,1632.11000000,1632.11000000,9.56660000,1693641359999,15613.80011700,94,5.65910000,9236.33029200,0
1693641360000,1632.12000000,1632.12000000,1631.76000000,1631.76000000,67.24490000,1693641419999,109745.78024800,156,6.44820000,10524.02376900,0
1693641420000,1631.76000000,1631.77000000,1631.76000000,1631.76000000,39.56520000,1693641479999,64561.18733400,107,27.65820000,45131.82101400,0
1693641480000,1631.76000000,1631.77000000,1631.69000000,1631.70000000,39.44580000,1693641539999,64365.02580500,124,13.45800000,21959.88226600,0
1693641540000,1631.70000000,1631.70000000,1631.69000000,1631.70000000,22.13940000,1693641599999,36124.81480100,92,17.72150000,28916.17155000,0
1693641600000,1631.70000000,1632.23000000,1631.69000000,1632.23000000,149.52270000,1693641659999,244006.31365800,183,137.77430000,224832.95416500,0
1693641660000,1632.22000000,1632.23000000,1631.74000000,1631.74000000,82.06980000,1693641719999,133932.96127200,178,17.82950000,29095.54540900,0
1693641720000,1631.74000000,1632.16000000,1631.74000000,1632.15000000,107.80260000,1693641779999,175911.55789400,173,96.11150000,156832.82563800,0
1693641780000,1632.15000000,1632.16000000,1631.45000000,1631.46000000,83.48960000,1693641839999,136239.30891800,226,11.65880000,19028.43364600,0
1693641840000,1631.45000000,1631.46000000,1631.01000000,1631.01000000,26.86230000,1693641899999,43819.22762800,170,5.67110000,9251.37410300,0
1693641900000,1631.01000000,1631.27000000,1630.87000000,1631.27000000,76.38070000,1693641959999,124577.51070100,192,34.34650000,56017.35765900,0
1693641960000,1631.26000000,1631.33000000,1631.23000000,1631.24000000,25.39690000,1693642019999,41429.45612200,98,6.24500000,10187.55836800,0
1693642020000,1631.24000000,1631.64000000,1631.17000000,1631.64000000,67.77190000,1693642079999,110560.90429500,171,28.87260000,47099.73718200,0
1693642080000,1631.63000000,1631.71000000,1631.54000000,1631.54000000,61.09860000,1693642139999,99693.43209200,120,11.43880000,18664.20239600,0
1693642140000,1631.54000000,1631.55000000,1631.39000000,1631.48000000,28.58880000,1693642199999,46642.16911200,136,8.96790000,14630.87751600,0
1693642200000,1631.47000000,1631.63000000,1631.47000000,1631.63000000,35.91450000,1693642259999,58595.99034400,110,27.90260000,45523.74698100,0
1693642260000,1631.63000000,1632.62000000,1631.62000000,1632.61000000,103.16620000,1693642319999,168370.84964200,166,48.28260000,78794.84146800,0
1693642320000,1632.61000000,1633.04000000,1632.61000000,1633.03000000,19.03120000,1693642379999,31075.57233900,123,13.87880000,22662.12033100,0
1693642380000,1633.03000000,1633.04000000,1632.51000000,1632.51000000,29.66940000,1693642439999,48447.46257200,132,2.80640000,4582.13069300,0
1693642440000,1632.52000000,1632.54000000,1632.26000000,1632.54000000,46.30170000,1693642499999,75584.32542300,130,14.16280000,23119.36379800,0
1693642500000,1632.53000000,1632.55000000,1632.07000000,1632.08000000,28.62780000,1693642559999,46734.30304700,127,13.22320000,21587.38627300,0
1693642560000,1632.08000000,1632.08000000,1631.88000000,1632.07000000,26.98180000,1693642619999,44034.54993300,97,19.61150000,32006.39798100,0
1693642620000,1632.06000000,1632.08000000,1632.06000000,1632.08000000,22.07700000,1693642679999,36031.25351100,96,9.22060000,15048.71199000,0
1693642680000,1632.08000000,1632.08000000,1631.78000000,1631.78000000,66.35700000,1693642739999,108294.86014200,121,5.28400000,8622.64057300,0
1693642740000,1631.78000000,1631.79000000,1631.05000000,1631.05000000,82.29660000,1693642799999,134258.65445200,169,7.82290000,12761.20657500,0
1693642800000,1631.06000000,1631.24000000,1630.60000000,1630.60000000,76.79010000,1693642859999,125239.54367100,234,14.30070000,23325.70365900,0
1693642860000,1630.61000000,1631.30000000,1630.60000000,1631.30000000,56.84580000,1693642919999,92708.42460500,146,41.15970000,67125.89100200,0
1693642920000,1631.29000000,1631.30000000,1631.03000000,1631.05000000,43.04490000,1693642979999,70212.92084200,134,23.45500000,38258.33947900,0
1693642980000,1631.05000000,1631.09000000,1630.71000000,1630.72000000,34.76710000,1693643039999,56701.97810900,148,9.54360000,15565.17690900,0
1693643040000,1630.71000000,1630.98000000,1630.71000000,1630.98000000,16.14040000,1693643099999,26321.96561200,113,12.86880000,20986.43575700,0
1693643100000,1630.98000000,1631.48000000,1630.91000000,1630.92000000,51.36160000,1693643159999,83776.00440400,198,13.89010000,22656.68472200,0
1693643160000,1630.91000000,1630.92000000,1630.27000000,1630.44000000,211.18280000,1693643219999,344322.26996800,238,72.46200000,118142.55482100,0
1693643220000,1630.45000000,1630.59000000,1630.44000000,1630.58000000,18.30940000,1693643279999,29853.00857400,108,10.87580000,17732.68554800,0
1693643280000,1630.59000000,1630.59000000,1630.47000000,1630.47000000,72.86990000,1693643339999,118819.21226100,140,6.78840000,11068.70901400,0
1693643340000,1630.48000000,1630.48000000,1630.42000000,1630.42000000,63.76970000,1693643399999,103972.44061000,138,8.01950000,13075.33023600,0
1693643400000,1630.43000000,1631.05000000,1630.42000000,1630.74000000,57.88810000,1693643459999,94403.14203100,152,26.01530000,42420.25999800,0
1693643460000,1630.73000000,1630.74000000,1630.73000000,1630.74000000,27.21370000,1693643519999,44378.43664600,90,23.96450000,39079.86873000,0
1693643520000,1630.74000000,1630.74000000,1630.43000000,1630.63000000,49.69430000,1693643579999,81031.57924600,163,22.19040000,36182.77604500,0
1693643580000,1630.63000000,1631.00000000,1630.63000000,1630.88000000,27.97680000,1693643639999,45625.74975300,110,15.95120000,26012.66793000,0
1693643640000,1630.88000000,1630.88000000,1630.43000000,1630.43000000,42.73170000,1693643699999,69682.08302000,152,22.80570000,37189.49227800,0
1693643700000,1630.43000000,1630.85000000,1630.18000000,1630.84000000,91.45500000,1693643759999,149110.12853100,209,57.62280000,93951.11579200,0
1693643760000,1630.84000000,1630.85000000,1630.49000000,1630.65000000,30.80740000,1693643819999,50236.18514000,138,11.77260000,19195.87896400,0
1693643820000,1630.66000000,1630.66000000,1630.53000000,1630.54000000,15.71870000,1693643879999,25629.97190000,106,7.25250000,11825.51585400,0
1693643880000,1630.53000000,1630.54000000,1630.45000000,1630.46000000,17.58550000,1693643939999,28672.49885000,110,4.05710000,6614.96838000,0
1693643940000,1630.46000000,1630.62000000,1630.45000000,1630.61000000,28.19510000,1693643999999,45972.45055800,136,23.69980000,38642.85827300,0
1693644000000,1630.61000000,1631.10000000,1630.61000000,1630.75000000,76.24280000,1693644059999,124346.23364500,141,11.57170000,18870.56985500,0
1693644060000,1630.74000000,1630.75000000,1630.46000000,1630.46000000,144.79190000,1693644119999,236101.85041300,206,50.43320000,82232.01098700,0
1693644120000,1630.47000000,1630.47000000,1630.46000000,1630.46000000,14.83840000,1693644179999,24193.46441200,132,4.67480000,7622.12115600,0
1693644180000,1630.46000000,1630.47000000,1630.36000000,1630.37000000,27.00420000,1693644239999,44029.10887700,113,6.36090000,10371.21526300,0
1693644240000,1630.36000000,1630.37000000,1630.35000000,1630.36000000,29.23140000,1693644299999,47657.70362000,148,10.17620000,16590.89708500,0
1693644300000,1630.35000000,1630.52000000,1630.35000000,1630.38000000,85.78970000,1693644359999,139875.87412600,146,42.69150000,69605.44250200,0
1693644360000,1630.39000000,1630.39000000,1630.22000000,1630.35000000,72.65400000,1693644419999,118446.49847300,169,46.09120000,75140.05658300,0
1693644420000,1630.36000000,1631.02000000,1630.35000000,1630.80000000,142.23220000,1693644479999,231968.30382300,176,25.85070000,42154.73325300,0
1693644480000,1630.80000000,1631.13000000,1630.79000000,1630.94000000,48.53260000,1693644539999,79156.23669800,131,19.30040000,31478.15174500,0
1693644540000,1630.95000000,1631.69000000,1630.94000000,1631.69000000,38.80690000,1693644599999,63297.56148100,129,30.46140000,49684.52091300,0
1693644600000,1631.69000000,1632.26000000,1631.68000000,1632.26000000,61.32380000,1693644659999,100088.33664800,156,39.15720000,63908.10230000,0
1693644660000,1632.26000000,1632.38000000,1632.13000000,1632.13000000,46.31500000,1693644719999,75597.76616600,186,18.93480000,30906.23534700,0
1693644720000,1632.14000000,1632.20000000,1632.13000000,1632.20000000,16.46990000,1693644779999,26881.14128500,77,7.00820000,11438.40175600,0
1693644780000,1632.19000000,1632.80000000,1632.19000000,1632.51000000,104.17650000,1693644839999,170080.86514400,180,34.97500000,57098.46579000,0
1693644840000,1632.51000000,1632.51000000,1632.46000000,1632.46000000,39.81270000,1693644899999,64993.65231700,125,10.64110000,17371.37478900,0
1693644900000,1632.47000000,1632.47000000,1631.83000000,1631.83000000,104.94140000,1693644959999,171284.01182700,172,26.72930000,43630.65415800,0
1693644960000,1631.83000000,1631.84000000,1631.51000000,1631.52000000,65.93870000,1693645019999,107593.15054800,169,13.11850000,21405.49289300,0
1693645020000,1631.51000000,1631.52000000,1630.93000000,1630.94000000,69.11000000,1693645079999,112733.44186100,191,6.64440000,10838.95832500,0
1693645080000,1630.94000000,1630.94000000,1630.83000000,1630.84000000,64.85550000,1693645139999,105770.51098200,137,46.69390000,76151.15521900,0
1693645140000,1630.83000000,1631.15000000,1630.83000000,1631.03000000,125.20660000,1693645199999,204208.07270300,191,76.95230000,125500.49604500,0
1693645200000,1631.02000000,1631.03000000,1630.80000000,1630.81000000,117.98520000,1693645259999,192418.76301000,209,40.09280000,65384.85665800,0
1693645260000,1630.81000000,1630.81000000,1630.40000000,1630.60000000,214.93120000,1693645319999,350449.85695900,235,25.54240000,41646.51994400,0
1693645320000,1630.60000000,1630.81000000,1630.60000000,1630.61000000,58.37380000,1693645379999,95189.72149300,166,13.44180000,21920.13248700,0
1693645380000,1630.61000000,1630.88000000,1630.60000000,1630.88000000,35.96140000,1693645439999,58642.76697900,108,26.39390000,43040.45844400,0
1693645440000,1630.88000000,1631.13000000,1630.87000000,1631.12000000,42.24030000,1693645499999,68894.39284800,183,28.51630000,46511.18558500,0
1693645500000,1631.12000000,1631.13000000,1630.50000000,1630.62000000,84.55050000,1693645559999,137889.13765500,239,25.03420000,40825.41565200,0
1693645560000,1630.61000000,1630.94000000,1630.19000000,1630.59000000,156.17480000,1693645619999,254647.30152900,194,41.51700000,67693.43360300,0
1693645620000,1630.60000000,1630.60000000,1630.59000000,1630.59000000,15.16320000,1693645679999,24725.00946000,95,4.71720000,7691.86632000,0
1693645680000,1630.59000000,1631.40000000,1630.59000000,1631.39000000,168.81330000,1693645739999,275367.64965500,172,161.14390000,262858.31487700,0
1693645740000,1631.40000000,1631.40000000,1631.39000000,1631.39000000,17.27970000,1693645799999,28190.04801500,118,11.82320000,19288.36848000,0
1693645800000,1631.39000000,1631.80000000,1631.39000000,1631.80000000,22.26060000,1693645859999,36320.22980400,106,19.51230000,31835.92088500,0
1693645860000,1631.80000000,1632.57000000,1631.79000000,1632.57000000,109.78330000,1693645919999,179204.12887200,229,81.02800000,132266.48029400,0
1693645920000,1632.56000000,1632.57000000,1632.56000000,1632.57000000,10.99460000,1693645979999,17949.36589500,104,2.17190000,3545.77878300,0
1693645980000,1632.56000000,1632.57000000,1632.10000000,1632.10000000,100.49350000,1693646039999,164049.18990000,207,36.46930000,59536.72241900,0
1693646040000,1632.11000000,1632.19000000,1632.02000000,1632.02000000,94.64690000,1693646099999,154472.74560500,163,48.84090000,79710.03529300,0
1693646100000,1632.02000000,1632.30000000,1632.02000000,1632.30000000,9.75490000,1693646159999,15921.64577400,111,6.35390000,10370.48100900,0
1693646160000,1632.29000000,1632.30000000,1632.02000000,1632.10000000,53.49280000,1693646219999,87309.58833600,121,10.52720000,17182.26500100,0
1693646220000,1632.10000000,1632.78000000,1632.10000000,1632.77000000,37.74890000,1693646279999,61625.78060400,143,23.16450000,37814.53799100,0
1693646280000,1632.77000000,1633.49000000,1632.77000000,1633.48000000,104.88390000,1693646339999,171281.51573800,188,84.42770000,137873.78580500,0
1693646340000,1633.49000000,1633.49000000,1632.93000000,1632.93000000,54.34750000,1693646399999,88766.46528400,150,19.41350000,31708.78925900,0
1693646400000,1632.94000000,1633.66000000,1632.93000000,1633.65000000,62.93430000,1693646459999,102785.36472700,140,42.09700000,68751.44662500,0
1693646460000,1633.65000000,1633.66000000,1633.23000000,1633.23000000,42.83840000,1693646519999,69976.38374400,141,9.70540000,15853.08708200,0
1693646520000,1633.24000000,1634.00000000,1633.23000000,1633.99000000,132.31050000,1693646579999,216117.87879200,191,126.54850000,206704.54750200,0
1693646580000,1634.00000000,1634.91000000,1633.75000000,1634.24000000,212.94090000,1693646639999,347976.43265700,271,133.56730000,218272.86860600,0
1693646640000,1634.23000000,1634.24000000,1633.76000000,1633.76000000,27.66780000,1693646699999,45207.68402400,106,8.82200000,14416.23439600,0
1693646700000,1633.76000000,1633.77000000,1633.08000000,1633.08000000,54.76660000,1693646759999,89460.24317000,181,24.42310000,39894.27387400,0
1693646760000,1633.09000000,1633.72000000,1633.08000000,1633.27000000,146.95040000,1693646819999,240025.77730200,150,56.14260000,91689.14787700,0
1693646820000,1633.27000000,1633.48000000,1633.13000000,1633.14000000,94.26790000,1693646879999,153967.01015200,149,82.97400000,135520.69532800,0
1693646880000,1633.13000000,1633.39000000,1632.93000000,1633.39000000,71.22970000,1693646939999,116321.53510500,182,47.27130000,77195.80457700,0
1693646940000,1633.39000000,1633.39000000,1633.38000000,1633.39000000,13.42560000,1693646999999,21929.12776900,94,2.12410000,3469.48369900,0
1693647000000,1633.39000000,1633.66000000,1633.38000000,1633.65000000,67.26730000,1693647059999,109881.39241600,124,39.54460000,64593.39571900,0
1693647060000,1633.65000000,1633.66000000,1633.65000000,1633.65000000,38.48770000,1693647119999,62875.70861900,110,27.75140000,45336.35212400,0
1693647120000,1633.65000000,1633.66000000,1632.60000000,1632.60000000,232.54220000,1693647179999,379691.81882300,284,179.00490000,292261.90881700,0
1693647180000,1632.61000000,1632.93000000,1632.60000000,1632.86000000,95.74930000,1693647239999,156328.12132200,167,88.19710000,143996.85958700,0
1693647240000,1632.86000000,1632.87000000,1632.84000000,1632.85000000,27.56140000,1693647299999,45003.86807300,110,7.46010000,12181.30094100,0
1693647300000,1632.84000000,1632.85000000,1632.84000000,1632.85000000,9.01490000,1693647359999,14719.95863100,79,6.93150000,11318.09977500,0
1693647360000,1632.84000000,1632.85000000,1632.34000000,1632.78000000,180.07700000,1693647419999,293967.23556600,234,118.48190000,193406.54301300,0
1693647420000,1632.78000000,1632.78000000,1632.50000000,1632.51000000,77.61120000,1693647479999,126713.64124000,177,18.74360000,30600.18660200,0
1693647480000,1632.51000000,1632.76000000,1632.50000000,1632.76000000,32.43510000,1693647539999,52954.36199800,111,21.28420000,34747.78934800,0
1693647540000,1632.75000000,1632.96000000,1632.75000000,1632.76000000,125.71520000,1693647599999,205272.99266000,164,74.52350000,121680.92431400,0
1693647600000,1632.76000000,1633.04000000,1632.76000000,1633.04000000,28.68740000,1693647659999,46842.22200600,111,21.58600000,35246.68564400,0
1693647660000,1633.04000000,1633.08000000,1632.86000000,1632.86000000,41.53630000,1693647719999,67830.30217100,143,32.07870000,52385.65120200,0
1693647720000,1632.87000000,1633.52000000,1632.86000000,1633.52000000,16.45540000,1693647779999,26874.15970000,114,10.29820000,16818.17711400,0
1693647780000,1633.52000000,1633.66000000,1633.51000000,1633.66000000,15.66850000,1693647839999,25595.60952600,102,9.95780000,16266.58061400,0
1693647840000,1633.65000000,1633.66000000,1633.65000000,1633.66000000,21.28680000,1693647899999,34775.32879400,100,14.79740000,24173.92048400,0
1693647900000,1633.66000000,1633.66000000,1633.35000000,1633.36000000,50.36730000,1693647959999,82272.69780000,138,4.13830000,6759.90075000,0
1693647960000,1633.35000000,1633.58000000,1633.35000000,1633.58000000,119.72910000,1693648019999,195568.72776200,155,92.63550000,151310.60143400,0
1693648020000,1633.58000000,1634.60000000,1633.57000000,1634.32000000,163.67770000,1693648079999,267466.62803300,230,114.55110000,187176.11299200,0
1693648080000,1634.31000000,1634.32000000,1633.46000000,1633.78000000,56.79070000,1693648139999,92789.35479300,167,22.56510000,36861.92759400,0
1693648140000,1633.79000000,1634.01000000,1633.54000000,1633.54000000,74.73440000,1693648199999,122099.51920100,142,57.91210000,94615.77534600,0
1693648200000,1633.54000000,1633.93000000,1633.54000000,1633.76000000,51.01730000,1693648259999,83350.05520900,147,26.58170000,43426.35098300,0
1693648260000,1633.76000000,1633.76000000,1632.77000000,1632.92000000,89.83000000,1693648319999,146714.32542300,190,9.77430000,15964.54394800,0
1693648320000,1632.91000000,1633.58000000,1632.91000000,1633.37000000,194.72710000,1693648379999,318042.13783400,201,164.90660000,269329.33650900,0
1693648380000,1633.37000000,1633.68000000,1633.11000000,1633.67000000,45.30170000,1693648439999,73988.67567000,131,40.83620000,66694.97031500,0
1693648440000,1633.68000000,1633.93000000,1633.67000000,1633.92000000,55.01550000,1693648499999,89885.78436300,127,51.10460000,83495.81525300,0
1693648500000,1633.92000000,1633.93000000,1633.43000000,1633.43000000,52.83170000,1693648559999,86309.71929300,150,5.78960000,9457.35780300,0
1693648560000,1633.43000000,1633.67000000,1633.43000000,1633.66000000,30.50900000,1693648619999,49835.36599000,107,27.47190000,44874.36503800,0
1693648620000,1633.66000000,1633.77000000,1633.66000000,1633.77000000,49.46320000,1693648679999,80806.74934200,132,38.58900000,63041.94862000,0
1693648680000,1633.76000000,1634.13000000,1633.76000000,1634.13000000,27.76540000,1693648739999,45368.44619100,154,18.05620000,29502.83192900,0
1693648740000,1634.12000000,1634.13000000,1633.73000000,1633.73000000,66.10470000,1693648799999,108012.52765100,167,13.65520000,22311.53062800,0
1693648800000,1633.74000000,1633.77000000,1633.73000000,1633.76000000,15.54760000,1693648859999,25400.98193900,115,6.34680000,10369.11856200,0
1693648860000,1633.76000000,1633.77000000,1633.25000000,1633.25000000,39.40380000,1693648919999,64367.20441400,194,5.80160000,9476.10824700,0
1693648920000,1633.25000000,1633.26000000,1633.25000000,1633.25000000,12.85500000,1693648979999,20995.47015900,93,4.14090000,6763.16633400,0
1693648980000,1633.26000000,1634.06000000,1633.25000000,1633.97000000,129.81230000,1693649039999,212061.87497200,236,103.21850000,168612.14631900,0
1693649040000,1633.97000000,1634.27000000,1633.76000000,1633.76000000,64.47230000,1693649099999,105353.82241000,218,26.80380000,43801.49777400,0
1693649100000,1633.76000000,1633.77000000,1633.44000000,1633.64000000,41.14200000,1693649159999,67207.49835400,160,24.69320000,40337.21736900,0
1693649160000,1633.63000000,1633.64000000,1633.04000000,1633.15000000,44.33020000,1693649219999,72405.72047600,184,12.02000000,19631.40669400,0
1693649220000,1633.15000000,1633.15000000,1633.14000000,1633.15000000,32.27250000,1693649279999,52705.76905000,136,25.84000000,42200.59600000,0
1693649280000,1633.15000000,1633.15000000,1632.96000000,1632.96000000,65.54770000,1693649339999,107043.28185900,122,9.40600000,15360.91345000,0
1693649340000,1632.97000000,1633.14000000,1632.96000000,1633.13000000,21.53790000,1693649399999,35171.96968500,116,18.11090000,29575.57864400,0
1693649400000,1633.13000000,1633.26000000,1633.04000000,1633.25000000,26.75050000,1693649459999,43686.89050600,116,22.51210000,36764.94855500,0
1693649460000,1633.26000000,1633.85000000,1633.25000000,1633.85000000,68.09080000,1693649519999,111218.41027600,143,64.91910000,106037.96976300,0
1693649520000,1633.85000000,1634.15000000,1633.78000000,1633.79000000,105.86420000,1693649579999,172988.61419000,197,22.80910000,37268.69057600,0
1693649580000,1633.79000000,1634.33000000,1633.78000000,1634.14000000,29.87680000,1693649639999,48822.53364500,143,21.07050000,34431.32414800,0
1693649640000,1634.15000000,1634.33000000,1634.00000000,1634.01000000,44.74270000,1693649699999,73120.19608600,124,11.06320000,18078.81956500,0
1693649700000,1634.01000000,1634.01000000,1633.62000000,1633.62000000,43.83620000,1693649759999,71615.61590800,160,24.06230000,39309.15870400,0
1693649760000,1633.62000000,1634.32000000,1633.62000000,1634.32000000,62.68850000,1693649819999,102425.23769700,165,36.40470000,59482.73450100,0
1693649820000,1634.31000000,1634.32000000,1633.66000000,1633.67000000,30.82710000,1693649879999,50370.98918000,143,3.41630000,5582.63751400,0
1693649880000,1633.67000000,1633.84000000,1633.66000000,1633.68000000,35.71050000,1693649939999,58340.52614600,143,22.06990000,36055.22318200,0
1693649940000,1633.67000000,1633.68000000,1633.58000000,1633.59000000,15.05130000,1693649999999,24588.65747300,110,9.58530000,15659.12051800,0
1693650000000,1633.58000000,1633.59000000,1633.58000000,1633.59000000,10.36330000,1693650059999,16929.32501500,117,4.54010000,7416.66195900,0
1693650060000,1633.58000000,1633.59000000,1633.58000000,1633.58000000,19.31360000,1693650119999,31550.36786900,105,5.71810000,9341.03097900,0
1693650120000,1633.59000000,1633.89000000,1633.58000000,1633.89000000,86.98020000,1693650179999,142105.54350900,135,56.19390000,91804.88080600,0
1693650180000,1633.88000000,1633.89000000,1633.75000000,1633.76000000,33.86740000,1693650239999,55331.94217800,127,10.37740000,16954.42014600,0
1693650240000,1633.75000000,1633.89000000,1633.75000000,1633.88000000,36.18630000,1693650299999,59123.20990000,132,24.90370000,40689.06160400,0
1693650300000,1633.89000000,1634.01000000,1633.88000000,1633.93000000,51.95280000,1693650359999,84888.03275000,140,36.65630000,59893.90366600,0
1693650360000,1633.93000000,1633.93000000,1633.92000000,1633.92000000,12.44280000,1693650419999,20330.61714900,92,7.73730000,12642.20658900,0
1693650420000,1633.92000000,1633.93000000,1633.66000000,1633.92000000,51.24960000,1693650479999,83731.75428400,197,20.97080000,34261.28115600,0
1693650480000,1633.93000000,1633.93000000,1633.92000000,1633.92000000,32.45500000,1693650539999,53029.17631900,170,30.27190000,49462.16556700,0
1693650540000,1633.93000000,1633.93000000,1633.85000000,1633.85000000,37.95080000,1693650599999,62007.36104300,188,22.69960000,37088.63069100,0
1693650600000,1633.86000000,1634.27000000,1633.85000000,1634.27000000,32.24570000,1693650659999,52689.13076900,173,27.69960000,45260.07916600,0
1693650660000,1634.27000000,1634.54000000,1634.26000000,1634.54000000,19.06490000,1693650719999,31159.51976000,131,12.09350000,19765.46170700,0
1693650720000,1634.54000000,1635.19000000,1634.53000000,1634.59000000,138.84120000,1693650779999,226975.67359300,247,90.54230000,148011.74306600,0
1693650780000,1634.59000000,1634.60000000,1634.45000000,1634.54000000,44.73960000,1693650839999,73128.35103600,136,16.11620000,26342.19194900,0
1693650840000,1634.54000000,1635.05000000,1634.54000000,1634.83000000,24.35650000,1693650899999,39818.78926100,127,7.83100000,12802.10790200,0
1693650900000,1634.83000000,1634.88000000,1634.75000000,1634.88000000,28.33250000,1693650959999,46317.94382900,146,9.72840000,15903.86240500,0
1693650960000,1634.88000000,1634.95000000,1634.73000000,1634.74000000,20.86060000,1693651019999,34103.67948600,140,9.08420000,14851.39223200,0
1693651020000,1634.73000000,1634.74000000,1634.73000000,1634.73000000,9.45140000,1693651079999,15450.52173000,91,3.46080000,5657.50819200,0
1693651080000,1634.74000000,1634.74000000,1634.69000000,1634.70000000,20.47880000,1693651139999,33477.30262100,93,6.65950000,10886.52140600,0
1693651140000,1634.69000000,1635.00000000,1634.50000000,1634.99000000,63.15740000,1693651199999,103238.21023200,187,38.96110000,63685.85040900,0
1693651200000,1635.00000000,1635.25000000,1634.99000000,1635.24000000,51.04700000,1693651259999,83466.12727000,174,30.24140000,49448.83104600,0
1693651260000,1635.25000000,1635.32000000,1635.08000000,1635.32000000,134.93940000,1693651319999,220646.08082300,149,119.33960000,195137.14053400,0
1693651320000,1635.32000000,1635.32000000,1634.88000000,1635.32000000,151.66330000,1693651379999,248003.52642200,190,39.92310000,65284.23063900,0
1693651380000,1635.31000000,1635.50000000,1635.31000000,1635.49000000,34.11550000,1693651439999,55793.68999800,114,28.63840000,46836.05883900,0
1693651440000,1635.49000000,1635.50000000,1635.06000000,1635.07000000,51.04530000,1693651499999,83473.46733900,140,17.29100000,28277.98823500,0
1693651500000,1635.06000000,1635.16000000,1634.92000000,1635.16000000,28.90950000,1693651559999,47268.05003500,159,14.31670000,23408.34976700,0
1693651560000,1635.16000000,1636.33000000,1635.15000000,1635.92000000,161.26880000,1693651619999,263822.24312100,240,148.48060000,242901.23335100,0
1693651620000,1635.93000000,1635.99000000,1635.65000000,1635.89000000,115.60170000,1693651679999,189109.77780900,172,86.90830000,142170.42661200,0
1693651680000,1635.90000000,1636.52000000,1635.89000000,1635.98000000,86.68780000,1693651739999,141832.63889900,239,50.73720000,83012.27850900,0
1693651740000,1635.98000000,1635.99000000,1634.76000000,1635.18000000,125.50210000,1693651799999,205215.18756200,272,38.51100000,62969.34306200,0
1693651800000,1635.19000000,1635.32000000,1634.92000000,1635.10000000,97.60570000,1693651859999,159610.27597700,206,17.16070000,28059.22370600,0
1693651860000,1635.11000000,1635.16000000,1635.10000000,1635.15000000,16.23380000,1693651919999,26544.62687400,120,11.57120000,18920.60243400,0
1693651920000,1635.15000000,1635.16000000,1634.09000000,1634.20000000,91.60300000,1693651979999,149723.69075100,226,14.10760000,23057.55136800,0
1693651980000,1634.19000000,1634.43000000,1633.86000000,1633.87000000,233.17800000,1693652039999,381033.24918500,283,23.42680000,38282.96570900,0
1693652040000,1633.86000000,1634.13000000,1633.66000000,1633.67000000,243.88420000,1693652099999,398460.38029200,266,30.23760000,49402.56659500,0
1693652100000,1633.67000000,1633.86000000,1633.46000000,1633.46000000,235.40610000,1693652159999,384578.86824200,214,18.95630000,30968.21691500,0
1693652160000,1633.47000000,1634.12000000,1633.41000000,1634.11000000,107.52990000,1693652219999,175650.38366500,169,36.67980000,59921.55385900,0
1693652220000,1634.12000000,1634.17000000,1634.11000000,1634.17000000,15.13470000,1693652279999,24732.50208100,148,10.96240000,17914.31317800,0
1693652280000,1634.17000000,1634.17000000,1633.93000000,1634.11000000,45.75660000,1693652339999,74767.50496800,165,33.54200000,54807.81460100,0
1693652340000,1634.11000000,1634.27000000,1633.97000000,1634.27000000,22.70370000,1693652399999,37099.51600400,168,14.19520000,23195.85851200,0
1693652400000,1634.26000000,1634.64000000,1634.26000000,1634.63000000,34.72200000,1693652459999,56755.35177800,196,28.69070000,46896.77496400,0
1693652460000,1634.63000000,1634.97000000,1634.63000000,1634.67000000,58.62040000,1693652519999,95834.04241600,181,45.64310000,74617.07702800,0
1693652520000,1634.67000000,1635.12000000,1634.67000000,1635.11000000,54.97400000,1693652579999,89881.95999900,175,51.88020000,84824.01013000,0
1693652580000,1635.11000000,1635.34000000,1635.11000000,1635.33000000,22.90010000,1693652639999,37446.59826900,121,16.71580000,27334.04293000,0
1693652640000,1635.33000000,1635.50000000,1635.33000000,1635.33000000,87.64380000,1693652699999,143335.87600500,193,20.97400000,34300.12275300,0
1693652700000,1635.34000000,1635.34000000,1635.33000000,1635.33000000,13.58390000,1693652759999,22214.27794100,108,11.87540000,19420.31663600,0
1693652760000,1635.34000000,1635.34000000,1634.80000000,1634.90000000,326.31810000,1693652819999,533522.82971600,200,16.00320000,26167.55790800,0
1693652820000,1634.89000000,1635.20000000,1634.83000000,1635.19000000,42.55360000,1693652879999,69572.99943500,150,38.99590000,63755.94536600,0
1693652880000,1635.19000000,1635.20000000,1634.21000000,1634.22000000,89.77470000,1693652939999,146762.50355500,199,17.70720000,28949.64028200,0
1693652940000,1634.22000000,1634.36000000,1634.21000000,1634.36000000,14.49720000,1693652999999,23692.23940300,128,12.05070000,19693.90067400,0
1693653000000,1634.35000000,1634.36000000,1634.23000000,1634.29000000,31.72490000,1693653059999,51848.06849000,163,8.25480000,13490.90408900,0
1693653060000,1634.29000000,1634.29000000,1633.85000000,1634.28000000,88.06510000,1693653119999,143906.68570900,170,22.05620000,36040.36599800,0
1693653120000,1634.29000000,1634.29000000,1633.78000000,1633.79000000,32.68080000,1693653179999,53401.32745000,188,7.94450000,12981.78367300,0
1693653180000,1633.78000000,1634.02000000,1633.78000000,1633.91000000,23.65300000,1693653239999,38646.27400600,171,18.06750000,29520.10832200,0
1693653240000,1633.91000000,1634.29000000,1633.90000000,1634.28000000,39.80830000,1693653299999,65050.46677300,129,31.06530000,50765.10936500,0
1693653300000,1634.28000000,1634.29000000,1633.91000000,1633.91000000,57.68070000,1693653359999,94248.71609000,144,46.01350000,75182.86200200,0
1693653360000,1633.91000000,1633.92000000,1633.65000000,1633.90000000,68.82920000,1693653419999,112456.37362500,179,21.04030000,34376.63222000,0
1693653420000,1633.91000000,1634.22000000,1633.90000000,1634.22000000,64.51500000,1693653479999,105421.53633200,118,63.32800000,103481.76935500,0
1693653480000,1634.21000000,1634.22000000,1634.00000000,1634.01000000,22.12910000,1693653539999,36163.01186300,129,5.95000000,9723.30105600,0
1693653540000,1634.00000000,1634.24000000,1634.00000000,1634.21000000,15.40220000,1693653599999,25169.17962400,154,12.79720000,20912.27732300,0
1693653600000,1634.21000000,1634.60000000,1634.21000000,1634.59000000,39.71890000,1693653659999,64913.59148700,118,35.27520000,57650.49501000,0
1693653660000,1634.59000000,1634.91000000,1634.59000000,1634.91000000,64.24540000,1693653719999,105016.47490200,152,60.72790000,99266.23072300,0
1693653720000,1634.90000000,1635.20000000,1634.90000000,1635.20000000,29.81310000,1693653779999,48743.30441400,171,27.89050000,45599.84887000,0
1693653780000,1635.20000000,1635.20000000,1635.10000000,1635.11000000,25.00370000,1693653839999,40885.01007700,133,17.72540000,28983.91930300,0
1693653840000,1635.11000000,1635.46000000,1635.06000000,1635.46000000,64.14150000,1693653899999,104888.51099700,142,53.03500000,86728.24807600,0
1693653900000,1635.45000000,1635.46000000,1635.17000000,1635.17000000,23.61890000,1693653959999,38624.32105000,135,11.56160000,18906.89013200,0
1693653960000,1635.17000000,1635.48000000,1635.06000000,1635.48000000,112.71910000,1693654019999,184321.76420600,149,108.44600000,177334.23049700,0
1693654020000,1635.48000000,1635.48000000,1634.10000000,1634.16000000,280.04590000,1693654079999,457849.34716800,337,29.76210000,48643.32608300,0
1693654080000,1634.16000000,1634.17000000,1634.09000000,1634.10000000,60.97830000,1693654139999,99644.91799100,158,48.02630000,78479.83953600,0
1693654140000,1634.09000000,1634.49000000,1634.09000000,1634.48000000,73.42930000,1693654199999,119994.14063200,145,67.90960000,110974.04459800,0
1693654200000,1634.48000000,1634.83000000,1634.48000000,1634.82000000,53.53070000,1693654259999,87501.79115600,128,33.74480000,55158.13156400,0
1693654260000,1634.83000000,1634.83000000,1634.52000000,1634.53000000,36.33780000,1693654319999,59401.16331900,150,7.65790000,12518.66285100,0
1693654320000,1634.53000000,1634.53000000,1634.13000000,1634.52000000,102.75610000,1693654379999,167939.43748300,170,50.45160000,82449.67827100,0
1693654380000,1634.52000000,1634.83000000,1634.52000000,1634.82000000,17.02460000,1693654439999,27829.16053500,110,14.57820000,23830.10153100,0
1693654440000,1634.82000000,1635.51000000,1634.82000000,1635.51000000,76.50560000,1693654499999,125101.86786600,168,63.08020000,103145.17212300,0
1693654500000,1635.50000000,1636.57000000,1635.50000000,1636.09000000,207.71310000,1693654559999,339810.90052800,338,146.40530000,239505.54297700,0
1693654560000,1636.10000000,1636.95000000,1635.95000000,1635.96000000,143.56050000,1693654619999,234928.05041200,348,96.30680000,157602.08838500,0
1693654620000,1635.95000000,1635.98000000,1635.80000000,1635.96000000,71.97770000,1693654679999,117748.27575200,211,32.22100000,52709.01433400,0
1693654680000,1635.97000000,1635.97000000,1635.24000000,1635.24000000,190.29000000,1693654739999,311260.90873600,250,44.20120000,72300.81060000,0
1693654740000,1635.24000000,1635.49000000,1635.24000000,1635.49000000,36.35330000,1693654799999,59451.36277800,123,27.82220000,45499.59300600,0
1693654800000,1635.48000000,1635.49000000,1634.88000000,1634.89000000,56.53130000,1693654859999,92442.97690300,243,9.09850000,14877.42335400,0
1693654860000,1634.89000000,1634.89000000,1634.42000000,1634.56000000,162.54200000,1693654919999,265705.62071100,279,54.01220000,88286.60898400,0
1693654920000,1634.55000000,1634.65000000,1633.62000000,1633.99000000,412.21610000,1693654979999,673543.16894500,562,147.51520000,241013.45775600,0
1693654980000,1633.98000000,1634.21000000,1633.98000000,1634.21000000,78.17940000,1693655039999,127755.41996900,215,34.28680000,56027.32696700,0
1693655040000,1634.20000000,1634.21000000,1633.82000000,1633.83000000,79.30270000,1693655099999,129586.89805300,256,11.95770000,19539.81234100,0
1693655100000,1633.83000000,1634.07000000,1633.58000000,1633.68000000,297.88870000,1693655159999,486707.41862800,275,31.77400000,51913.36209700,0
1693655160000,1633.68000000,1633.68000000,1633.44000000,1633.58000000,74.48730000,1693655219999,121680.41046300,265,15.46610000,25264.82750400,0
1693655220000,1633.57000000,1633.93000000,1633.57000000,1633.93000000,29.17380000,1693655279999,47660.99755700,165,22.92000000,37444.22520000,0
1693655280000,1633.92000000,1634.07000000,1633.59000000,1633.60000000,49.18840000,1693655339999,80368.75550900,189,16.96960000,27726.56456000,0
1693655340000,1633.59000000,1633.60000000,1633.59000000,1633.59000000,25.20400000,1693655399999,41173.07505100,118,7.26910000,11874.80176000,0
1693655400000,1633.59000000,1634.62000000,1633.59000000,1634.62000000,58.19690000,1693655459999,95097.82036400,218,53.23000000,86980.65925900,0
1693655460000,1634.62000000,1635.47000000,1634.61000000,1635.46000000,54.94070000,1693655519999,89829.00419500,197,46.92190000,76719.02994500,0
1693655520000,1635.47000000,1635.47000000,1634.95000000,1634.95000000,58.45160000,1693655579999,95585.19451900,188,7.97720000,13044.85152700,0
1693655580000,1634.96000000,1634.96000000,1634.94000000,1634.95000000,61.92830000,1693655639999,101250.00470200,159,38.99100000,63748.68809300,0
1693655640000,1634.95000000,1634.95000000,1634.94000000,1634.94000000,26.47270000,1693655699999,43281.40691300,138,13.07750000,21381.05862500,0
1693655700000,1634.94000000,1635.49000000,1634.77000000,1634.91000000,106.57820000,1693655759999,174261.89309500,240,63.03880000,103064.21223300,0
1693655760000,1634.91000000,1634.92000000,1634.88000000,1634.88000000,32.36540000,1693655819999,52914.36255300,164,14.43240000,23595.67515300,0
1693655820000,1634.88000000,1634.89000000,1634.47000000,1634.63000000,78.20790000,1693655879999,127842.26598800,273,22.22160000,36323.09454200,0
1693655880000,1634.63000000,1634.71000000,1634.62000000,1634.71000000,21.13240000,1693655939999,34545.01781500,133,17.01990000,27822.32868900,0
1693655940000,1634.70000000,1634.71000000,1634.66000000,1634.66000000,33.91120000,1693655999999,55434.44892600,173,14.30970000,23392.12219100,0
1693656000000,1634.67000000,1635.15000000,1634.66000000,1635.14000000,35.11210000,1693656059999,57404.36052400,172,30.21930000,49404.34079100,0
1693656060000,1635.15000000,1635.65000000,1635.14000000,1635.41000000,145.69810000,1693656119999,238285.02315300,273,99.24600000,162309.32475100,0
1693656120000,1635.41000000,1635.68000000,1634.82000000,1634.82000000,55.26450000,1693656179999,90379.33267100,250,16.48580000,26962.33982400,0
1693656180000,1634.83000000,1634.90000000,1634.36000000,1634.36000000,108.57640000,1693656239999,177496.81917600,213,42.73350000,69858.60539700,0
1693656240000,1634.37000000,1634.60000000,1634.36000000,1634.59000000,63.99070000,1693656299999,104594.76645600,191,28.85140000,47157.14150200,0
1693656300000,1634.58000000,1634.60000000,1634.58000000,1634.59000000,35.92290000,1693656359999,58719.41613900,162,31.90870000,52157.85363300,0
1693656360000,1634.59000000,1634.60000000,1634.43000000,1634.44000000,27.07670000,1693656419999,44257.38790300,126,5.82180000,9515.63573600,0
1693656420000,1634.43000000,1634.60000000,1634.43000000,1634.60000000,37.38170000,1693656479999,61099.78604400,157,25.82770000,42215.39137600,0
1693656480000,1634.60000000,1634.60000000,1634.25000000,1634.26000000,35.33400000,1693656539999,57748.51459600,202,12.00630000,19621.63113800,0
1693656540000,1634.26000000,1634.26000000,1634.01000000,1634.01000000,72.77430000,1693656599999,118924.31925400,185,8.94560000,14619.22260800,0
1693656600000,1634.02000000,1634.15000000,1633.84000000,1634.15000000,89.20560000,1693656659999,145754.07147000,190,66.48990000,108638.62659300,0
1693656660000,1634.14000000,1634.24000000,1634.14000000,1634.23000000,24.75300000,1693656719999,40450.33274200,123,15.95100000,26066.57285500,0
1693656720000,1634.23000000,1634.24000000,1634.14000000,1634.14000000,51.62420000,1693656779999,84365.29209300,176,12.67000000,20705.39503700,0
1693656780000,1634.14000000,1634.15000000,1634.14000000,1634.15000000,21.90580000,1693656839999,35797.21485900,134,7.08470000,11577.46250500,0
1693656840000,1634.15000000,1634.40000000,1634.14000000,1634.39000000,38.75150000,1693656899999,63327.14521600,172,23.03100000,37636.64317100,0
1693656900000,1634.39000000,1634.40000000,1634.23000000,1634.23000000,34.89960000,1693656959999,57038.79339400,182,12.43770000,20327.93001600,0
1693656960000,1634.24000000,1634.24000000,1634.19000000,1634.23000000,156.23670000,1693657019999,255324.52423000,213,94.50620000,154442.74781300,0
1693657020000,1634.23000000,1634.24000000,1634.23000000,1634.24000000,40.91910000,1693657079999,66871.36888100,153,14.80880000,24201.13331200,0
1693657080000,1634.24000000,1634.24000000,1634.23000000,1634.24000000,26.16730000,1693657139999,42763.56507100,124,17.83920000,29153.53420800,0
1693657140000,1634.24000000,1634.24000000,1633.62000000,1633.70000000,144.20170000,1693657199999,235618.17014300,244,24.60540000,40203.15690900,0
1693657200000,1633.70000000,1633.87000000,1633.69000000,1633.87000000,32.78050000,1693657259999,53553.61321900,161,22.02290000,35978.94120700,0
1693657260000,1633.87000000,1634.47000000,1633.86000000,1634.47000000,73.85860000,1693657319999,120694.81265900,133,68.33060000,111659.72275100,0
1693657320000,1634.46000000,1634.64000000,1634.46000000,1634.64000000,27.74690000,1693657379999,45352.61509500,127,20.50090000,33508.97261000,0
1693657380000,1634.64000000,1634.69000000,1634.63000000,1634.69000000,59.41950000,1693657439999,97129.93269000,142,37.29370000,60962.15350100,0
1693657440000,1634.68000000,1634.97000000,1634.68000000,1634.96000000,25.34000000,1693657499999,41426.16728400,177,13.14380000,21487.92650500,0
1693657500000,1634.97000000,1635.06000000,1634.31000000,1634.32000000,53.94500000,1693657559999,88188.21551700,201,19.84550000,32441.24472000,0
1693657560000,1634.32000000,1634.32000000,1634.31000000,1634.32000000,27.87720000,1693657619999,45560.10989500,197,12.31630000,20128.77541600,0
1693657620000,1634.32000000,1634.32000000,1633.87000000,1633.87000000,75.11580000,1693657679999,122747.76237100,235,24.63920000,40263.58586300,0
1693657680000,1633.88000000,1633.88000000,1633.33000000,1633.61000000,206.85320000,1693657739999,337906.42953000,221,42.25600000,69026.98387800,0
1693657740000,1633.61000000,1633.98000000,1633.61000000,1633.98000000,33.70720000,1693657799999,55071.17374900,130,28.55510000,46652.92726800,0
1693657800000,1633.97000000,1634.24000000,1633.97000000,1634.08000000,99.74970000,1693657859999,163006.71992500,184,22.34620000,36515.13271200,0
1693657860000,1634.08000000,1634.08000000,1634.07000000,1634.08000000,29.15800000,1693657919999,47646.30590800,116,9.28480000,15172.10598400,0
1693657920000,1634.07000000,1634.08000000,1634.07000000,1634.07000000,43.27100000,1693657979999,70707.96870200,164,12.57320000,20545.61465600,0
1693657980000,1634.08000000,1634.20000000,1633.99000000,1634.00000000,105.82720000,1693658039999,172934.59100200,184,51.25910000,83763.56321100,0
1693658040000,1633.99000000,1634.00000000,1633.66000000,1633.66000000,90.31370000,1693658099999,147569.36234600,209,13.74700000,22462.37192600,0
1693658100000,1633.67000000,1633.94000000,1633.66000000,1633.93000000,51.35970000,1693658159999,83914.68137800,141,19.74930000,32266.20489300,0
1693658160000,1633.93000000,1634.39000000,1633.93000000,1634.29000000,91.09990000,1693658219999,148871.33401300,218,60.72390000,99229.98373400,0
1693658220000,1634.28000000,1634.33000000,1634.28000000,1634.32000000,41.27120000,1693658279999,67449.51299900,112,17.38370000,28410.17885100,0
1693658280000,1634.32000000,1634.35000000,1634.32000000,1634.34000000,22.78270000,1693658339999,37234.67128400,117,20.52000000,33536.65825600,0
1693658340000,1634.34000000,1634.35000000,1634.34000000,1634.34000000,17.12640000,1693658399999,27990.41865300,102,5.80770000,9491.81449500,0
1693658400000,1634.35000000,1634.35000000,1634.34000000,1634.34000000,16.39770000,1693658459999,26799.49504400,79,7.80260000,12752.17931000,0
1693658460000,1634.35000000,1634.35000000,1634.34000000,1634.34000000,11.56000000,1693658519999,18892.99461100,86,2.42110000,3956.92478500,0
1693658520000,1634.35000000,1634.35000000,1634.34000000,1634.34000000,11.64310000,1693658579999,19028.84338900,80,5.93350000,9697.41572500,0
1693658580000,1634.34000000,1634.62000000,1634.34000000,1634.62000000,66.62150000,1693658639999,108884.60425200,149,56.47180000,92296.39490300,0
1693658640000,1634.61000000,1634.62000000,1634.58000000,1634.59000000,99.63870000,1693658699999,162870.40885100,137,2.07020000,3383.97271700,0
1693658700000,1634.59000000,1635.16000000,1634.58000000,1635.16000000,56.72310000,1693658759999,92735.64112200,135,42.57430000,69600.53216800,0
1693658760000,1635.15000000,1635.16000000,1634.78000000,1634.79000000,60.08100000,1693658819999,98233.25743200,174,12.94080000,21157.78932800,0
1693658820000,1634.78000000,1634.79000000,1634.78000000,1634.78000000,23.78040000,1693658879999,38875.80965800,121,8.73460000,14279.23673400,0
1693658880000,1634.79000000,1634.79000000,1634.68000000,1634.69000000,32.62550000,1693658939999,53333.51369800,110,2.92390000,4779.78568100,0
1693658940000,1634.68000000,1634.69000000,1634.68000000,1634.68000000,53.33140000,1693658999999,87180.16988600,152,39.69340000,64886.40404600,0
1693659000000,1634.69000000,1634.69000000,1634.49000000,1634.50000000,93.70840000,1693659059999,153175.63232000,253,26.94510000,44045.22197500,0
1693659060000,1634.50000000,1634.50000000,1633.99000000,1634.00000000,81.02980000,1693659119999,132422.24758100,223,9.37600000,15323.76774600,0
1693659120000,1633.99000000,1634.00000000,1633.99000000,1633.99000000,10.98960000,1693659179999,17956.93612700,92,3.96230000,6474.39820000,0
1693659180000,1634.00000000,1634.00000000,1633.99000000,1634.00000000,13.27810000,1693659239999,21696.36778000,102,8.51610000,13915.30740000,0
1693659240000,1633.99000000,1634.00000000,1633.99000000,1634.00000000,39.21450000,1693659299999,64076.14261100,133,4.17560000,6822.93040000,0
1693659300000,1634.00000000,1634.09000000,1633.99000000,1634.08000000,19.81160000,1693659359999,32372.47592900,129,10.09260000,16491.60877800,0
1693659360000,1634.09000000,1634.15000000,1634.08000000,1634.15000000,23.16760000,1693659419999,37858.20141900,114,15.88000000,25949.49011700,0
1693659420000,1634.14000000,1634.47000000,1634.14000000,1634.47000000,29.35280000,1693659479999,47970.85145000,166,22.48430000,36746.14742600,0
1693659480000,1634.46000000,1634.47000000,1634.46000000,1634.47000000,67.80760000,1693659539999,110829.40428600,133,59.43900000,97151.26233000,0
1693659540000,1634.46000000,1634.94000000,1634.46000000,1634.93000000,63.17270000,1693659599999,103268.62681100,155,54.47100000,89042.74210700,0
1693659600000,1634.93000000,1635.10000000,1634.86000000,1634.96000000,70.70110000,1693659659999,115596.70414700,192,10.53280000,17221.00258200,0
1693659660000,1634.97000000,1634.97000000,1634.79000000,1634.80000000,56.88560000,1693659719999,93003.17059100,145,5.31180000,8683.91282900,0
1693659720000,1634.79000000,1635.16000000,1634.79000000,1635.15000000,81.21540000,1693659779999,132774.83924200,157,69.40380000,113464.38182200,0
1693659780000,1635.16000000,1635.16000000,1634.92000000,1634.93000000,34.85230000,1693659839999,56985.01003800,165,8.31700000,13598.90362400,0
1693659840000,1634.92000000,1634.93000000,1634.69000000,1634.70000000,43.13820000,1693659899999,70525.10621600,171,11.77440000,19249.76240000,0
1693659900000,1634.69000000,1634.70000000,1634.50000000,1634.62000000,49.42120000,1693659959999,80784.31873500,140,18.46780000,30187.39907900,0
1693659960000,1634.63000000,1634.72000000,1634.62000000,1634.63000000,110.64820000,1693660019999,180871.23690600,263,61.05980000,99810.95704100,0
1693660020000,1634.63000000,1634.84000000,1634.60000000,1634.84000000,197.74010000,1693660079999,323233.33598500,247,142.88940000,233572.40753300,0
1693660080000,1634.83000000,1634.84000000,1634.72000000,1634.82000000,134.89950000,1693660139999,220527.15420100,195,96.00810000,156947.67198300,0
1693660140000,1634.82000000,1634.83000000,1634.81000000,1634.82000000,43.00010000,1693660199999,70297.44879300,137,4.05950000,6636.58136800,0
1693660200000,1634.81000000,1635.20000000,1634.81000000,1635.15000000,162.34940000,1693660259999,265436.50798200,191,129.32120000,211437.36404200,0
1693660260000,1635.14000000,1635.15000000,1635.14000000,1635.15000000,40.22010000,1693660319999,65765.69140500,147,19.70910000,32227.33486500,0
1693660320000,1635.15000000,1635.15000000,1634.91000000,1634.92000000,110.78140000,1693660379999,181136.81143500,219,4.13320000,6757.84473600,0
1693660380000,1634.92000000,1634.92000000,1634.91000000,1634.92000000,69.05420000,1693660439999,112897.48094600,253,7.88240000,12887.09340800,0
1693660440000,1634.91000000,1634.92000000,1634.53000000,1634.76000000,282.16300000,1693660499999,461241.72557900,318,142.54140000,232992.11524200,0
1693660500000,1634.76000000,1634.82000000,1634.75000000,1634.78000000,92.91340000,1693660559999,151893.44531500,184,31.11540000,50866.81098400,0
1693660560000,1634.77000000,1634.78000000,1633.83000000,1633.84000000,271.84170000,1693660619999,444314.49544700,279,9.08440000,14846.44757200,0
1693660620000,1633.84000000,1633.84000000,1633.68000000,1633.69000000,129.93160000,1693660679999,212278.33569200,238,87.60050000,143119.57917000,0
1693660680000,1633.68000000,1633.84000000,1633.47000000,1633.54000000,308.86940000,1693660739999,504554.48677100,310,246.38710000,402478.39321100,0
1693660740000,1633.55000000,1633.62000000,1633.54000000,1633.61000000,39.31370000,1693660799999,64222.01083000,174,18.71420000,30571.22648400,0
1693660800000,1633.62000000,1633.73000000,1633.54000000,1633.72000000,192.59610000,1693660859999,314618.45331600,201,136.78290000,223442.06554500,0
1693660860000,1633.72000000,1633.73000000,1633.61000000,1633.62000000,73.11590000,1693660919999,119448.83902100,179,43.51110000,71084.41522400,0
1693660920000,1633.62000000,1634.25000000,1633.61000000,1634.25000000,162.08530000,1693660979999,264846.70872100,156,140.67990000,229868.73494100,0
1693660980000,1634.25000000,1634.41000000,1634.24000000,1634.41000000,143.32300000,1693661039999,234242.19461400,164,134.83840000,220375.17248800,0
1693661040000,1634.41000000,1634.78000000,1634.40000000,1634.78000000,83.76010000,1693661099999,136904.76027900,150,73.67970000,120428.24582800,0
1693661100000,1634.78000000,1635.08000000,1634.77000000,1635.07000000,71.86710000,1693661159999,117500.08382000,195,48.75190000,79707.83347300,0
1693661160000,1635.08000000,1635.08000000,1635.07000000,1635.08000000,45.31610000,1693661219999,74095.15580600,157,16.01790000,26190.54793200,0
1693661220000,1635.07000000,1635.08000000,1635.07000000,1635.07000000,17.18990000,1693661279999,28106.73185100,113,4.20580000,6876.81946400,0
1693661280000,1635.07000000,1635.08000000,1634.90000000,1635.07000000,50.43210000,1693661339999,82456.01325200,149,25.25880000,41297.38349200,0
1693661340000,1635.06000000,1635.07000000,1635.06000000,1635.06000000,43.43430000,1693661399999,71017.82183600,151,13.52780000,22118.89994600,0
1693661400000,1635.07000000,1636.12000000,1635.06000000,1636.12000000,60.95110000,1693661459999,99683.31851900,201,50.92470000,83283.96846700,0
1693661460000,1636.11000000,1636.89000000,1636.00000000,1636.31000000,227.93430000,1693661519999,372986.36084600,340,109.34030000,178907.40561700,0
1693661520000,1636.31000000,1636.35000000,1635.70000000,1635.70000000,275.66380000,1693661579999,451046.19523900,302,189.65100000,310313.76922000,0
1693661580000,1635.70000000,1635.82000000,1635.47000000,1635.51000000,40.68980000,1693661639999,66556.33818700,251,22.27820000,36440.71167300,0
1693661640000,1635.52000000,1636.52000000,1635.43000000,1636.51000000,276.69200000,1693661699999,452654.43829200,325,239.75350000,392225.14514100,0
1693661700000,1636.51000000,1636.68000000,1636.51000000,1636.54000000,134.32090000,1693661759999,219830.97351900,230,64.18750000,105046.74881400,0
1693661760000,1636.54000000,1636.55000000,1636.26000000,1636.50000000,65.04040000,1693661819999,106427.25065700,204,39.73090000,65011.67217900,0
1693661820000,1636.50000000,1636.50000000,1636.34000000,1636.50000000,104.66500000,1693661879999,171273.49505300,168,78.76210000,128884.62495900,0
1693661880000,1636.50000000,1638.90000000,1636.49000000,1637.96000000,513.33870000,1693661939999,840896.64436500,815,337.49800000,552781.10606400,0
1693661940000,1637.96000000,1638.79000000,1637.81000000,1638.79000000,153.16850000,1693661999999,250904.12642400,272,86.39810000,141521.49921300,0
1693662000000,1638.78000000,1638.98000000,1637.63000000,1638.78000000,289.30900000,1693662059999,473974.58352000,448,66.29890000,108605.68040200,0
1693662060000,1638.79000000,1639.37000000,1638.78000000,1639.18000000,141.36850000,1693662119999,231724.90600300,284,101.32640000,166084.01427700,0
1693662120000,1639.17000000,1639.37000000,1639.01000000,1639.36000000,62.90770000,1693662179999,103121.17444300,203,25.67000000,42078.02118600,0
1693662180000,1639.37000000,1639.58000000,1637.95000000,1638.11000000,161.44960000,1693662239999,264594.61992200,334,40.05540000,65649.94182600,0
1693662240000,1638.12000000,1638.87000000,1638.11000000,1638.86000000,70.73400000,1693662299999,115898.24882000,197,57.90750000,94883.29640700,0
1693662300000,1638.87000000,1639.15000000,1637.93000000,1637.93000000,99.58560000,1693662359999,163191.02794000,263,30.67350000,50269.71627500,0
1693662360000,1637.93000000,1638.59000000,1637.16000000,1637.17000000,217.07000000,1693662419999,355567.09268600,343,88.78160000,145421.43308100,0
1693662420000,1637.16000000,1637.81000000,1637.15000000,1637.51000000,96.95570000,1693662479999,158779.54730500,239,39.46240000,64623.01685300,0
1693662480000,1637.50000000,1637.67000000,1637.19000000,1637.20000000,33.13960000,1693662539999,54264.42707100,151,17.92640000,29354.01282600,0
1693662540000,1637.20000000,1637.57000000,1637.19000000,1637.21000000,83.16600000,1693662599999,136167.62028100,192,39.55230000,64756.89231700,0
1693662600000,1637.21000000,1637.22000000,1636.27000000,1636.59000000,80.63630000,1693662659999,131971.63951600,324,31.82060000,52073.24060600,0
1693662660000,1636.58000000,1637.14000000,1636.58000000,1637.13000000,92.34830000,1693662719999,151168.01941400,348,26.48850000,43361.10405400,0
1693662720000,1637.13000000,1637.14000000,1635.88000000,1636.50000000,141.49900000,1693662779999,231556.26146500,296,72.32720000,118345.18953600,0
1693662780000,1636.50000000,1637.05000000,1636.49000000,1636.68000000,64.49410000,1693662839999,105559.69178200,229,45.40760000,74317.57404700,0
1693662840000,1636.67000000,1637.05000000,1636.67000000,1636.88000000,67.43190000,1693662899999,110378.78982900,197,37.47220000,61335.25446000,0
1693662900000,1636.88000000,1637.57000000,1636.88000000,1637.57000000,53.74870000,1693662959999,87993.45814700,192,33.35340000,54604.97337000,0
1693662960000,1637.56000000,1637.90000000,1637.46000000,1637.90000000,40.72180000,1693663019999,66683.91922700,187,18.48430000,30269.05661900,0
1693663020000,1637.89000000,1637.90000000,1637.14000000,1637.15000000,65.58260000,1693663079999,107390.98338600,200,4.62200000,7568.56935300,0
1693663080000,1637.14000000,1637.15000000,1636.57000000,1636.75000000,61.06350000,1693663139999,99949.78660200,202,16.51820000,27035.49821100,0
1693663140000,1636.76000000,1636.98000000,1636.48000000,1636.48000000,217.69250000,1693663199999,356302.71002800,381,141.27340000,231228.11705300,0
1693663200000,1636.49000000,1637.07000000,1636.48000000,1636.99000000,347.80910000,1693663259999,569298.55168500,378,233.54400000,382258.83802600,0
1693663260000,1636.99000000,1637.06000000,1636.82000000,1637.03000000,61.60240000,1693663319999,100837.98981600,178,48.33460000,79118.50620200,0
1693663320000,1637.02000000,1637.45000000,1637.02000000,1637.20000000,77.63100000,1693663379999,127104.30034500,200,30.34960000,49686.20773200,0
1693663380000,1637.21000000,1637.44000000,1637.20000000,1637.44000000,52.21780000,1693663439999,85492.56979100,130,11.94830000,19562.96432700,0
1693663440000,1637.43000000,1637.60000000,1637.43000000,1637.55000000,95.63950000,1693663499999,156606.26765000,169,61.36570000,100483.70319200,0
1693663500000,1637.55000000,1638.32000000,1637.55000000,1638.31000000,134.05610000,1693663559999,219558.81131500,225,113.13380000,185288.95302500,0
1693663560000,1638.31000000,1638.66000000,1638.31000000,1638.66000000,115.41590000,1693663619999,189107.37399800,242,87.00280000,142553.62037400,0
1693663620000,1638.66000000,1638.89000000,1638.65000000,1638.88000000,144.22320000,1693663679999,236350.12354200,173,125.59040000,205814.06790600,0
1693663680000,1638.89000000,1638.89000000,1638.35000000,1638.48000000,130.97660000,1693663739999,214624.39612900,243,54.99250000,90105.10423900,0
1693663740000,1638.49000000,1638.90000000,1638.48000000,1638.51000000,93.44850000,1693663799999,153140.26880100,242,56.94720000,93323.25135100,0
1693663800000,1638.52000000,1638.78000000,1638.51000000,1638.77000000,103.91670000,1693663859999,170272.55599700,229,72.26770000,118413.32245900,0
1693663860000,1638.78000000,1638.78000000,1638.12000000,1638.12000000,113.94470000,1693663919999,186695.85431500,186,16.09270000,26363.00308000,0
1693663920000,1638.12000000,1638.13000000,1637.86000000,1637.86000000,30.85410000,1693663979999,50539.26065900,208,4.84980000,7944.29880600,0
1693663980000,1637.87000000,1638.07000000,1637.74000000,1638.03000000,87.26170000,1693664039999,142923.04101200,173,67.01590000,109761.54894100,0
1693664040000,1638.02000000,1638.03000000,1637.89000000,1638.02000000,24.37360000,1693664099999,39922.97833000,186,10.70420000,17533.19062700,0
1693664100000,1638.01000000,1638.61000000,1638.01000000,1638.60000000,60.22300000,1693664159999,98675.63362400,142,48.80000000,79959.63596200,0
1693664160000,1638.60000000,1638.69000000,1638.20000000,1638.20000000,86.28400000,1693664219999,141384.36882100,192,33.65860000,55153.97794900,0
1693664220000,1638.21000000,1638.21000000,1637.51000000,1637.52000000,40.21740000,1693664279999,65867.08318800,185,8.66710000,14193.67389700,0
1693664280000,1637.52000000,1637.52000000,1637.34000000,1637.35000000,34.29790000,1693664339999,56162.88340500,159,4.15760000,6808.05902300,0
1693664340000,1637.35000000,1637.35000000,1637.14000000,1637.32000000,91.06710000,1693664399999,149096.66841900,152,71.98480000,117853.66266200,0
1693664400000,1637.33000000,1637.49000000,1637.11000000,1637.11000000,74.34260000,1693664459999,121731.64685800,165,15.32860000,25099.30767700,0
1693664460000,1637.12000000,1637.12000000,1636.83000000,1636.84000000,15.58900000,1693664519999,25519.25665400,147,5.68090000,9299.63611000,0
1693664520000,1636.83000000,1636.84000000,1636.83000000,1636.84000000,10.53010000,1693664579999,17236.03687400,88,5.32910000,8722.88404400,0
1693664580000,1636.83000000,1636.84000000,1636.53000000,1636.54000000,71.22310000,1693664639999,116573.45905500,197,11.34250000,18564.25916600,0
1693664640000,1636.54000000,1636.54000000,1635.66000000,1635.70000000,286.08910000,1693664699999,468063.00169200,314,106.36940000,174009.88449300,0
1693664700000,1635.71000000,1635.71000000,1635.31000000,1635.34000000,97.24210000,1693664759999,159035.15438900,211,43.52730000,71181.51031200,0
1693664760000,1635.35000000,1635.51000000,1635.24000000,1635.51000000,70.09670000,1693664819999,114631.09660700,195,39.94160000,65318.22415800,0
1693664820000,1635.51000000,1635.51000000,1635.45000000,1635.45000000,79.81550000,1693664879999,130537.81317700,122,8.75220000,14314.11967700,0
1693664880000,1635.46000000,1635.46000000,1635.32000000,1635.33000000,40.01870000,1693664939999,65446.72625000,148,9.06010000,14817.12468600,0
1693664940000,1635.33000000,1635.46000000,1635.32000000,1635.46000000,12.35460000,1693664999999,20204.37012900,96,9.38570000,15349.16941700,0
1693665000000,1635.46000000,1635.66000000,1635.45000000,1635.66000000,25.82350000,1693665059999,42235.73933600,138,14.41920000,23584.03924900,0
1693665060000,1635.66000000,1636.96000000,1635.65000000,1636.96000000,163.37970000,1693665119999,267379.93428200,221,115.69970000,189352.58519400,0
1693665120000,1636.96000000,1636.96000000,1636.11000000,1636.12000000,103.88970000,1693665179999,170034.91120400,231,47.75540000,78160.78894200,0
1693665180000,1636.11000000,1636.12000000,1636.04000000,1636.05000000,55.30100000,1693665239999,90478.22971100,150,5.42690000,8878.93550500,0
1693665240000,1636.04000000,1636.05000000,1635.94000000,1636.05000000,29.67830000,1693665299999,48553.13705500,124,19.18230000,31381.76102500,0
1693665300000,1636.05000000,1636.05000000,1635.87000000,1635.87000000,29.40030000,1693665359999,48099.65396600,107,5.81340000,9510.92698900,0
1693665360000,1635.88000000,1636.05000000,1635.77000000,1636.04000000,23.35740000,1693665419999,38209.87385600,132,12.44100000,20351.86540700,0
1693665420000,1636.05000000,1636.74000000,1635.96000000,1636.64000000,105.04700000,1693665479999,171870.57086400,192,81.00260000,132530.18549600,0
1693665480000,1636.64000000,1636.65000000,1635.91000000,1636.43000000,76.91520000,1693665539999,125850.21803000,204,22.60320000,36981.82513700,0
1693665540000,1636.43000000,1636.43000000,1636.00000000,1636.01000000,32.91980000,1693665599999,53866.25781400,168,9.58000000,15675.85038400,0
1693665600000,1636.00000000,1636.62000000,1636.00000000,1636.61000000,55.64930000,1693665659999,91058.35621400,141,44.55950000,72912.77915700,0
1693665660000,1636.62000000,1636.77000000,1636.39000000,1636.40000000,69.06850000,1693665719999,113034.19196900,175,38.36920000,62791.29787500,0
1693665720000,1636.39000000,1636.40000000,1636.32000000,1636.33000000,36.21300000,1693665779999,59257.37643300,152,19.51980000,31941.22382800,0
1693665780000,1636.33000000,1636.81000000,1636.32000000,1636.80000000,17.56530000,1693665839999,28746.24041300,113,8.83980000,14466.94376900,0
1693665840000,1636.81000000,1638.23000000,1636.76000000,1638.14000000,290.76690000,1693665899999,476139.98257300,383,219.46030000,359356.27571500,0
1693665900000,1638.14000000,1638.14000000,1637.71000000,1638.10000000,196.42580000,1693665959999,321724.10779600,241,35.90030000,58799.80555600,0
1693665960000,1638.11000000,1638.66000000,1637.82000000,1638.65000000,109.89380000,1693666019999,180024.61072100,218,66.61210000,109124.03543200,0
1693666020000,1638.66000000,1639.77000000,1638.44000000,1639.52000000,334.30250000,1693666079999,548033.07085700,371,243.75810000,399606.33938400,0
1693666080000,1639.53000000,1639.69000000,1639.26000000,1639.50000000,194.06920000,1693666139999,318163.95375200,251,158.06000000,259126.23234000,0
1693666140000,1639.50000000,1639.80000000,1639.38000000,1639.54000000,90.45220000,1693666199999,148304.28436200,197,38.37880000,62923.20988400,0
1693666200000,1639.55000000,1639.55000000,1637.72000000,1637.73000000,79.90840000,1693666259999,130960.33166600,238,9.09660000,14905.38872600,0
1693666260000,1637.72000000,1637.99000000,1637.56000000,1637.76000000,266.82610000,1693666319999,436982.71555800,286,212.47040000,347955.06756300,0
1693666320000,1637.76000000,1637.77000000,1637.49000000,1637.50000000,78.47450000,1693666379999,128506.80862500,199,55.45510000,90810.16201800,0
1693666380000,1637.49000000,1637.84000000,1637.49000000,1637.83000000,45.24260000,1693666439999,74095.69342600,115,25.47890000,41726.23183100,0
1693666440000,1637.83000000,1637.84000000,1637.51000000,1637.51000000,103.81930000,1693666499999,170017.33805300,187,26.90830000,44065.83065300,0
1693666500000,1637.52000000,1637.52000000,1637.44000000,1637.45000000,19.36240000,1693666559999,31705.39913300,123,4.75180000,7780.96742000,0
1693666560000,1637.44000000,1637.72000000,1637.38000000,1637.38000000,137.09250000,1693666619999,224493.32989200,219,98.57770000,161419.74144200,0
1693666620000,1637.38000000,1638.29000000,1637.22000000,1638.01000000,81.29020000,1693666679999,133143.32508000,227,54.46770000,89212.51010500,0
1693666680000,1638.00000000,1638.01000000,1637.77000000,1637.78000000,25.91620000,1693666739999,42448.54840800,111,5.40100000,8846.24104100,0
1693666740000,1637.77000000,1637.78000000,1637.77000000,1637.77000000,15.49680000,1693666799999,25380.24438900,108,5.02530000,8230.33583400,0
1693666800000,1637.77000000,1638.23000000,1637.77000000,1638.01000000,130.57070000,1693666859999,213878.32260400,246,76.67620000,125590.28852000,0
1693666860000,1638.01000000,1638.95000000,1637.98000000,1638.94000000,96.65140000,1693666919999,158345.38445700,190,61.72510000,101122.39906000,0
1693666920000,1638.94000000,1638.95000000,1637.99000000,1637.99000000,123.10270000,1693666979999,201712.35968400,228,6.96100000,11406.00900900,0
1693666980000,1637.99000000,1638.00000000,1637.50000000,1637.58000000,128.93740000,1693667039999,211161.81576500,237,38.81210000,63560.47731300,0
1693667040000,1637.59000000,1637.85000000,1637.21000000,1637.84000000,35.37340000,1693667099999,57924.96480200,161,26.48290000,43366.76981300,0
1693667100000,1637.85000000,1638.73000000,1637.84000000,1638.72000000,30.73940000,1693667159999,50353.61028100,132,23.19430000,37994.72398300,0
1693667160000,1638.72000000,1641.65000000,1638.72000000,1641.02000000,984.23390000,1693667219999,1614895.90493700,1046,467.84720000,767449.00487300,0
1693667220000,1641.01000000,1641.17000000,1640.02000000,1641.16000000,192.66640000,1693667279999,316061.59342800,350,125.45910000,205811.75039400,0
1693667280000,1641.19000000,1641.40000000,1640.64000000,1640.85000000,225.51000000,1693667339999,370024.74310300,290,155.16070000,254578.59278100,0
1693667340000,1640.86000000,1641.38000000,1640.09000000,1640.77000000,761.48890000,1693667399999,1249423.86203600,496,285.38820000,468284.18016300,0
1693667400000,1640.78000000,1640.78000000,1639.51000000,1639.51000000,77.05240000,1693667459999,126367.98243500,187,15.11870000,24795.41481300,0
1693667460000,1639.52000000,1640.37000000,1639.51000000,1640.23000000,138.06360000,1693667519999,226411.31681400,265,98.73670000,161906.63796000,0
1693667520000,1640.24000000,1640.79000000,1640.02000000,1640.78000000,47.17210000,1693667579999,77371.96781700,218,33.66070000,55210.78808700,0
1693667580000,1640.78000000,1640.90000000,1640.44000000,1640.45000000,25.96100000,1693667639999,42592.01461900,124,10.19240000,16721.58507600,0
1693667640000,1640.44000000,1640.45000000,1640.00000000,1640.33000000,45.97480000,1693667699999,75404.64451200,164,17.70380000,29036.20736100,0
1693667700000,1640.32000000,1641.17000000,1640.04000000,1640.49000000,104.45640000,1693667759999,171359.33796100,264,60.31580000,98944.03605600,0
1693667760000,1640.48000000,1641.53000000,1640.48000000,1641.08000000,147.93210000,1693667819999,242788.36573800,235,56.55240000,92801.56574600,0
1693667820000,1641.08000000,1643.29000000,1641.07000000,1642.12000000,457.38210000,1693667879999,751073.83970800,756,367.69590000,603769.44529200,0
1693667880000,1642.12000000,1643.32000000,1642.08000000,1642.08000000,299.94730000,1693667939999,492687.58943200,389,118.08680000,193964.23483100,0
1693667940000,1642.09000000,1642.53000000,1641.81000000,1642.53000000,84.14140000,1693667999999,138180.03722500,179,72.52510000,119104.45962400,0
1693668000000,1642.53000000,1642.53000000,1641.81000000,1641.81000000,144.09320000,1693668059999,236628.56249100,222,21.18370000,34788.40064300,0
1693668060000,1641.82000000,1642.31000000,1641.60000000,1642.30000000,143.77400000,1693668119999,236032.00704300,240,103.04260000,169164.76771900,0
1693668120000,1642.30000000,1642.31000000,1641.84000000,1641.93000000,53.78670000,1693668179999,88318.92643700,162,16.71580000,27447.63761900,0
1693668180000,1641.93000000,1642.22000000,1641.84000000,1641.85000000,82.47750000,1693668239999,135430.97219600,201,27.20210000,44663.96178700,0
1693668240000,1641.86000000,1641.95000000,1641.25000000,1641.38000000,56.24220000,1693668299999,92332.11697300,161,13.29860000,21831.74044500,0
1693668300000,1641.38000000,1643.50000000,1641.37000000,1643.40000000,355.23760000,1693668359999,583572.36511400,416,322.33660000,529511.15701800,0
1693668360000,1643.40000000,1645.00000000,1643.34000000,1644.60000000,557.12590000,1693668419999,916122.25672500,818,340.02520000,559075.03878000,0
1693668420000,1644.60000000,1645.00000000,1642.81000000,1642.82000000,259.74660000,1693668479999,427099.86069400,371,60.36420000,99277.07090400,0
1693668480000,1642.82000000,1642.82000000,1642.29000000,1642.52000000,248.40180000,1693668539999,407983.17644800,239,90.55730000,148727.54834300,0
1693668540000,1642.52000000,1643.06000000,1642.51000000,1643.06000000,55.50610000,1693668599999,91185.34022200,137,40.54110000,66600.18479000,0
1693668600000,1643.05000000,1643.49000000,1643.05000000,1643.10000000,89.56780000,1693668659999,147181.98611300,194,52.47770000,86230.28553700,0
1693668660000,1643.10000000,1643.10000000,1641.83000000,1642.07000000,97.44190000,1693668719999,160058.64682800,217,14.59830000,23972.89246400,0
1693668720000,1642.06000000,1642.42000000,1641.76000000,1641.77000000,78.49060000,1693668779999,128882.51533200,163,44.09960000,72410.92701900,0
1693668780000,1641.77000000,1642.29000000,1641.53000000,1642.02000000,206.84430000,1693668839999,339598.87747900,292,130.85410000,214826.40534600,0
1693668840000,1642.02000000,1642.60000000,1641.87000000,1642.45000000,82.67620000,1693668899999,135770.84988700,199,65.67880000,107853.72827000,0
1693668900000,1642.46000000,1642.46000000,1641.71000000,1641.72000000,57.95480000,1693668959999,95161.22521900,230,24.91620000,40912.23585300,0
1693668960000,1641.72000000,1642.01000000,1641.54000000,1641.96000000,167.47160000,1693669019999,274959.74084300,216,93.27620000,153135.23528700,0
1693669020000,1641.96000000,1641.96000000,1641.80000000,1641.93000000,12.96740000,1693669079999,21291.33347800,86,3.22960000,5302.66507200,0
1693669080000,1641.93000000,1642.50000000,1641.93000000,1642.50000000,40.59720000,1693669139999,66668.98682600,120,18.06880000,29671.27631400,0
1693669140000,1642.49000000,1642.64000000,1642.49000000,1642.50000000,31.50850000,1693669199999,51755.50307400,150,9.19860000,15109.45306700,0
1693669200000,1642.49000000,1644.43000000,1642.49000000,1644.43000000,422.00610000,1693669259999,693452.32399800,367,303.51790000,498770.44693700,0
1693669260000,1644.42000000,1644.43000000,1642.76000000,1642.76000000,83.73300000,1693669319999,137640.99149600,217,25.29180000,41573.35794600,0
1693669320000,1642.76000000,1642.77000000,1641.26000000,1641.41000000,89.76050000,1693669379999,147399.07399100,223,28.02890000,46015.05256600,0
1693669380000,1641.40000000,1642.15000000,1641.40000000,1641.96000000,106.78620000,1693669439999,175316.80211100,190,50.57990000,83036.05032100,0
1693669440000,1641.96000000,1641.97000000,1641.96000000,1641.96000000,21.06760000,1693669499999,34592.26130000,93,10.48040000,17208.50238800,0
1693669500000,1641.96000000,1642.64000000,1641.11000000,1641.12000000,140.30710000,1693669559999,230370.57261000,252,55.76870000,91576.60516300,0
1693669560000,1641.12000000,1641.12000000,1640.01000000,1640.01000000,94.62630000,1693669619999,155254.51684000,251,39.78370000,65272.62623200,0
1693669620000,1640.02000000,1640.25000000,1640.01000000,1640.02000000,65.42960000,1693669679999,107312.46164500,176,27.83660000,45654.31954600,0
1693669680000,1640.02000000,1640.14000000,1639.51000000,1639.51000000,203.41120000,1693669739999,333588.05869300,209,31.92850000,52363.88281500,0
1693669740000,1639.52000000,1639.52000000,1639.05000000,1639.26000000,140.48290000,1693669799999,230270.82566200,250,107.08620000,175524.91192800,0
1693669800000,1639.27000000,1639.97000000,1639.26000000,1639.46000000,69.81050000,1693669859999,114463.81707200,183,39.83750000,65315.17179300,0
1693669860000,1639.46000000,1639.46000000,1638.90000000,1639.02000000,62.64130000,1693669919999,102686.36879800,194,13.77280000,22574.89972300,0
1693669920000,1639.02000000,1639.03000000,1638.44000000,1638.61000000,40.19450000,1693669979999,65868.68514700,145,15.46210000,25338.97689300,0
1693669980000,1638.60000000,1639.15000000,1638.60000000,1638.79000000,70.60690000,1693670039999,115718.21768500,206,27.18430000,44552.00184900,0
1693670040000,1638.78000000,1638.90000000,1638.70000000,1638.72000000,25.50870000,1693670099999,41803.01659200,104,10.22720000,16759.81048600,0
1693670100000,1638.73000000,1639.05000000,1638.71000000,1639.04000000,143.13090000,1693670159999,234578.99574800,251,78.17790000,128119.55842600,0
1693670160000,1639.05000000,1639.15000000,1638.72000000,1639.00000000,128.75430000,1693670219999,211027.29932000,189,83.67830000,137146.57367500,0
1693670220000,1638.99000000,1639.35000000,1638.99000000,1639.35000000,91.02150000,1693670279999,149196.17799500,244,15.53150000,25458.09339300,0
1693670280000,1639.34000000,1639.35000000,1638.79000000,1638.80000000,151.37870000,1693670339999,248137.29330100,151,17.79710000,29171.89877600,0
1693670340000,1638.79000000,1638.80000000,1638.79000000,1638.79000000,14.93550000,1693670399999,24476.23987400,106,9.18290000,15048.93652000,0
1693670400000,1638.80000000,1638.99000000,1638.79000000,1638.99000000,26.34870000,1693670459999,43183.33705900,134,16.88140000,27666.79698000,0
1693670460000,1638.99000000,1638.99000000,1638.45000000,1638.76000000,207.89420000,1693670519999,340672.70338300,208,19.97650000,32735.03590000,0
1693670520000,1638.75000000,1639.48000000,1638.75000000,1639.47000000,67.13950000,1693670579999,110038.22437900,153,61.11900000,100170.18506400,0
1693670580000,1639.48000000,1639.57000000,1638.79000000,1638.83000000,159.42570000,1693670639999,261349.14019900,201,113.47220000,186012.57172600,0
1693670640000,1638.82000000,1638.98000000,1638.82000000,1638.97000000,27.90030000,1693670699999,45727.70363500,108,16.51340000,27065.09952700,0
1693670700000,1638.98000000,1640.19000000,1638.97000000,1640.19000000,88.15580000,1693670759999,144544.61445300,187,76.60960000,125615.03362700,0
1693670760000,1640.18000000,1640.19000000,1640.18000000,1640.18000000,20.54100000,1693670819999,33691.09834100,88,16.09610000,26400.66225900,0
1693670820000,1640.19000000,1640.39000000,1639.24000000,1640.09000000,194.65180000,1693670879999,319157.97541200,244,142.71680000,233985.27625600,0
1693670880000,1640.09000000,1640.37000000,1640.09000000,1640.27000000,26.05320000,1693670939999,42732.99891400,101,15.24540000,25005.25111900,0
1693670940000,1640.27000000,1640.27000000,1640.26000000,1640.26000000,26.15390000,1693670999999,42899.41791400,97,22.19000000,36397.59130000,0
1693671000000,1640.27000000,1640.39000000,1640.26000000,1640.38000000,22.16500000,1693671059999,36358.07891600,120,13.33260000,21870.24490000,0
1693671060000,1640.38000000,1640.39000000,1640.38000000,1640.39000000,13.62650000,1693671119999,22352.67970400,101,4.16340000,6829.59972600,0
1693671120000,1640.38000000,1640.68000000,1640.38000000,1640.68000000,25.59890000,1693671179999,41993.85532000,131,21.01530000,34474.75929800,0
1693671180000,1640.67000000,1640.72000000,1640.67000000,1640.72000000,16.08250000,1693671239999,26386.60228800,109,14.28070000,23430.39631400,0
1693671240000,1640.72000000,1640.81000000,1640.42000000,1640.42000000,57.14920000,1693671299999,93768.40719100,135,7.30270000,11981.90413400,0
1693671300000,1640.43000000,1640.60000000,1639.89000000,1639.90000000,50.03610000,1693671359999,82077.36138200,162,7.22650000,11854.56199200,0
1693671360000,1639.90000000,1639.90000000,1639.61000000,1639.62000000,22.15180000,1693671419999,36322.87080400,138,5.02960000,8247.37061700,0
1693671420000,1639.61000000,1640.27000000,1639.61000000,1639.69000000,146.98040000,1693671479999,241018.97426300,175,54.84140000,89923.76095800,0
1693671480000,1639.70000000,1640.03000000,1639.60000000,1639.61000000,61.35470000,1693671539999,100610.41420300,149,33.46120000,54868.30692400,0
1693671540000,1639.60000000,1639.66000000,1639.22000000,1639.34000000,166.41530000,1693671599999,272824.06767400,172,59.47300000,97501.28793100,0
1693671600000,1639.33000000,1639.45000000,1639.33000000,1639.44000000,30.92150000,1693671659999,50693.56153100,103,11.53650000,18913.06478300,0
1693671660000,1639.45000000,1639.52000000,1639.44000000,1639.51000000,14.01300000,1693671719999,22974.27583200,86,10.59730000,17374.23135900,0
1693671720000,1639.51000000,1639.52000000,1639.39000000,1639.39000000,62.37180000,1693671779999,102255.11678000,102,43.87610000,71931.52211900,0
1693671780000,1639.40000000,1639.40000000,1639.12000000,1639.12000000,10.66470000,1693671839999,17482.41458600,89,1.73320000,2841.23895800,0
1693671840000,1639.12000000,1639.13000000,1638.57000000,1638.57000000,57.44720000,1693671899999,94151.11435100,141,6.16380000,10101.89070800,0
1693671900000,1638.58000000,1638.58000000,1637.60000000,1637.60000000,117.01690000,1693671959999,191680.92189500,285,26.05540000,42674.63085100,0
1693671960000,1637.60000000,1637.61000000,1637.12000000,1637.38000000,94.54390000,1693672019999,154796.56863600,231,60.25870000,98657.71445400,0
1693672020000,1637.37000000,1637.54000000,1637.23000000,1637.26000000,76.77460000,1693672079999,125702.01507800,133,56.91150000,93179.01530800,0
1693672080000,1637.26000000,1637.27000000,1637.06000000,1637.15000000,28.55720000,1693672139999,46751.29267700,122,7.72830000,12652.10807200,0
1693672140000,1637.16000000,1637.16000000,1636.85000000,1636.86000000,16.43840000,1693672199999,26909.45836000,116,3.00500000,4919.32863000,0
1693672200000,1636.86000000,1636.86000000,1636.08000000,1636.24000000,56.06130000,1693672259999,91752.37720400,240,7.33920000,12011.20322800,0
1693672260000,1636.23000000,1636.37000000,1636.23000000,1636.23000000,32.20900000,1693672319999,52702.32287300,133,24.48010000,40055.44039900,0
1693672320000,1636.24000000,1637.01000000,1636.16000000,1636.95000000,78.41300000,1693672379999,128326.72696100,174,70.36220000,115151.26577400,0
1693672380000,1636.96000000,1637.00000000,1636.77000000,1636.78000000,55.89890000,1693672439999,91501.92581800,161,32.16510000,52650.58505000,0
1693672440000,1636.77000000,1636.98000000,1636.61000000,1636.97000000,40.17720000,1693672499999,65760.60143900,145,19.58980000,32062.48291700,0
1693672500000,1636.98000000,1637.46000000,1636.97000000,1637.45000000,15.84040000,1693672559999,25935.05696000,80,9.38050000,15357.46548900,0
1693672560000,1637.45000000,1637.46000000,1636.76000000,1636.77000000,70.71160000,1693672619999,115777.60770300,149,9.85580000,16135.90326700,0
1693672620000,1636.77000000,1636.77000000,1636.36000000,1636.37000000,26.91120000,1693672679999,44043.15749600,100,4.37370000,7158.26222500,0
1693672680000,1636.36000000,1636.89000000,1636.36000000,1636.69000000,79.68950000,1693672739999,130417.84203600,166,58.57470000,95856.85835300,0
1693672740000,1636.68000000,1636.69000000,1635.62000000,1636.19000000,492.04070000,1693672799999,804992.86223900,284,133.54530000,218480.60806100,0
1693672800000,1636.20000000,1636.78000000,1635.86000000,1636.35000000,168.98370000,1693672859999,276528.54033800,239,50.16610000,82082.89737100,0
1693672860000,1636.36000000,1636.73000000,1636.35000000,1636.38000000,83.38910000,1693672919999,136476.96576000,226,20.47620000,33510.75892200,0
1693672920000,1636.37000000,1636.38000000,1636.21000000,1636.23000000,21.03000000,1693672979999,34411.30713400,133,8.26390000,13521.87944100,0
1693672980000,1636.24000000,1636.24000000,1636.10000000,1636.11000000,44.61220000,1693673039999,72994.32969400,195,6.13810000,10043.05803300,0
1693673040000,1636.10000000,1636.11000000,1635.73000000,1635.80000000,38.21810000,1693673099999,62526.86389600,107,4.21910000,6902.19035400,0
1693673100000,1635.80000000,1636.01000000,1635.74000000,1636.00000000,19.67790000,1693673159999,32190.34591200,96,13.53690000,22143.99998200,0
1693673160000,1636.01000000,1636.52000000,1636.00000000,1636.23000000,31.07630000,1693673219999,50849.95311400,136,15.20670000,24880.81973200,0
1693673220000,1636.24000000,1636.38000000,1636.13000000,1636.13000000,49.45230000,1693673279999,80919.28501200,124,10.82760000,17716.99035400,0
1693673280000,1636.14000000,1636.14000000,1635.28000000,1636.09000000,78.34060000,1693673339999,128134.04517400,225,33.59100000,54942.97625800,0
1693673340000,1636.09000000,1636.44000000,1636.08000000,1636.16000000,36.45020000,1693673399999,59640.23849300,128,20.03750000,32784.85037500,0
1693673400000,1636.17000000,1636.34000000,1635.69000000,1636.33000000,110.94070000,1693673459999,181474.36983800,151,76.50490000,125142.23803300,0
1693673460000,1636.34000000,1636.34000000,1635.79000000,1635.80000000,45.38610000,1693673519999,74256.06817400,164,21.96510000,35935.61449500,0
1693673520000,1635.80000000,1636.03000000,1635.73000000,1635.73000000,49.81160000,1693673579999,81486.09048400,164,29.40770000,48107.28334200,0
1693673580000,1635.74000000,1635.86000000,1635.73000000,1635.79000000,13.14660000,1693673639999,21504.71723600,91,4.55460000,7450.30719200,0
1693673640000,1635.80000000,1635.80000000,1635.48000000,1635.55000000,28.05230000,1693673699999,45881.22216400,112,10.88650000,17805.00300200,0
1693673700000,1635.54000000,1636.23000000,1635.54000000,1636.22000000,77.52070000,1693673759999,126807.15367100,153,70.09590000,114663.22972500,0
1693673760000,1636.22000000,1636.23000000,1635.22000000,1635.65000000,67.81380000,1693673819999,110931.35755200,173,17.60610000,28795.21448500,0
1693673820000,1635.65000000,1635.66000000,1635.19000000,1635.45000000,56.07020000,1693673879999,91691.71474600,122,8.68820000,14208.13483400,0
1693673880000,1635.45000000,1636.00000000,1635.45000000,1635.99000000,22.56320000,1693673939999,36908.49675100,94,19.15330000,31330.17966800,0
1693673940000,1635.99000000,1636.00000000,1635.89000000,1635.99000000,26.37510000,1693673999999,43149.00254200,101,14.80930000,24227.47312200,0
1693674000000,1635.99000000,1636.12000000,1635.77000000,1636.11000000,40.51720000,1693674059999,66284.74158200,127,26.45610000,43279.91577200,0
1693674060000,1636.12000000,1636.31000000,1636.11000000,1636.30000000,21.89040000,1693674119999,35818.20929300,129,14.73150000,24104.35315800,0
1693674120000,1636.30000000,1636.32000000,1636.30000000,1636.31000000,50.73540000,1693674179999,83018.85882900,96,38.93500000,63709.75306400,0
1693674180000,1636.32000000,1636.32000000,1636.04000000,1636.04000000,30.73270000,1693674239999,50285.85098000,104,3.76830000,6165.19444500,0
1693674240000,1636.04000000,1636.60000000,1636.04000000,1636.59000000,43.83870000,1693674299999,71732.58501100,121,38.22660000,62550.64567300,0
1693674300000,1636.59000000,1636.78000000,1636.34000000,1636.34000000,106.30150000,1693674359999,173977.73296300,158,48.46950000,79326.17517700,0
1693674360000,1636.35000000,1636.35000000,1635.92000000,1635.92000000,55.31020000,1693674419999,90487.49666300,118,1.51500000,2478.56045100,0
1693674420000,1635.92000000,1636.12000000,1635.92000000,1636.11000000,32.38020000,1693674479999,52972.39062800,117,24.53270000,40133.87591600,0
1693674480000,1636.11000000,1636.12000000,1636.01000000,1636.01000000,24.19280000,1693674539999,39582.07327300,104,8.15090000,13335.80578800,0
1693674540000,1636.02000000,1636.02000000,1635.54000000,1635.55000000,37.31500000,1693674599999,61039.00057800,149,10.05800000,16451.67012000,0
1693674600000,1635.54000000,1635.85000000,1635.54000000,1635.85000000,39.12630000,1693674659999,63994.47167900,121,34.04590000,55684.59938700,0
1693674660000,1635.84000000,1636.23000000,1635.84000000,1636.22000000,36.03440000,1693674719999,58951.72645400,127,30.76440000,50329.45546500,0
1693674720000,1636.22000000,1636.89000000,1636.22000000,1636.88000000,49.25810000,1693674779999,80608.96338900,153,40.21840000,65816.06890000,0
1693674780000,1636.88000000,1636.89000000,1636.88000000,1636.89000000,5.15060000,1693674839999,8430.93965500,69,2.55270000,4178.48910300,0
1693674840000,1636.89000000,1636.89000000,1635.75000000,1635.84000000,294.24190000,1693674899999,481483.37847100,296,43.28450000,70817.07646200,0
1693674900000,1635.84000000,1637.06000000,1635.84000000,1637.06000000,46.61660000,1693674959999,76288.69799500,177,40.26070000,65887.56753700,0
1693674960000,1637.05000000,1637.69000000,1637.05000000,1637.69000000,116.79990000,1693675019999,191252.74850100,187,97.97910000,160431.53118600,0
1693675020000,1637.69000000,1637.69000000,1637.22000000,1637.23000000,62.05450000,1693675079999,101612.17567200,131,28.65830000,46922.75515100,0
1693675080000,1637.22000000,1638.00000000,1637.22000000,1637.84000000,166.68070000,1693675139999,273000.70440900,247,91.32810000,149574.81178800,0
1693675140000,1637.84000000,1637.85000000,1637.77000000,1637.78000000,12.62380000,1693675199999,20675.70314300,85,3.54350000,5803.67899600,0
1693675200000,1637.78000000,1637.78000000,1637.16000000,1637.16000000,43.85280000,1693675259999,71809.96708400,123,15.22440000,24928.43517200,0
1693675260000,1637.17000000,1637.17000000,1636.84000000,1636.84000000,11.44610000,1693675319999,18736.57977800,97,3.74810000,6135.21065000,0
1693675320000,1636.84000000,1637.35000000,1636.84000000,1637.22000000,29.38180000,1693675379999,48101.90626200,113,18.03360000,29523.03432500,0
1693675380000,1637.23000000,1637.23000000,1637.11000000,1637.12000000,60.54690000,1693675439999,99123.96844400,117,16.16980000,26472.44652600,0
1693675440000,1637.11000000,1637.12000000,1636.58000000,1636.58000000,17.47680000,1693675499999,28610.02284200,117,4.83450000,7913.94659500,0
1693675500000,1636.59000000,1636.69000000,1636.58000000,1636.68000000,21.34410000,1693675559999,34931.80400900,111,17.91810000,29324.78397900,0
1693675560000,1636.69000000,1637.33000000,1636.68000000,1637.32000000,24.47220000,1693675619999,40060.93447900,148,18.35430000,30044.77274600,0
1693675620000,1637.33000000,1637.33000000,1637.32000000,1637.33000000,11.04350000,1693675679999,18081.78086300,73,3.74430000,6130.65471900,0
1693675680000,1637.32000000,1637.33000000,1637.03000000,1637.03000000,39.56300000,1693675739999,64775.05301500,94,3.99170000,6535.13522600,0
1693675740000,1637.04000000,1637.61000000,1637.03000000,1637.60000000,68.78460000,1693675799999,112618.45843100,132,44.06330000,72147.89308600,0
1693675800000,1637.60000000,1637.70000000,1637.60000000,1637.69000000,11.29610000,1693675859999,18498.70728300,66,9.84420000,16121.05697000,0
1693675860000,1637.69000000,1638.40000000,1637.69000000,1638.28000000,45.91760000,1693675919999,75214.47645200,164,32.99610000,54047.98733700,0
1693675920000,1638.28000000,1638.29000000,1637.03000000,1637.03000000,39.03870000,1693675979999,63921.89028400,141,10.09240000,16523.31736700,0
1693675980000,1637.04000000,1637.04000000,1636.93000000,1636.94000000,34.54200000,1693676039999,56543.32833800,106,9.41290000,15408.48750900,0
1693676040000,1636.93000000,1636.94000000,1636.21000000,1636.41000000,84.83440000,1693676099999,138820.05726300,174,59.92920000,98060.07090000,0
1693676100000,1636.40000000,1636.41000000,1635.62000000,1635.62000000,64.71090000,1693676159999,105855.83798700,176,31.34420000,51271.22072300,0
1693676160000,1635.63000000,1635.65000000,1635.62000000,1635.65000000,49.59420000,1693676219999,81117.81410400,101,39.00160000,63792.26148200,0
1693676220000,1635.65000000,1635.65000000,1635.64000000,1635.65000000,83.63950000,1693676279999,136804.19573800,142,8.39580000,13732.59027000,0
1693676280000,1635.65000000,1635.75000000,1635.15000000,1635.15000000,139.37890000,1693676339999,227958.97750400,197,15.82400000,25881.87624600,0
1693676340000,1635.16000000,1635.52000000,1635.15000000,1635.38000000,64.37550000,1693676399999,105275.00356900,163,50.49410000,82573.05818200,0
1693676400000,1635.38000000,1635.86000000,1635.38000000,1635.86000000,58.75110000,1693676459999,96089.29429100,141,26.51680000,43372.58009400,0
1693676460000,1635.86000000,1636.08000000,1635.85000000,1635.97000000,73.29920000,1693676519999,119921.59062600,146,7.56670000,12379.12177100,0
1693676520000,1635.96000000,1635.97000000,1635.65000000,1635.66000000,20.49450000,1693676579999,33524.19543900,114,4.76990000,7802.00244400,0
1693676580000,1635.66000000,1636.08000000,1635.51000000,1636.08000000,109.77000000,1693676639999,179545.27096000,140,37.33420000,61066.62781400,0
1693676640000,1636.08000000,1636.08000000,1635.91000000,1635.91000000,14.55670000,1693676699999,23815.14912100,94,4.60450000,7532.91623900,0
1693676700000,1635.91000000,1635.92000000,1635.53000000,1635.77000000,40.28810000,1693676759999,65897.97923500,134,19.32910000,31614.49823400,0
1693676760000,1635.77000000,1635.78000000,1634.85000000,1634.86000000,79.64880000,1693676819999,130252.77989500,233,10.94300000,17892.87412600,0
1693676820000,1634.85000000,1634.86000000,1634.05000000,1634.34000000,210.18000000,1693676879999,343512.43761600,293,57.09280000,93303.32776700,0
1693676880000,1634.33000000,1634.53000000,1634.33000000,1634.53000000,43.51340000,1693676939999,71121.66647800,119,42.56760000,69575.81722700,0
1693676940000,1634.52000000,1634.76000000,1634.10000000,1634.24000000,102.18850000,1693676999999,167032.13332200,174,72.33800000,118236.77421300,0
1693677000000,1634.25000000,1634.25000000,1633.29000000,1633.39000000,168.42250000,1693677059999,275178.17995300,281,85.52780000,139753.60673500,0
1693677060000,1633.40000000,1633.96000000,1632.36000000,1633.22000000,461.37780000,1693677119999,753381.55420500,603,189.27300000,309035.01004900,0
1693677120000,1633.21000000,1633.58000000,1633.21000000,1633.40000000,65.81380000,1693677179999,107497.20383400,171,47.57620000,77706.37669600,0
1693677180000,1633.39000000,1633.40000000,1632.55000000,1632.55000000,482.65880000,1693677239999,788162.24363700,378,39.58570000,64641.49886500,0
1693677240000,1632.56000000,1633.06000000,1632.40000000,1632.96000000,505.65360000,1693677299999,825581.17572900,323,87.45230000,142784.08943300,0
1693677300000,1632.96000000,1633.84000000,1632.79000000,1633.83000000,299.30750000,1693677359999,488854.76494400,237,83.43000000,136274.57763600,0
1693677360000,1633.83000000,1633.94000000,1633.53000000,1633.67000000,35.36610000,1693677419999,57776.81240500,125,22.27720000,36393.25745900,0
1693677420000,1633.67000000,1633.88000000,1633.67000000,1633.88000000,61.63270000,1693677479999,100696.63260200,123,25.47560000,41622.16473500,0
1693677480000,1633.87000000,1633.95000000,1633.52000000,1633.70000000,32.91890000,1693677539999,53782.14484600,125,7.52220000,12289.95473200,0
1693677540000,1633.71000000,1633.71000000,1632.86000000,1633.03000000,72.81540000,1693677599999,118921.33133500,167,31.10340000,50793.42591700,0
1693677600000,1633.02000000,1633.39000000,1632.65000000,1633.39000000,205.54660000,1693677659999,335640.14916400,289,155.02150000,253131.29294600,0
1693677660000,1633.39000000,1633.51000000,1632.65000000,1632.67000000,180.69470000,1693677719999,295111.92788800,229,59.79100000,97653.80754500,0
1693677720000,1632.67000000,1632.76000000,1632.59000000,1632.73000000,44.17520000,1693677779999,72124.66886700,105,18.19580000,29707.95206100,0
1693677780000,1632.72000000,1634.27000000,1632.72000000,1634.14000000,194.90540000,1693677839999,318385.27381400,251,102.74260000,167834.47074000,0
1693677840000,1634.14000000,1634.15000000,1633.28000000,1633.28000000,56.65410000,1693677899999,92558.39371600,178,14.18110000,23166.59732500,0
1693677900000,1633.29000000,1634.06000000,1633.28000000,1633.75000000,38.20640000,1693677959999,62425.69028600,134,14.01920000,22904.94118900,0
1693677960000,1633.75000000,1633.76000000,1632.55000000,1632.56000000,80.13800000,1693678019999,130882.11402500,205,3.43860000,5614.75108600,0
1693678020000,1632.56000000,1632.86000000,1632.30000000,1632.75000000,124.50200000,1693678079999,203254.24270000,233,58.36990000,95295.87278700,0
1693678080000,1632.76000000,1632.76000000,1631.80000000,1632.18000000,100.37940000,1693678139999,163851.81982200,308,26.94040000,43973.56941700,0
1693678140000,1632.18000000,1632.18000000,1631.50000000,1631.65000000,205.58600000,1693678199999,335485.51103700,339,50.70000000,82727.64668000,0
1693678200000,1631.64000000,1632.16000000,1631.64000000,1631.99000000,88.77510000,1693678259999,144872.02722500,198,59.26750000,96715.60258500,0
1693678260000,1632.00000000,1632.00000000,1631.61000000,1631.62000000,228.29260000,1693678319999,372515.90961300,154,14.13460000,23064.47159700,0
1693678320000,1631.61000000,1631.62000000,1631.10000000,1631.41000000,93.16250000,1693678379999,151984.24642700,251,26.91030000,43899.91522400,0
1693678380000,1631.41000000,1631.72000000,1631.40000000,1631.71000000,23.60310000,1693678439999,38508.98684200,90,21.26830000,34699.79977200,0
1693678440000,1631.72000000,1632.50000000,1631.71000000,1632.50000000,91.78530000,1693678499999,149792.08665400,152,89.30840000,145749.34486200,0
1693678500000,1632.49000000,1632.50000000,1631.82000000,1631.83000000,42.27180000,1693678559999,68993.49637700,130,6.27470000,10240.45232200,0
1693678560000,1631.82000000,1631.83000000,1631.12000000,1631.12000000,25.22320000,1693678619999,41145.72204600,128,15.86580000,25880.14993600,0
1693678620000,1631.12000000,1631.42000000,1631.12000000,1631.30000000,125.66070000,1693678679999,204997.28232400,154,32.87280000,53623.09415100,0
1693678680000,1631.31000000,1631.31000000,1628.21000000,1629.98000000,964.08970000,1693678739999,1571063.97340700,1187,469.16760000,764334.89426200,0
1693678740000,1629.98000000,1630.23000000,1629.88000000,1630.12000000,143.59890000,1693678799999,234086.53425900,203,38.05820000,62036.45565900,0
1693678800000,1630.11000000,1630.92000000,1630.11000000,1630.84000000,83.83360000,1693678859999,136688.57485600,214,61.51340000,100292.37850200,0
1693678860000,1630.83000000,1631.41000000,1630.56000000,1631.41000000,161.63300000,1693678919999,263585.92479700,284,84.18100000,137281.47634300,0
1693678920000,1631.40000000,1631.62000000,1630.63000000,1630.90000000,63.39450000,1693678979999,103390.36217900,187,15.75450000,25694.72599100,0
1693678980000,1630.91000000,1631.02000000,1630.64000000,1630.76000000,164.49460000,1693679039999,268247.01130200,172,106.56260000,173772.07206800,0
1693679040000,1630.75000000,1631.36000000,1630.75000000,1631.35000000,57.07640000,1693679099999,93090.95570100,126,51.64860000,84238.38538000,0
1693679100000,1631.36000000,1631.75000000,1631.35000000,1631.40000000,25.44620000,1693679159999,41517.00142400,129,9.47930000,15465.14976800,0
1693679160000,1631.41000000,1631.41000000,1631.00000000,1631.33000000,100.05450000,1693679219999,163215.73599300,171,23.34970000,38088.58549200,0
1693679220000,1631.34000000,1631.34000000,1630.46000000,1630.55000000,122.38440000,1693679279999,199573.65961000,186,5.70190000,9300.32570800,0
1693679280000,1630.55000000,1630.56000000,1630.22000000,1630.24000000,162.74640000,1693679339999,265345.48645700,177,20.32370000,33132.82093300,0
1693679340000,1630.24000000,1630.24000000,1630.03000000,1630.17000000,110.91900000,1693679399999,180808.08813400,145,47.12190000,76811.02223600,0
1693679400000,1630.16000000,1630.17000000,1629.52000000,1629.91000000,49.27860000,1693679459999,80313.65862000,185,20.94700000,34137.33897800,0
1693679460000,1629.90000000,1630.79000000,1629.62000000,1630.78000000,116.60930000,1693679519999,190062.28942200,185,98.26300000,160158.32657700,0
1693679520000,1630.78000000,1630.90000000,1630.70000000,1630.87000000,39.61320000,1693679579999,64600.50553000,148,33.15900000,54075.02163800,0
1693679580000,1630.87000000,1631.43000000,1630.86000000,1631.23000000,22.78690000,1693679639999,37169.21822200,140,16.89570000,27559.08524100,0
1693679640000,1631.22000000,1631.49000000,1631.22000000,1631.48000000,61.16070000,1693679699999,99774.11749900,140,41.39350000,67524.76173200,0
1693679700000,1631.49000000,1631.93000000,1631.48000000,1631.70000000,72.47710000,1693679759999,118269.36168100,171,14.43850000,23558.15639800,0
1693679760000,1631.69000000,1631.70000000,1631.41000000,1631.50000000,87.97690000,1693679819999,143545.78228900,114,15.29870000,24958.89171200,0
1693679820000,1631.51000000,1632.14000000,1631.50000000,1631.82000000,87.80230000,1693679879999,143290.76692900,176,30.58580000,49908.77106800,0
1693679880000,1631.81000000,1632.09000000,1631.64000000,1631.64000000,25.83930000,1693679939999,42170.80899300,106,18.03030000,29426.36929300,0
1693679940000,1631.65000000,1632.54000000,1631.52000000,1632.44000000,59.09450000,1693679999999,96444.86759600,185,42.22700000,68909.62496900,0
1693680000000,1632.44000000,1632.44000000,1631.72000000,1631.78000000,32.79590000,1693680059999,53524.38044000,134,13.07090000,21331.46122600,0
1693680060000,1631.78000000,1631.79000000,1631.47000000,1631.53000000,70.76060000,1693680119999,115452.52554900,162,36.31810000,59253.68837600,0
1693680120000,1631.53000000,1631.54000000,1631.48000000,1631.48000000,13.32650000,1693680179999,21742.04656200,88,8.39170000,13690.98819300,0
1693680180000,1631.48000000,1631.68000000,1631.48000000,1631.67000000,40.61940000,1693680239999,66271.04030300,107,36.74130000,59943.63986900,0
1693680240000,1631.68000000,1631.68000000,1630.94000000,1630.94000000,56.82580000,1693680299999,92696.92580400,162,3.98000000,6491.58905200,0
1693680300000,1630.95000000,1630.95000000,1630.70000000,1630.72000000,19.29300000,1693680359999,31463.47331400,125,5.86580000,9565.71836000,0
1693680360000,1630.72000000,1630.91000000,1630.72000000,1630.81000000,51.66310000,1693680419999,84252.16316000,135,43.10970000,70303.16953300,0
1693680420000,1630.81000000,1632.26000000,1630.81000000,1632.25000000,55.00380000,1693680479999,89726.77006200,157,37.36980000,60956.98756300,0
1693680480000,1632.26000000,1632.26000000,1632.16000000,1632.16000000,24.51030000,1693680539999,40006.53157800,104,4.42530000,7222.99523400,0
1693680540000,1632.16000000,1632.17000000,1632.03000000,1632.03000000,52.57890000,1693680599999,85816.52545300,90,2.28740000,3733.16811600,0
1693680600000,1632.03000000,1632.16000000,1632.00000000,1632.16000000,36.95740000,1693680659999,60316.36197900,112,24.64730000,40225.20240000,0
1693680660000,1632.16000000,1632.16000000,1632.06000000,1632.07000000,11.90390000,1693680719999,19428.90215200,102,5.40460000,8821.13882500,0
1693680720000,1632.06000000,1632.07000000,1630.94000000,1630.94000000,294.85620000,1693680779999,481057.35949700,247,29.69760000,48440.54040400,0
1693680780000,1630.95000000,1631.39000000,1630.60000000,1631.39000000,114.30500000,1693680839999,186418.74291900,175,74.26690000,121123.57139900,0
1693680840000,1631.38000000,1632.17000000,1631.38000000,1632.17000000,50.30810000,1693680899999,82093.83587200,178,47.78370000,77974.63067300,0
1693680900000,1632.16000000,1632.45000000,1632.16000000,1632.44000000,18.93640000,1693680959999,30911.14891600,128,16.24610000,26519.58008100,0
1693680960000,1632.45000000,1632.45000000,1631.93000000,1631.93000000,79.57470000,1693681019999,129890.68566800,138,8.18460000,13357.62207700,0
1693681020000,1631.94000000,1631.94000000,1631.64000000,1631.65000000,14.58440000,1693681079999,23798.50536000,85,3.08400000,5032.23358200,0
1693681080000,1631.64000000,1631.70000000,1631.36000000,1631.70000000,47.28920000,1693681139999,77149.05186300,152,35.34130000,57655.55243200,0
1693681140000,1631.70000000,1631.80000000,1631.69000000,1631.80000000,16.08410000,1693681199999,26245.45971100,78,7.79980000,12727.38967400,0
1693681200000,1631.79000000,1631.80000000,1631.16000000,1631.51000000,74.28600000,1693681259999,121192.33053100,134,13.20900000,21548.80369700,0
1693681260000,1631.51000000,1631.51000000,1631.11000000,1631.11000000,32.12620000,1693681319999,52411.26762600,112,2.11680000,3453.06279900,0
1693681320000,1631.12000000,1631.12000000,1631.11000000,1631.12000000,14.44170000,1693681379999,23556.11440400,93,11.31170000,18450.74010400,0
1693681380000,1631.12000000,1631.12000000,1630.86000000,1630.86000000,80.15210000,1693681439999,130733.60723500,127,8.45920000,13796.92867400,0
1693681440000,1630.87000000,1631.71000000,1630.86000000,1631.70000000,77.21730000,1693681499999,125946.12785600,152,67.56140000,110196.47052900,0
1693681500000,1631.71000000,1633.11000000,1631.70000000,1632.81000000,239.49780000,1693681559999,390975.15534800,313,193.78890000,316333.23242600,0
1693681560000,1632.80000000,1632.81000000,1632.33000000,1632.33000000,40.83380000,1693681619999,66664.25576000,83,2.32000000,3787.31515800,0
1693681620000,1632.34000000,1632.34000000,1632.33000000,1632.33000000,5.33250000,1693681679999,8704.42419800,89,2.44730000,3994.82568200,0
1693681680000,1632.33000000,1632.74000000,1632.33000000,1632.74000000,67.56350000,1693681739999,110293.33768100,122,51.03870000,83318.61406100,0
1693681740000,1632.74000000,1632.90000000,1632.61000000,1632.89000000,54.77460000,1693681799999,89433.63944000,129,17.89590000,29220.56265300,0
1693681800000,1632.89000000,1632.90000000,1632.44000000,1632.44000000,70.09700000,1693681859999,114454.77485100,115,15.23990000,24884.00337000,0
1693681860000,1632.45000000,1632.54000000,1632.44000000,1632.54000000,4.43070000,1693681919999,7233.08675000,74,2.90510000,4742.55012000,0
1693681920000,1632.54000000,1632.54000000,1632.53000000,1632.54000000,18.08130000,1693681979999,29518.39948800,110,13.47990000,22006.47594600,0
1693681980000,1632.54000000,1632.91000000,1632.53000000,1632.90000000,35.58250000,1693682039999,58096.96151600,147,31.22970000,50990.48489600,0
1693682040000,1632.91000000,1633.70000000,1632.90000000,1633.59000000,36.95280000,1693682099999,60356.69924500,168,30.36560000,49596.43217800,0
1693682100000,1633.59000000,1633.59000000,1632.92000000,1632.92000000,49.36460000,1693682159999,80623.27937800,139,19.33660000,31577.77956800,0
1693682160000,1632.92000000,1632.93000000,1632.92000000,1632.92000000,6.76190000,1693682219999,11041.67333500,62,3.15870000,5157.93599100,0
1693682220000,1632.93000000,1632.93000000,1632.92000000,1632.93000000,9.73330000,1693682279999,15893.73757600,92,3.73400000,6097.36062000,0
1693682280000,1632.92000000,1633.59000000,1632.92000000,1633.59000000,85.70660000,1693682339999,139960.05685900,151,77.04830000,125820.38303100,0
1693682340000,1633.59000000,1633.59000000,1633.29000000,1633.29000000,28.03160000,1693682399999,45790.31868500,113,7.66010000,12513.14019000,0
1693682400000,1633.30000000,1633.30000000,1633.16000000,1633.17000000,35.47110000,1693682459999,57932.63863300,105,4.59840000,7510.27644400,0
1693682460000,1633.16000000,1633.17000000,1633.16000000,1633.17000000,13.11860000,1693682519999,21424.85268300,75,7.99070000,13050.17151900,0
1693682520000,1633.17000000,1633.17000000,1633.01000000,1633.01000000,28.04760000,1693682579999,45804.56677600,100,3.23890000,5289.24183300,0
1693682580000,1633.02000000,1633.10000000,1633.01000000,1633.10000000,74.66290000,1693682639999,121926.59038500,111,65.12580000,106352.37585300,0
1693682640000,1633.10000000,1633.40000000,1633.09000000,1633.32000000,58.74290000,1693682699999,95936.67062900,98,43.26300000,70655.05500300,0
1693682700000,1633.32000000,1633.32000000,1632.64000000,1632.65000000,41.31850000,1693682759999,67478.35718500,119,3.09220000,5050.28759900,0
1693682760000,1632.64000000,1632.65000000,1632.29000000,1632.29000000,53.49980000,1693682819999,87341.77134000,131,3.04470000,4970.68039500,0
1693682820000,1632.29000000,1632.30000000,1632.11000000,1632.20000000,76.80930000,1693682879999,125362.83038700,116,68.77780000,112253.68942000,0
1693682880000,1632.19000000,1632.29000000,1632.19000000,1632.29000000,13.49930000,1693682939999,22033.85451900,80,12.15000000,19831.45248700,0
1693682940000,1632.29000000,1632.29000000,1632.20000000,1632.21000000,21.29470000,1693682999999,34758.86362600,86,13.05500000,21309.41006200,0
1693683000000,1632.20000000,1632.21000000,1632.04000000,1632.09000000,16.71540000,1693683059999,27280.72264200,92,12.31020000,20090.93628200,0
1693683060000,1632.08000000,1632.84000000,1632.08000000,1632.83000000,41.82970000,1693683119999,68284.27680400,161,36.38870000,59400.80993600,0
1693683120000,1632.83000000,1633.51000000,1632.83000000,1633.51000000,22.43780000,1693683179999,36647.89192300,90,10.51940000,17180.44314200,0
1693683180000,1633.51000000,1633.73000000,1633.50000000,1633.71000000,51.76370000,1693683239999,84562.37434800,138,38.73840000,63283.53272300,0
1693683240000,1633.71000000,1633.74000000,1633.71000000,1633.71000000,84.83860000,1693683299999,138602.88997300,95,56.95930000,93055.69869000,0
1693683300000,1633.72000000,1634.22000000,1633.71000000,1634.21000000,33.71450000,1693683359999,55085.29190400,112,29.87850000,48818.03396400,0
1693683360000,1634.22000000,1634.22000000,1634.10000000,1634.10000000,17.39780000,1693683419999,28430.52185600,114,3.82590000,6252.02012100,0
1693683420000,1634.11000000,1634.54000000,1634.10000000,1634.15000000,52.69800000,1693683479999,86128.72814100,146,19.61910000,32063.28621800,0
1693683480000,1634.16000000,1634.33000000,1634.15000000,1634.33000000,32.88350000,1693683539999,53738.21778000,113,28.95060000,47311.15036400,0
1693683540000,1634.32000000,1634.33000000,1634.32000000,1634.32000000,9.88630000,1693683599999,16157.43874100,62,6.09250000,9957.15552500,0
1693683600000,1634.33000000,1634.44000000,1634.32000000,1634.43000000,10.77620000,1693683659999,17611.94228700,97,3.46710000,5666.42011400,0
1693683660000,1634.43000000,1634.44000000,1634.43000000,1634.44000000,6.90690000,1693683719999,11288.85844700,58,1.38800000,2268.60272000,0
1693683720000,1634.44000000,1634.44000000,1633.87000000,1633.88000000,70.30720000,1693683779999,114907.54033500,134,2.56580000,4192.67504900,0
1693683780000,1633.88000000,1633.92000000,1633.87000000,1633.91000000,12.77560000,1693683839999,20873.80277800,120,7.24830000,11842.88412300,0
1693683840000,1633.92000000,1633.92000000,1633.91000000,1633.91000000,19.95380000,1693683899999,32602.85892700,80,14.55690000,23784.81004800,0
1693683900000,1633.92000000,1633.92000000,1633.31000000,1633.40000000,65.57120000,1693683959999,107127.12804200,155,7.26220000,11862.06730400,0
1693683960000,1633.40000000,1633.40000000,1633.39000000,1633.39000000,10.03160000,1693684019999,16385.54656800,77,3.14440000,5136.06296000,0
1693684020000,1633.40000000,1634.44000000,1633.39000000,1634.43000000,242.74480000,1693684079999,396590.49700300,192,223.75360000,365561.85149900,0
1693684080000,1634.43000000,1634.64000000,1634.39000000,1634.64000000,16.10040000,1693684139999,26315.69317800,113,11.27780000,18433.26348400,0
1693684140000,1634.63000000,1634.74000000,1634.39000000,1634.40000000,62.36200000,1693684199999,101938.02425700,128,6.75650000,11043.98251000,0
1693684200000,1634.40000000,1634.58000000,1634.39000000,1634.57000000,45.21140000,1693684259999,73897.05433300,103,28.19730000,46086.53404800,0
1693684260000,1634.57000000,1634.87000000,1634.57000000,1634.86000000,20.76340000,1693684319999,33943.12213600,104,12.63640000,20657.43515000,0
1693684320000,1634.86000000,1635.02000000,1634.86000000,1635.01000000,35.58830000,1693684379999,58186.43741000,139,33.57390000,54892.94684400,0
1693684380000,1635.02000000,1635.02000000,1634.92000000,1634.93000000,58.55820000,1693684439999,95740.96714200,124,24.66130000,40319.56382900,0
1693684440000,1634.93000000,1634.93000000,1634.34000000,1634.35000000,21.98650000,1693684499999,35942.25913500,106,16.80820000,27477.03337300,0
1693684500000,1634.34000000,1634.35000000,1633.93000000,1633.93000000,21.10580000,1693684559999,34488.99743900,120,8.66670000,14162.68558500,0
1693684560000,1633.94000000,1633.94000000,1633.93000000,1633.94000000,9.73060000,1693684619999,15899.15945200,65,4.01940000,6567.45843600,0
1693684620000,1633.93000000,1634.30000000,1633.93000000,1634.29000000,50.36260000,1693684679999,82292.92962100,102,44.90880000,73381.65732300,0
1693684680000,1634.29000000,1634.30000000,1634.00000000,1634.00000000,30.19120000,1693684739999,49337.78631400,84,9.14830000,14948.81376800,0
1693684740000,1634.00000000,1634.01000000,1633.61000000,1633.61000000,49.63940000,1693684799999,81101.07287700,132,8.66970000,14166.22818000,0
1693684800000,1633.61000000,1633.62000000,1633.24000000,1633.30000000,61.75800000,1693684859999,100874.16058800,171,23.39400000,38209.13611000,0
1693684860000,1633.29000000,1633.30000000,1632.95000000,1632.95000000,13.60260000,1693684919999,22214.09206400,105,1.51070000,2466.97449400,0
1693684920000,1632.96000000,1633.17000000,1632.95000000,1633.16000000,18.18590000,1693684979999,29697.84833300,72,14.44800000,23593.50447100,0
1693684980000,1633.16000000,1633.17000000,1633.01000000,1633.01000000,64.75460000,1693685039999,105753.74668000,112,33.11420000,54080.80637400,0
1693685040000,1633.02000000,1633.02000000,1633.00000000,1633.01000000,5.70120000,1693685099999,9310.11271300,66,3.36010000,5487.08040200,0
1693685100000,1633.00000000,1633.28000000,1633.00000000,1633.28000000,78.57560000,1693685159999,128316.27206700,127,76.19070000,124421.28379900,0
1693685160000,1633.27000000,1633.61000000,1633.27000000,1633.60000000,32.43210000,1693685219999,52975.43844600,101,30.45150000,49740.12405200,0
1693685220000,1633.61000000,1633.61000000,1633.16000000,1633.17000000,93.82180000,1693685279999,153254.91398500,140,5.59360000,9136.64857500,0
1693685280000,1633.16000000,1633.49000000,1633.02000000,1633.49000000,38.59380000,1693685339999,63027.31811600,97,36.67790000,59898.25349400,0
1693685340000,1633.48000000,1633.83000000,1633.44000000,1633.53000000,110.55380000,1693685399999,180608.77212500,179,42.98170000,70212.06237500,0
1693685400000,1633.52000000,1633.53000000,1633.52000000,1633.53000000,24.59160000,1693685459999,40171.07659000,75,20.61580000,33676.52777400,0
1693685460000,1633.53000000,1633.84000000,1633.52000000,1633.84000000,34.75960000,1693685519999,56782.72253300,106,26.38320000,43098.50844800,0
1693685520000,1633.84000000,1633.85000000,1633.83000000,1633.84000000,66.96960000,1693685579999,109417.61700900,87,62.84580000,102680.00117200,0
1693685580000,1633.85000000,1633.85000000,1633.47000000,1633.51000000,90.74420000,1693685639999,148247.88558600,163,27.53810000,44983.61771500,0
1693685640000,1633.51000000,1633.59000000,1633.51000000,1633.58000000,18.76980000,1693685699999,30661.19650500,79,14.81010000,24192.76965200,0
1693685700000,1633.58000000,1633.60000000,1633.33000000,1633.60000000,35.18290000,1693685759999,57472.89728900,99,30.76920000,50262.88319900,0
1693685760000,1633.60000000,1633.60000000,1633.59000000,1633.60000000,23.55860000,1693685819999,38485.30802100,72,21.46470000,35064.73392000,0
1693685820000,1633.59000000,1633.60000000,1633.34000000,1633.57000000,32.51640000,1693685879999,53114.25397200,113,13.22530000,21601.99322400,0
1693685880000,1633.56000000,1633.57000000,1633.42000000,1633.43000000,17.01280000,1693685939999,27789.68853900,67,12.16670000,19873.46906300,0
1693685940000,1633.42000000,1633.43000000,1633.42000000,1633.42000000,7.25550000,1693685999999,11851.30591600,52,2.71060000,4427.57535800,0
1693686000000,1633.43000000,1633.98000000,1633.42000000,1633.98000000,57.79520000,1693686059999,94423.87835500,164,54.04830000,88301.64982700,0
1693686060000,1633.98000000,1634.49000000,1633.95000000,1634.48000000,100.35720000,1693686119999,163983.66378900,149,36.64880000,59884.78207000,0
1693686120000,1634.49000000,1634.49000000,1634.39000000,1634.39000000,50.99440000,1693686179999,83345.36205600,84,44.75560000,73148.65680600,0
1693686180000,1634.40000000,1634.40000000,1634.39000000,1634.39000000,6.81850000,1693686239999,11144.11581600,73,2.76010000,4511.10744000,0
1693686240000,1634.39000000,1634.40000000,1633.75000000,1633.76000000,16.13210000,1693686299999,26363.40437900,88,1.59650000,2608.92154400,0
1693686300000,1633.75000000,1633.76000000,1633.22000000,1633.22000000,18.55770000,1693686359999,30315.51834700,84,3.14790000,5142.16512000,0
1693686360000,1633.22000000,1633.23000000,1633.22000000,1633.22000000,20.16480000,1693686419999,32933.72533900,97,17.06830000,27876.45960900,0
1693686420000,1633.23000000,1633.23000000,1633.22000000,1633.22000000,20.48210000,1693686479999,33451.96602400,92,19.06620000,31139.48982600,0
1693686480000,1633.23000000,1633.23000000,1633.22000000,1633.23000000,8.65270000,1693686539999,14131.81804200,60,5.53480000,9039.60140400,0
1693686540000,1633.22000000,1633.23000000,1633.22000000,1633.22000000,7.98310000,1693686599999,13038.20916900,73,5.05870000,8262.02060100,0
1693686600000,1633.22000000,1633.23000000,1633.06000000,1633.06000000,9.37480000,1693686659999,15310.67410900,93,4.76740000,7785.99457400,0
1693686660000,1633.06000000,1633.28000000,1633.06000000,1633.27000000,24.22350000,1693686719999,39559.52613200,83,21.81890000,35632.28804500,0
1693686720000,1633.27000000,1633.38000000,1633.27000000,1633.37000000,10.45580000,1693686779999,17078.06570000,73,7.30260000,11927.73991600,0
1693686780000,1633.38000000,1633.38000000,1633.37000000,1633.38000000,9.18680000,1693686839999,15005.49177200,70,4.82560000,7882.03852800,0
1693686840000,1633.37000000,1633.38000000,1633.21000000,1633.21000000,11.53330000,1693686899999,18837.82231200,105,3.20830000,5240.27739000,0
1693686900000,1633.21000000,1633.22000000,1632.94000000,1632.94000000,23.57560000,1693686959999,38501.52135000,99,6.42870000,10499.04396000,0
1693686960000,1632.94000000,1632.95000000,1632.94000000,1632.94000000,4.12590000,1693687019999,6737.37079900,65,2.36530000,3862.41663500,0
1693687020000,1632.95000000,1634.51000000,1632.94000000,1634.34000000,98.10090000,1693687079999,160248.13331500,207,95.36950000,155784.34162500,0
1693687080000,1634.34000000,1634.35000000,1634.34000000,1634.35000000,1.82000000,1693687139999,2974.50837000,51,0.95700000,1564.07295000,0
1693687140000,1634.34000000,1634.93000000,1634.34000000,1634.93000000,91.47200000,1693687199999,149506.61489000,120,83.31350000,136171.25825900,0
1693687200000,1634.92000000,1634.93000000,1634.51000000,1634.52000000,33.68920000,1693687259999,55075.57875600,116,3.46910000,5670.58957400,0
1693687260000,1634.52000000,1634.52000000,1634.51000000,1634.52000000,14.23330000,1693687319999,23264.48413200,43,1.29490000,2116.53994800,0
1693687320000,1634.52000000,1634.52000000,1634.51000000,1634.51000000,12.46280000,1693687379999,20370.61380200,72,4.25740000,6958.80544800,0
1693687380000,1634.52000000,1634.52000000,1634.19000000,1634.19000000,15.70730000,1693687439999,25673.33465300,74,1.89660000,3099.97476100,0
1693687440000,1634.20000000,1634.20000000,1634.03000000,1634.03000000,11.64610000,1693687499999,19031.17347600,83,4.07650000,6661.50496900,0
1693687500000,1634.04000000,1634.04000000,1633.81000000,1633.81000000,6.95410000,1693687559999,11362.15207000,81,3.50160000,5721.05297300,0
1693687560000,1633.81000000,1633.82000000,1633.81000000,1633.82000000,4.84890000,1693687619999,7922.21442700,54,3.31180000,5410.88507600,0
1693687620000,1633.81000000,1633.90000000,1633.81000000,1633.89000000,12.92390000,1693687679999,21115.95083400,125,10.58090000,17287.80238800,0
1693687680000,1633.89000000,1634.48000000,1633.89000000,1634.26000000,67.55820000,1693687739999,110408.69913900,127,28.93250000,47277.67958200,0
1693687740000,1634.25000000,1634.26000000,1634.25000000,1634.25000000,4.44440000,1693687799999,7263.28551000,74,2.48100000,4054.59906000,0
1693687800000,1634.25000000,1634.37000000,1634.25000000,1634.36000000,7.02350000,1693687859999,11478.69178200,57,2.62760000,4294.31326800,0
1693687860000,1634.37000000,1634.75000000,1634.36000000,1634.75000000,31.11130000,1693687919999,50847.63579800,109,7.13510000,11661.78006000,0
1693687920000,1634.74000000,1634.75000000,1634.74000000,1634.74000000,11.21920000,1693687979999,18340.52287900,88,4.78710000,7825.71172500,0
1693687980000,1634.75000000,1634.75000000,1633.98000000,1633.99000000,72.87180000,1693688039999,119106.87019600,140,5.58660000,9130.97596900,0
1693688040000,1633.98000000,1633.99000000,1633.98000000,1633.99000000,9.28360000,1693688099999,15169.22932000,66,1.25920000,2057.52020800,0
1693688100000,1633.98000000,1634.44000000,1633.98000000,1634.38000000,44.92340000,1693688159999,73416.04480300,97,34.08760000,55708.40918500,0
1693688160000,1634.37000000,1634.38000000,1633.99000000,1634.00000000,33.06570000,1693688219999,54037.72018900,105,2.04290000,3338.50668200,0
1693688220000,1633.99000000,1634.00000000,1633.99000000,1633.99000000,11.27690000,1693688279999,18426.36387200,69,2.20410000,3601.49940000,0
1693688280000,1633.99000000,1634.00000000,1633.99000000,1634.00000000,22.06650000,1693688339999,36056.50342800,91,6.30930000,10309.39620000,0
1693688340000,1634.00000000,1634.20000000,1633.99000000,1634.19000000,21.93170000,1693688399999,35838.78635600,99,14.19440000,23194.64578900,0
1693688400000,1634.19000000,1634.20000000,1633.79000000,1633.90000000,35.93570000,1693688459999,58717.99314000,119,20.24420000,33077.34231700,0
1693688460000,1633.90000000,1633.91000000,1633.90000000,1633.91000000,14.59590000,1693688519999,23848.28092700,64,3.99170000,6522.07854700,0
1693688520000,1633.91000000,1633.97000000,1633.90000000,1633.96000000,12.62440000,1693688579999,20627.19483200,70,10.67020000,17434.20087800,0
1693688580000,1633.96000000,1634.07000000,1633.96000000,1634.06000000,10.55050000,1693688639999,17239.18400300,66,7.99470000,13063.10295900,0
1693688640000,1634.07000000,1634.13000000,1634.06000000,1634.13000000,15.05440000,1693688699999,24600.27011300,89,8.73590000,14275.28045500,0
1693688700000,1634.12000000,1634.13000000,1633.80000000,1633.81000000,72.20820000,1693688759999,117991.61848000,127,6.43310000,10511.32481500,0
1693688760000,1633.80000000,1633.81000000,1633.80000000,1633.81000000,13.52800000,1693688819999,22102.09778700,65,5.13870000,8395.65944700,0
1693688820000,1633.80000000,1634.32000000,1633.80000000,1634.31000000,20.18430000,1693688879999,32981.46491600,83,18.42820000,30111.57028500,0
1693688880000,1634.31000000,1634.51000000,1634.29000000,1634.30000000,16.87900000,1693688939999,27586.34725300,80,4.56620000,7462.98891800,0
1693688940000,1634.30000000,1634.35000000,1634.10000000,1634.10000000,22.21740000,1693688999999,36310.22736200,101,5.67740000,9278.56030700,0
1693689000000,1634.11000000,1634.11000000,1633.76000000,1633.76000000,10.49840000,1693689059999,17153.06095700,82,5.87850000,9604.65539900,0
1693689060000,1633.77000000,1634.09000000,1633.76000000,1634.08000000,31.58930000,1693689119999,51612.97026000,86,27.76200000,45359.02413200,0
1693689120000,1634.08000000,1634.09000000,1634.08000000,1634.08000000,10.88240000,1693689179999,17782.77107900,76,5.88870000,9622.66578300,0
1693689180000,1634.08000000,1634.09000000,1634.08000000,1634.09000000,10.93880000,1693689239999,17874.97926400,87,10.49600000,17151.40864000,0
1693689240000,1634.08000000,1634.79000000,1634.08000000,1634.70000000,67.07100000,1693689299999,109620.48480300,129,53.71340000,87784.69868500,0
1693689300000,1634.70000000,1634.84000000,1634.69000000,1634.84000000,33.18480000,1693689359999,54250.27982900,74,30.81200000,50371.16741300,0
1693689360000,1634.83000000,1634.84000000,1634.83000000,1634.83000000,8.47160000,1693689419999,13849.67933900,76,5.35110000,8748.19232400,0
1693689420000,1634.84000000,1635.07000000,1634.83000000,1635.06000000,20.44580000,1693689479999,33427.99779500,80,19.24310000,31461.69600700,0
1693689480000,1635.06000000,1635.07000000,1635.06000000,1635.07000000,5.24680000,1693689539999,8578.84538200,52,1.25740000,2055.93701800,0
1693689540000,1635.06000000,1638.85000000,1635.06000000,1637.93000000,1329.35960000,1693689599999,2176645.94600400,986,809.16180000,1324452.98541000,0
1693689600000,1637.93000000,1637.93000000,1636.66000000,1637.00000000,63.46390000,1693689659999,103908.83830400,169,17.56360000,28749.17056400,0
1693689660000,1637.00000000,1637.00000000,1636.92000000,1636.92000000,36.76600000,1693689719999,60185.36672000,89,5.74140000,9398.63017800,0
1693689720000,1636.93000000,1636.93000000,1636.34000000,1636.34000000,10.93710000,1693689779999,17900.94717900,108,2.88610000,4723.48925100,0
1693689780000,1636.34000000,1636.51000000,1636.34000000,1636.51000000,16.73530000,1693689839999,27385.88833600,80,15.00660000,24556.96030600,0
1693689840000,1636.50000000,1636.51000000,1635.27000000,1635.28000000,261.69920000,1693689899999,428171.15704300,201,5.45120000,8915.24073100,0
1693689900000,1635.28000000,1636.93000000,1635.27000000,1636.79000000,272.02750000,1693689959999,445030.08503200,270,231.30430000,378388.43183700,0
1693689960000,1636.79000000,1637.28000000,1636.78000000,1637.27000000,89.38440000,1693690019999,146311.68093500,107,83.81970000,137201.39774400,0
1693690020000,1637.28000000,1637.61000000,1637.25000000,1637.59000000,114.83500000,1693690079999,188032.34155700,127,107.98820000,176822.10851700,0
1693690080000,1637.60000000,1639.67000000,1637.59000000,1637.72000000,265.80830000,1693690139999,435572.92058300,368,125.11830000,204974.76730400,0
1693690140000,1637.72000000,1637.72000000,1637.71000000,1637.72000000,10.38360000,1693690199999,17005.40984300,80,8.42870000,13803.85056400,0
1693690200000,1637.71000000,1637.79000000,1637.62000000,1637.62000000,134.91730000,1693690259999,220960.67438800,89,28.85030000,47248.56246000,0
1693690260000,1637.63000000,1637.63000000,1637.62000000,1637.63000000,9.70650000,1693690319999,15895.62899300,68,7.04630000,11539.23226900,0
1693690320000,1637.62000000,1637.63000000,1637.62000000,1637.62000000,13.54360000,1693690379999,22179.37458500,73,10.43530000,17089.16033900,0
1693690380000,1637.63000000,1637.63000000,1637.03000000,1637.03000000,82.65010000,1693690439999,135345.82383600,129,5.25310000,8602.39255800,0
1693690440000,1637.04000000,1637.04000000,1636.11000000,1636.12000000,44.47890000,1693690499999,72793.55864800,140,4.10850000,6724.21218600,0
1693690500000,1636.12000000,1636.12000000,1635.53000000,1635.77000000,76.26990000,1693690559999,124754.21063700,171,49.95550000,81707.30923700,0
1693690560000,1635.77000000,1636.29000000,1635.77000000,1636.29000000,29.88920000,1693690619999,48897.30419400,87,27.24440000,44570.63793200,0
1693690620000,1636.28000000,1636.29000000,1636.12000000,1636.22000000,12.57570000,1693690679999,20576.70542800,83,4.79980000,7853.26831200,0
1693690680000,1636.22000000,1636.33000000,1636.22000000,1636.33000000,13.05630000,1693690739999,21363.49312400,79,11.00610000,18008.74270000,0
1693690740000,1636.32000000,1636.33000000,1636.32000000,1636.33000000,3.27300000,1693690799999,5355.69659100,47,2.12310000,3474.09222300,0
1693690800000,1636.33000000,1637.78000000,1636.32000000,1637.77000000,78.68700000,1693690859999,128806.80747900,170,75.99340000,124396.31443100,0
1693690860000,1637.78000000,1637.94000000,1637.77000000,1637.93000000,8.78160000,1693690919999,14382.87540900,86,5.05960000,8286.71262100,0
1693690920000,1637.93000000,1637.94000000,1637.93000000,1637.93000000,41.78640000,1693690979999,68443.33462400,81,13.64720000,22353.29476800,0
1693690980000,1637.93000000,1638.51000000,1637.93000000,1638.35000000,88.91830000,1693691039999,145672.88623800,160,78.47990000,128571.38093900,0
1693691040000,1638.34000000,1638.62000000,1637.95000000,1637.96000000,95.13130000,1693691099999,155858.58898200,137,71.89510000,117792.81958000,0
1693691100000,1637.96000000,1637.96000000,1637.40000000,1637.41000000,22.31400000,1693691159999,36544.86518200,123,7.92360000,12976.81675900,0
1693691160000,1637.40000000,1637.41000000,1636.08000000,1636.09000000,103.68270000,1693691219999,169724.60522100,217,15.79250000,25849.03118500,0
1693691220000,1636.08000000,1637.07000000,1635.92000000,1637.06000000,48.54570000,1693691279999,79436.67625500,153,39.18300000,64113.41318200,0
1693691280000,1637.06000000,1637.17000000,1637.06000000,1637.16000000,21.42700000,1693691339999,35077.53401500,70,16.06090000,26292.85607300,0
1693691340000,1637.16000000,1637.37000000,1637.16000000,1637.36000000,5.69900000,1693691399999,9330.38614700,66,2.03710000,3335.18138100,0
1693691400000,1637.36000000,1637.60000000,1637.17000000,1637.18000000,159.29130000,1693691459999,260825.31311000,131,52.70270000,86302.47746000,0
1693691460000,1637.18000000,1637.18000000,1636.11000000,1636.11000000,33.70660000,1693691519999,55167.95499000,114,12.47870000,20422.70635500,0
1693691520000,1636.11000000,1636.28000000,1635.93000000,1636.27000000,32.09340000,1693691579999,52504.39803500,141,21.28590000,34823.21888500,0
1693691580000,1636.28000000,1636.28000000,1636.27000000,1636.27000000,10.58790000,1693691639999,17324.68299400,79,1.98610000,3249.81570800,0
1693691640000,1636.28000000,1636.28000000,1635.95000000,1635.96000000,30.43640000,1693691699999,49798.97924300,90,8.25690000,13508.39822500,0
1693691700000,1635.95000000,1635.96000000,1635.75000000,1635.75000000,15.36460000,1693691759999,25133.16215400,71,12.04560000,19703.78651600,0
1693691760000,1635.75000000,1636.08000000,1635.75000000,1636.07000000,14.20110000,1693691819999,23231.14430400,90,11.37750000,18611.69658200,0
1693691820000,1636.08000000,1636.08000000,1636.07000000,1636.08000000,9.42800000,1693691879999,15424.91132800,51,4.33680000,7095.35174400,0
1693691880000,1636.08000000,1636.08000000,1636.07000000,1636.08000000,8.08240000,1693691939999,13223.38557300,49,1.34050000,2193.16524000,0
1693691940000,1636.07000000,1636.13000000,1636.07000000,1636.12000000,21.56830000,1693691999999,35287.98784200,73,15.05670000,24634.29708500,0
1693692000000,1636.12000000,1636.13000000,1635.98000000,1635.99000000,36.12110000,1693692059999,59096.59805000,112,7.27800000,11907.02693800,0
1693692060000,1635.98000000,1635.99000000,1635.55000000,1635.90000000,142.35330000,1693692119999,232854.75807900,167,71.68330000,117245.59338300,0
1693692120000,1635.89000000,1636.80000000,1635.89000000,1636.15000000,116.25700000,1693692179999,190232.85669200,175,51.81390000,84776.00220700,0
1693692180000,1636.15000000,1636.16000000,1636.15000000,1636.15000000,5.15940000,1693692239999,8441.56425600,56,1.19460000,1954.55673600,0
1693692240000,1636.15000000,1636.47000000,1636.15000000,1636.47000000,30.68260000,1693692299999,50206.99758300,86,16.68600000,27302.83389200,0
1693692300000,1636.46000000,1636.65000000,1636.46000000,1636.64000000,20.05760000,1693692359999,32825.13559900,87,12.96490000,21217.57335700,0
1693692360000,1636.65000000,1636.65000000,1636.64000000,1636.64000000,10.99620000,1693692419999,17996.84706100,59,2.62930000,4303.24384500,0
1693692420000,1636.65000000,1636.65000000,1636.64000000,1636.65000000,6.70220000,1693692479999,10969.13223400,49,4.36260000,7140.04929000,0
1693692480000,1636.64000000,1636.65000000,1636.64000000,1636.65000000,23.37910000,1693692539999,38263.24681000,101,7.65860000,12534.44769000,0
1693692540000,1636.65000000,1636.65000000,1636.64000000,1636.64000000,6.70830000,1693692599999,10979.08960600,39,1.74940000,2863.15551000,0
1693692600000,1636.65000000,1637.42000000,1636.64000000,1637.42000000,23.24970000,1693692659999,38062.84834900,114,21.00020000,34380.41195300,0
1693692660000,1637.42000000,1637.42000000,1636.61000000,1636.75000000,154.88470000,1693692719999,253540.20079600,183,35.79380000,58585.51165100,0
1693692720000,1636.76000000,1636.76000000,1636.75000000,1636.76000000,53.15780000,1693692779999,87006.15446000,88,12.53100000,20510.23956000,0
1693692780000,1636.75000000,1636.76000000,1636.75000000,1636.76000000,5.53700000,1693692839999,9062.71042200,70,2.56720000,4201.89027200,0
1693692840000,1636.76000000,1636.76000000,1636.75000000,1636.76000000,9.71310000,1693692899999,15897.97551300,65,5.90880000,9671.28748800,0
1693692900000,1636.76000000,1636.88000000,1636.75000000,1636.87000000,10.69300000,1693692959999,17502.18718100,98,8.61640000,14103.15622100,0
1693692960000,1636.87000000,1636.88000000,1636.87000000,1636.88000000,28.26020000,1693693019999,46258.49147100,83,21.78970000,35667.12413600,0
1693693020000,1636.88000000,1636.88000000,1636.87000000,1636.88000000,8.92450000,1693693079999,14608.27861400,75,3.22990000,5286.95871200,0
1693693080000,1636.87000000,1636.88000000,1636.87000000,1636.87000000,24.36040000,1693693139999,39874.98446300,62,17.65150000,28893.38732000,0
1693693140000,1636.87000000,1636.88000000,1636.66000000,1636.66000000,23.51220000,1693693199999,38485.81901200,92,1.73250000,2835.61805100,0
1693693200000,1636.67000000,1636.67000000,1636.08000000,1636.08000000,71.58380000,1693693259999,117151.93149000,105,3.84230000,6288.32359700,0
1693693260000,1636.08000000,1636.09000000,1635.82000000,1635.82000000,34.43750000,1693693319999,56335.27737600,92,1.48240000,2425.05141800,0
1693693320000,1635.82000000,1636.20000000,1635.82000000,1636.19000000,24.29500000,1693693379999,39747.97543700,92,18.21760000,29804.48732600,0
1693693380000,1636.19000000,1636.20000000,1636.19000000,1636.19000000,6.44950000,1693693439999,10552.64011700,44,3.27120000,5352.33744000,0
1693693440000,1636.20000000,1636.20000000,1636.19000000,1636.19000000,4.76150000,1693693499999,7790.73283400,46,1.41490000,2315.05938000,0
1693693500000,1636.19000000,1636.41000000,1636.19000000,1636.41000000,19.54000000,1693693559999,31971.68823500,87,17.59310000,28786.09746800,0
1693693560000,1636.40000000,1636.44000000,1636.40000000,1636.43000000,6.04480000,1693693619999,9891.86357100,56,4.54570000,7438.70636400,0
1693693620000,1636.43000000,1636.60000000,1636.43000000,1636.60000000,11.68360000,1693693679999,19120.27699200,92,5.44620000,8912.54943800,0
1693693680000,1636.59000000,1636.60000000,1636.59000000,1636.59000000,12.09050000,1693693739999,19787.29797400,59,10.65790000,17442.71914000,0
1693693740000,1636.59000000,1636.60000000,1636.59000000,1636.60000000,14.37380000,1693693799999,23524.13097800,57,11.36360000,18597.66776000,0
1693693800000,1636.60000000,1636.60000000,1636.55000000,1636.55000000,40.21310000,1693693859999,65812.15262600,77,7.26150000,11883.95924000,0
1693693860000,1636.56000000,1636.56000000,1636.53000000,1636.54000000,26.62270000,1693693919999,43569.20990300,83,9.05930000,14826.00879600,0
1693693920000,1636.54000000,1636.54000000,1636.53000000,1636.53000000,10.90460000,1693693979999,17845.78026600,96,7.52280000,12311.36311200,0
1693693980000,1636.54000000,1636.54000000,1636.53000000,1636.53000000,39.74820000,1693694039999,65049.49777400,59,37.60280000,61538.48631200,0
1693694040000,1636.53000000,1636.54000000,1636.44000000,1636.44000000,17.49520000,1693694099999,28631.31585600,79,8.92240000,14601.82179100,0
1693694100000,1636.45000000,1636.45000000,1636.33000000,1636.34000000,6.24510000,1693694159999,10219.17318700,70,2.55900000,4187.42860000,0
1693694160000,1636.33000000,1636.34000000,1636.33000000,1636.34000000,3.62680000,1693694219999,5934.65781800,50,1.61740000,2646.61631600,0
1693694220000,1636.33000000,1636.34000000,1635.57000000,1635.68000000,129.20010000,1693694279999,211367.87620200,190,33.42530000,54670.37203800,0
1693694280000,1635.69000000,1636.23000000,1635.68000000,1636.23000000,11.02530000,1693694339999,18035.94141200,66,9.95350000,16282.63085800,0
1693694340000,1636.22000000,1636.40000000,1636.22000000,1636.39000000,34.32910000,1693694399999,56172.01515300,89,28.56180000,46735.30069600,0
1693694400000,1636.39000000,1636.40000000,1636.39000000,1636.40000000,7.00160000,1693694459999,11457.37429800,60,2.60740000,4266.74936000,0
1693694460000,1636.39000000,1636.48000000,1636.39000000,1636.47000000,8.16820000,1693694519999,13366.72207600,62,6.99410000,11445.38556100,0
1693694520000,1636.47000000,1636.48000000,1636.47000000,1636.47000000,10.00430000,1693694579999,16371.81647600,58,7.96550000,13035.38144000,0
1693694580000,1636.48000000,1636.48000000,1636.47000000,1636.48000000,2.56310000,1693694639999,4194.44684200,50,1.05850000,1732.21408000,0
1693694640000,1636.47000000,1636.48000000,1636.47000000,1636.47000000,10.66400000,1693694699999,17451.36792400,71,5.18440000,8484.16691200,0
1693694700000,1636.47000000,1637.00000000,1636.47000000,1636.99000000,16.01300000,1693694759999,26209.78204300,102,10.14480000,16604.42057600,0
1693694760000,1636.99000000,1637.05000000,1636.57000000,1636.57000000,52.85160000,1693694819999,86517.56406100,116,8.25370000,13510.08466100,0
1693694820000,1636.58000000,1636.74000000,1636.57000000,1636.73000000,7.52290000,1693694879999,12312.67424000,62,5.50450000,9009.15604000,0
1693694880000,1636.73000000,1636.74000000,1636.50000000,1636.50000000,34.09020000,1693694939999,55796.21941100,88,3.12410000,5113.18630000,0
1693694940000,1636.51000000,1636.51000000,1636.50000000,1636.50000000,11.29080000,1693694999999,18477.48172200,84,8.75220000,14323.06282200,0
1693695000000,1636.50000000,1636.51000000,1636.50000000,1636.51000000,4.74020000,1693695059999,7757.36179500,70,2.44950000,4008.63124500,0
1693695060000,1636.51000000,1636.51000000,1636.50000000,1636.51000000,11.46250000,1693695119999,18758.39426100,65,1.30110000,2129.26316100,0
1693695120000,1636.51000000,1637.00000000,1636.50000000,1637.00000000,99.72940000,1693695179999,163215.94226700,107,91.55940000,149843.95298100,0
1693695180000,1637.00000000,1637.21000000,1636.99000000,1637.20000000,18.76780000,1693695239999,30724.07513000,89,16.06240000,26294.92054400,0
1693695240000,1637.21000000,1637.21000000,1637.20000000,1637.21000000,9.29710000,1693695299999,15221.26413000,67,5.20100000,8515.12921000,0
1693695300000,1637.20000000,1637.21000000,1637.20000000,1637.20000000,14.73090000,1693695359999,24117.50418500,76,7.47050000,12230.77730500,0
1693695360000,1637.20000000,1637.21000000,1637.20000000,1637.21000000,5.59390000,1693695419999,9158.36948500,74,3.64050000,5960.26300500,0
1693695420000,1637.20000000,1637.21000000,1637.20000000,1637.20000000,36.79150000,1693695479999,60235.11295300,94,6.91530000,11321.79831300,0
1693695480000,1637.21000000,1637.21000000,1637.06000000,1637.07000000,50.18850000,1693695539999,82167.47020200,132,6.17500000,10109.69871200,0
1693695540000,1637.06000000,1637.07000000,1636.58000000,1636.82000000,138.06510000,1693695599999,225975.79017200,160,77.66600000,127112.27184800,0
1693695600000,1636.82000000,1637.06000000,1636.81000000,1637.06000000,58.53280000,1693695659999,95813.50728300,91,51.05060000,83566.34751700,0
1693695660000,1637.06000000,1637.06000000,1637.05000000,1637.05000000,12.24280000,1693695719999,20042.11829000,62,4.25500000,6965.69030000,0
1693695720000,1637.05000000,1637.06000000,1636.35000000,1636.35000000,64.39800000,1693695779999,105408.94160000,106,6.60660000,10813.28638800,0
1693695780000,1636.36000000,1636.36000000,1636.22000000,1636.23000000,5.09960000,1693695839999,8344.34527300,84,3.12760000,5117.67172300,0
1693695840000,1636.22000000,1636.23000000,1636.22000000,1636.22000000,5.87670000,1693695899999,9615.60626400,53,3.21900000,5267.02437000,0
1693695900000,1636.23000000,1636.61000000,1636.22000000,1636.60000000,11.55820000,1693695959999,18913.16285000,96,7.48760000,12252.00746600,0
1693695960000,1636.60000000,1636.61000000,1636.60000000,1636.61000000,9.17980000,1693696019999,15023.67060200,36,0.99220000,1623.84444200,0
1693696020000,1636.60000000,1636.61000000,1636.60000000,1636.60000000,3.10580000,1693696079999,5082.96370100,59,1.14210000,1869.17228100,0
1693696080000,1636.61000000,1636.61000000,1636.60000000,1636.60000000,10.80460000,1693696139999,17682.90252200,56,9.41620000,15410.64708200,0
1693696140000,1636.61000000,1636.87000000,1636.60000000,1636.87000000,45.00470000,1693696199999,73656.56198800,118,41.75680000,68340.44033400,0
1693696200000,1636.86000000,1636.87000000,1636.62000000,1636.62000000,18.16170000,1693696259999,29727.20707300,71,2.14580000,3511.94742200,0
1693696260000,1636.63000000,1636.63000000,1636.62000000,1636.62000000,10.79680000,1693696319999,17670.34468700,71,8.58710000,14053.90547300,0
1693696320000,1636.62000000,1636.96000000,1636.62000000,1636.95000000,31.67050000,1693696379999,51836.06897100,122,26.78350000,43836.90967200,0
1693696380000,1636.96000000,1636.96000000,1636.95000000,1636.95000000,3.76180000,1693696439999,6157.90055400,45,2.20440000,3608.51462400,0
1693696440000,1636.95000000,1637.01000000,1636.95000000,1637.00000000,6.58340000,1693696499999,10776.89149000,51,5.24500000,8585.94829000,0
1693696500000,1637.00000000,1637.24000000,1637.00000000,1637.22000000,21.32230000,1693696559999,34906.10027200,92,19.00390000,31110.77493100,0
1693696560000,1637.23000000,1637.95000000,1637.22000000,1637.94000000,28.93340000,1693696619999,47378.99868400,119,23.41870000,38349.08179300,0
1693696620000,1637.95000000,1637.95000000,1637.78000000,1637.79000000,23.13360000,1693696679999,37889.92919400,99,13.92270000,22803.13244900,0
1693696680000,1637.79000000,1637.79000000,1637.78000000,1637.79000000,4.48480000,1693696739999,7345.14544600,66,2.97020000,4864.56385800,0
1693696740000,1637.79000000,1637.79000000,1637.78000000,1637.79000000,6.89860000,1693696799999,11298.44207500,66,5.29670000,8674.88229300,0
1693696800000,1637.78000000,1637.79000000,1637.78000000,1637.78000000,4.94570000,1693696859999,8100.00943600,55,4.08900000,6696.92331000,0
1693696860000,1637.78000000,1638.46000000,1637.78000000,1638.24000000,193.17790000,1693696919999,316455.76262700,172,186.13770000,304923.09027900,0
1693696920000,1638.24000000,1638.44000000,1638.09000000,1638.44000000,34.17390000,1693696979999,55984.06378800,105,16.07110000,26327.98742200,0
1693696980000,1638.44000000,1638.78000000,1638.43000000,1638.77000000,75.27520000,1693697039999,123350.52902600,121,72.60950000,118982.14731900,0
1693697040000,1638.78000000,1638.99000000,1638.77000000,1638.98000000,15.12110000,1693697099999,24781.61921300,67,13.53900000,22188.64970800,0
1693697100000,1638.98000000,1638.99000000,1638.86000000,1638.86000000,7.61510000,1693697159999,12480.74921500,85,3.11370000,5103.13460700,0
1693697160000,1638.87000000,1638.87000000,1638.86000000,1638.86000000,12.07310000,1693697219999,19786.19839100,55,7.77250000,12738.11707500,0
1693697220000,1638.87000000,1638.87000000,1638.86000000,1638.87000000,7.57400000,1693697279999,12412.74321900,101,1.75790000,2880.96957300,0
1693697280000,1638.87000000,1638.88000000,1638.86000000,1638.88000000,11.85400000,1693697339999,19427.14185200,105,8.69830000,14255.38687400,0
1693697340000,1638.88000000,1638.98000000,1638.87000000,1638.98000000,21.86060000,1693697399999,35828.30823800,72,20.06060000,32878.22197800,0
1693697400000,1638.97000000,1638.98000000,1637.95000000,1637.95000000,43.16720000,1693697459999,70732.52492000,148,3.68600000,6039.09383900,0
1693697460000,1637.95000000,1637.96000000,1637.50000000,1637.51000000,30.34460000,1693697519999,49692.41026500,114,2.98220000,4883.56058000,0
1693697520000,1637.51000000,1637.51000000,1637.50000000,1637.50000000,4.77550000,1693697579999,7819.90433800,70,2.30880000,3780.68308800,0
1693697580000,1637.50000000,1637.51000000,1637.50000000,1637.50000000,2.45250000,1693697639999,4015.98680700,49,1.80570000,2956.85180700,0
1693697640000,1637.50000000,1637.51000000,1637.50000000,1637.50000000,26.53540000,1693697699999,43451.74805000,60,3.05500000,5002.59305000,0
1693697700000,1637.50000000,1637.51000000,1637.10000000,1637.11000000,65.69750000,1693697759999,107566.34754500,128,4.16380000,6818.10989200,0
1693697760000,1637.11000000,1637.11000000,1636.76000000,1636.77000000,18.67100000,1693697819999,30562.29514100,99,2.30180000,3767.70602700,0
1693697820000,1636.76000000,1636.77000000,1636.64000000,1636.76000000,38.62180000,1693697879999,63211.26671900,97,29.63500000,48502.95067500,0
1693697880000,1636.76000000,1636.76000000,1636.75000000,1636.75000000,7.69880000,1693697939999,12601.03129400,64,2.03940000,3338.00834400,0
1693697940000,1636.75000000,1636.76000000,1636.75000000,1636.75000000,3.62690000,1693697999999,5936.34931700,54,2.07420000,3394.96759200,0
1693698000000,1636.76000000,1636.89000000,1636.68000000,1636.88000000,41.13040000,1693698059999,67319.18288400,96,16.75160000,27417.32664900,0
1693698060000,1636.89000000,1636.89000000,1636.88000000,1636.88000000,4.42920000,1693698119999,7250.08997600,57,2.10800000,3450.56412000,0
1693698120000,1636.89000000,1636.89000000,1636.88000000,1636.89000000,2.71000000,1693698179999,4435.95543300,53,1.06330000,1740.50513700,0
1693698180000,1636.89000000,1636.89000000,1636.88000000,1636.88000000,5.77190000,1693698239999,9447.94647800,53,3.88060000,6352.11533400,0
1693698240000,1636.89000000,1636.89000000,1636.88000000,1636.88000000,27.24220000,1693698299999,44592.45106200,105,23.87260000,39076.82021400,0
1693698300000,1636.88000000,1636.89000000,1636.88000000,1636.88000000,3.22010000,1693698359999,5270.94454000,64,2.72520000,4460.85262800,0
1693698360000,1636.88000000,1636.89000000,1636.88000000,1636.89000000,6.15440000,1693698419999,10074.04455600,73,3.02840000,4957.15767600,0
1693698420000,1636.89000000,1636.89000000,1636.40000000,1636.40000000,49.42350000,1693698479999,80892.98616000,118,4.35770000,7132.73889700,0
1693698480000,1636.40000000,1636.41000000,1636.40000000,1636.40000000,17.34350000,1693698539999,28380.93202200,77,2.86220000,4683.73270200,0
1693698540000,1636.41000000,1636.56000000,1636.40000000,1636.56000000,9.32310000,1693698599999,15256.54562100,91,7.70160000,12603.05271600,0
1693698600000,1636.55000000,1636.56000000,1636.55000000,1636.55000000,15.33850000,1693698659999,25102.36128800,73,13.91130000,22766.67712800,0
1693698660000,1636.55000000,1636.56000000,1636.52000000,1636.53000000,43.41870000,1693698719999,71056.84616600,75,6.66260000,10903.67541900,0
1693698720000,1636.53000000,1636.53000000,1636.50000000,1636.51000000,25.90810000,1693698779999,42399.13799400,75,2.71480000,4442.84557200,0
1693698780000,1636.51000000,1636.51000000,1636.08000000,1636.09000000,7.52070000,1693698839999,12305.91428600,100,1.64240000,2687.28119000,0
1693698840000,1636.08000000,1636.36000000,1636.08000000,1636.35000000,21.62380000,1693698899999,35379.61947200,106,17.72050000,28992.80788000,0
1693698900000,1636.35000000,1636.36000000,1636.35000000,1636.35000000,16.91170000,1693698959999,27673.50998900,82,4.96940000,8131.72738400,0
1693698960000,1636.35000000,1636.36000000,1636.35000000,1636.35000000,15.74340000,1693699019999,25761.74959400,67,3.70040000,6055.18654400,0
1693699020000,1636.36000000,1636.63000000,1636.35000000,1636.62000000,9.46900000,1693699079999,15495.60308500,75,7.91480000,12952.28072500,0
1693699080000,1636.62000000,1637.19000000,1636.62000000,1637.19000000,39.23590000,1693699139999,64222.21101600,106,33.82350000,55363.59954500,0
1693699140000,1637.18000000,1637.19000000,1637.02000000,1637.03000000,21.71380000,1693699199999,35548.90873200,68,6.02510000,9864.04434900,0
