1672444800000,0.00000806,0.00000807,0.00000805,0.00000807,8174293754.00,1672444859999,65942.14527253,122,7609634440.00,61394.71948059,0
1672444860000,0.00000807,0.00000807,0.00000806,0.00000806,758535338.00,1672444919999,6116.86561363,21,307078935.00,2478.12700545,0
1672444920000,0.00000806,0.00000808,0.00000806,0.00000807,3401028718.00,1672444979999,27447.69756001,75,2388833123.00,19279.44428985,0
1672444980000,0.00000807,0.00000807,0.00000806,0.00000806,239833398.00,1672445039999,1935.31909853,11,226191065.00,1825.36189455,0
1672445040000,0.00000806,0.00000807,0.00000806,0.00000807,11154912.00,1672445099999,89.93060491,3,2201419.00,17.76545133,0
1672445100000,0.00000807,0.00000807,0.00000806,0.00000806,4296219.00,1672445159999,34.65117778,2,2365264.00,19.08768048,0
1672445160000,0.00000807,0.00000808,0.00000807,0.00000807,1910981205.00,1672445219999,15427.16837411,51,1783503015.00,14398.41938081,0
1672445220000,0.00000808,0.00000808,0.00000806,0.00000807,381793447.00,1672445279999,3080.55449587,15,198926549.00,1606.09833147,0
1672445280000,0.00000806,0.00000807,0.00000806,0.00000807,453037660.00,1672445339999,3653.38666272,4,190312312.00,1535.82035784,0
1672445340000,0.00000806,0.00000807,0.00000805,0.00000807,762598749.00,1672445399999,6146.63779991,27,397387978.00,3203.07137426,0
1672445400000,0.00000807,0.00000807,0.00000806,0.00000807,69381900.00,1672445459999,559.58470787,9,36659387.00,295.84125309,0
1672445460000,0.00000807,0.00000808,0.00000806,0.00000808,810726242.00,1672445519999,6540.60156894,23,577389789.00,4659.61472029,0
1672445520000,0.00000807,0.00000807,0.00000807,0.00000807,359037755.00,1672445579999,2897.43468285,14,4666781.00,37.66092267,0
1672445580000,0.00000806,0.00000807,0.00000806,0.00000807,31477671.00,1672445639999,253.99360683,7,28357857.00,228.84790599,0
1672445640000,0.00000806,0.00000807,0.00000806,0.00000807,12022464.00,1672445699999,97.00050057,4,9944073.00,80.24866911,0
1672445700000,0.00000807,0.00000808,0.00000806,0.00000806,1745896146.00,1672445759999,14093.15854441,52,1466966174.00,11842.21572108,0
1672445760000,0.00000806,0.00000807,0.00000806,0.00000806,410193635.00,1672445819999,3306.53518333,10,37448523.00,302.20958061,0
1672445820000,0.00000806,0.00000807,0.00000805,0.00000806,3691713940.00,1672445879999,29755.39776319,62,2202038781.00,17748.75180111,0
1672445880000,0.00000806,0.00000807,0.00000806,0.00000807,47231894.00,1672445939999,380.85249463,5,16342899.00,131.88719493,0
1672445940000,0.00000807,0.00000807,0.00000806,0.00000806,114094037.00,1672445999999,920.30400888,8,70607066.00,569.79902262,0
1672446000000,0.00000807,0.00000807,0.00000807,0.00000807,23571746.00,1672446059999,190.22399022,5,23571746.00,190.22399022,0
1672446060000,0.00000807,0.00000807,0.00000807,0.00000807,165097690.00,1672446119999,1332.33835830,8,165097690.00,1332.33835830,0
1672446120000,0.00000807,0.00000808,0.00000807,0.00000808,2113016803.00,1672446179999,17057.10913724,43,2113016803.00,17057.10913724,0
1672446180000,0.00000808,0.00000808,0.00000807,0.00000808,29804966.00,1672446239999,240.71663558,6,19055996.00,153.97244768,0
1672446240000,0.00000808,0.00000808,0.00000807,0.00000808,131001853.00,1672446299999,1058.47931217,5,129435846.00,1045.84163568,0
1672446300000,0.00000807,0.00000808,0.00000807,0.00000807,400060432.00,1672446359999,3228.60616249,19,11847625.00,95.72881000,0
1672446360000,0.00000807,0.00000808,0.00000807,0.00000807,74118764.00,1672446419999,598.20129226,9,6286678.00,50.79635824,0
1672446420000,0.00000808,0.00000808,0.00000807,0.00000807,14025351.00,1672446479999,113.21035257,2,2577000.00,20.82216000,0
1672446480000,0.00000807,0.00000808,0.00000807,0.00000808,167634959.00,1672446539999,1353.93691996,8,112280083.00,907.22307064,0
1672446540000,0.00000807,0.00000807,0.00000807,0.00000807,655547190.00,1672446599999,5290.26582330,5,0.00,0.00000000,0
1672446600000,0.00000807,0.00000808,0.00000807,0.00000808,2080660011.00,1672446659999,16811.35112244,34,1920527310.00,15517.86066480,0
1672446660000,0.00000808,0.00000808,0.00000807,0.00000808,623393961.00,1672446719999,5036.11943946,18,75823079.00,612.65047832,0
1672446720000,0.00000808,0.00000808,0.00000807,0.00000808,53903727.00,1672446779999,435.50473407,5,50165718.00,405.33900144,0
1672446780000,0.00000808,0.00000808,0.00000808,0.00000808,10488269.00,1672446839999,84.74521352,3,10488269.00,84.74521352,0
1672446840000,0.00000808,0.00000808,0.00000807,0.00000808,661338922.00,1672446899999,5343.12325544,24,611815490.00,4943.46915920,0
1672446900000,0.00000807,0.00000808,0.00000807,0.00000808,239739389.00,1672446959999,1935.90839312,8,121152389.00,978.91130312,0
1672446960000,0.00000808,0.00000808,0.00000808,0.00000808,1456626409.00,1672447019999,11769.54138472,15,1456626409.00,11769.54138472,0
1672447020000,0.00000808,0.00000808,0.00000807,0.00000807,39374359.00,1672447079999,317.92294566,5,17186853.00,138.86977224,0
1672447080000,0.00000807,0.00000808,0.00000807,0.00000807,178992834.00,1672447139999,1446.03311097,5,156094059.00,1261.23999672,0
1672447140000,0.00000808,0.00000809,0.00000808,0.00000808,2710740380.00,1672447199999,21904.29775120,85,2557525721.00,20666.32330648,0
1672447200000,0.00000809,0.00000809,0.00000809,0.00000809,1237623.00,1672447259999,10.01237007,1,1237623.00,10.01237007,0
1672447260000,0.00000808,0.00000808,0.00000808,0.00000808,88617489.00,1672447319999,716.02931112,7,0.00,0.00000000,0
1672447320000,0.00000808,0.00000808,0.00000808,0.00000808,1361386.00,1672447379999,10.99999888,1,0.00,0.00000000,0
1672447380000,0.00000808,0.00000808,0.00000808,0.00000808,12807065.00,1672447439999,103.48108520,2,0.00,0.00000000,0
1672447440000,0.00000808,0.00000809,0.00000808,0.00000809,156092361.00,1672447499999,1262.43383332,12,120755644.00,976.91315996,0
1672447500000,0.00000809,0.00000809,0.00000809,0.00000809,160005271.00,1672447559999,1294.44264239,7,160005271.00,1294.44264239,0
1672447560000,0.00000809,0.00000809,0.00000809,0.00000809,61804697.00,1672447619999,499.99999873,5,61804697.00,499.99999873,0
1672447620000,0.00000808,0.00000810,0.00000808,0.00000809,1086686155.00,1672447679999,8792.89461735,41,963416721.00,7795.95842404,0
1672447680000,0.00000809,0.00000809,0.00000809,0.00000809,319592125.00,1672447739999,2585.50029125,6,0.00,0.00000000,0
1672447740000,0.00000809,0.00000810,0.00000808,0.00000808,923937572.00,1672447799999,7474.29110614,19,1455647.00,11.79074070,0
1672447800000,0.00000808,0.00000808,0.00000808,0.00000808,15046782.00,1672447859999,121.57799856,4,0.00,0.00000000,0
1672447860000,0.00000808,0.00000808,0.00000808,0.00000808,339585546.00,1672447919999,2743.85121168,9,0.00,0.00000000,0
1672447920000,0.00000809,0.00000809,0.00000809,0.00000809,227016525.00,1672447979999,1836.56368725,4,227016525.00,1836.56368725,0
1672447980000,0.00000808,0.00000809,0.00000808,0.00000808,223483770.00,1672448039999,1805.83251417,15,8365257.00,67.67492913,0
1672448040000,0.00000809,0.00000809,0.00000808,0.00000808,124324822.00,1672448099999,1004.62320136,6,7863960.00,63.61943640,0
1672448100000,0.00000808,0.00000808,0.00000808,0.00000808,3263198.00,1672448159999,26.36663984,2,0.00,0.00000000,0
1672448160000,0.00000808,0.00000808,0.00000807,0.00000807,1896298923.00,1672448219999,15317.81965130,45,34641660.00,279.90461280,0
1672448220000,0.00000807,0.00000808,0.00000807,0.00000808,28053458.00,1672448279999,226.42418302,4,3277696.00,26.48378368,0
1672448280000,0.00000808,0.00000808,0.00000807,0.00000808,31411893.00,1672448339999,253.63958810,3,14561159.00,117.65416472,0
1672448340000,0.00000807,0.00000807,0.00000806,0.00000806,1945553737.00,1672448399999,15695.42626913,64,31290724.00,252.51614268,0
1672448400000,0.00000807,0.00000807,0.00000807,0.00000807,3416712815.00,1672448459999,27572.87241705,32,3411984785.00,27534.71721495,0
1672448460000,0.00000807,0.00000809,0.00000807,0.00000808,2964758028.00,1672448519999,23955.04716108,32,2460385409.00,19879.93010524,0
1672448520000,0.00000808,0.00000808,0.00000807,0.00000807,1753029691.00,1672448579999,14164.00691328,12,0.00,0.00000000,0
1672448580000,0.00000807,0.00000808,0.00000807,0.00000807,668904952.00,1672448639999,5398.58756824,9,52460560.00,423.88132480,0
1672448640000,0.00000807,0.00000808,0.00000807,0.00000807,343122084.00,1672448699999,2770.36687929,6,137166141.00,1108.30241928,0
1672448700000,0.00000808,0.00000808,0.00000807,0.00000807,327563685.00,1672448759999,2644.16493065,9,72599270.00,586.60210160,0
1672448760000,0.00000807,0.00000808,0.00000807,0.00000808,356078551.00,1672448819999,2873.65882556,6,10491899.00,84.77454392,0
1672448820000,0.00000808,0.00000808,0.00000806,0.00000807,3974605036.00,1672448879999,32071.34956527,39,33084965.00,267.17652151,0
1672448880000,0.00000806,0.00000806,0.00000806,0.00000806,10319488.00,1672448939999,83.17507328,1,0.00,0.00000000,0
1672448940000,0.00000806,0.00000807,0.00000806,0.00000806,53551067.00,1672448999999,431.90766166,6,28606164.00,230.85174348,0
1672449000000,0.00000806,0.00000807,0.00000806,0.00000807,278468275.00,1672449059999,2247.18463862,7,273034212.00,2203.38609084,0
1672449060000,0.00000807,0.00000807,0.00000806,0.00000806,51640501.00,1672449119999,416.49395279,6,27151473.00,219.11238711,0
1672449120000,0.00000807,0.00000807,0.00000807,0.00000807,150386012.00,1672449179999,1213.61511684,5,150386012.00,1213.61511684,0
1672449180000,0.00000806,0.00000806,0.00000806,0.00000806,5338321.00,1672449239999,43.02686726,3,0.00,0.00000000,0
1672449240000,0.00000807,0.00000807,0.00000806,0.00000807,921843047.00,1672449299999,7430.59260078,9,53764196.00,433.87706172,0
1672449300000,0.00000807,0.00000807,0.00000806,0.00000807,1153147683.00,1672449359999,9305.45001639,16,1107969141.00,8941.31096787,0
1672449360000,0.00000806,0.00000807,0.00000806,0.00000806,21376611.00,1672449419999,172.30918726,4,1370260.00,11.05799820,0
1672449420000,0.00000807,0.00000807,0.00000807,0.00000807,62988606.00,1672449479999,508.31805042,4,62988606.00,508.31805042,0
1672449480000,0.00000806,0.00000808,0.00000806,0.00000806,6315113106.00,1672449539999,50978.76378500,76,3881970149.00,31344.05908000,0
1672449540000,0.00000807,0.00000808,0.00000806,0.00000808,3468602150.00,1672449599999,28002.44767602,30,3456455912.00,27904.54899774,0
1672449600000,0.00000807,0.00000808,0.00000806,0.00000807,5852469762.00,1672449659999,47230.35348907,56,2990907593.00,24137.61312066,0
1672449660000,0.00000808,0.00000808,0.00000807,0.00000808,6955995.00,1672449719999,56.18958811,4,5470846.00,44.20443568,0
1672449720000,0.00000807,0.00000808,0.00000807,0.00000808,20482898.00,1672449779999,165.32421458,3,2722772.00,21.99999776,0
1672449780000,0.00000807,0.00000807,0.00000807,0.00000807,2590328765.00,1672449839999,20903.95313355,33,1445988259.00,11669.12525013,0
1672449840000,0.00000807,0.00000807,0.00000806,0.00000807,452793362.00,1672449899999,3652.86969560,7,335519788.00,2707.64468916,0
1672449900000,0.00000806,0.00000806,0.00000806,0.00000806,7611409.00,1672449959999,61.34795654,3,0.00,0.00000000,0
1672449960000,0.00000807,0.00000807,0.00000806,0.00000806,13210550.00,1672450019999,106.50375069,3,2671769.00,21.56117583,0
1672450020000,0.00000807,0.00000807,0.00000806,0.00000807,82837790.00,1672450079999,668.30961889,6,63703149.00,514.08441243,0
1672450080000,0.00000807,0.00000807,0.00000806,0.00000806,303920860.00,1672450139999,2449.73224510,4,13011350.00,105.00159450,0
1672450140000,0.00000806,0.00000807,0.00000806,0.00000807,81888660.00,1672450199999,660.05977432,5,3717472.00,29.99999904,0
1672450200000,0.00000807,0.00000807,0.00000806,0.00000806,189788366.00,1672450259999,1531.37814166,6,168391170.00,1358.91674190,0
1672450260000,0.00000807,0.00000807,0.00000806,0.00000807,281553407.00,1672450319999,2271.11067045,10,179021003.00,1444.69949421,0
1672450320000,0.00000807,0.00000807,0.00000807,0.00000807,1616049082.00,1672450379999,13041.51609174,14,1517731010.00,12248.08925070,0
1672450380000,0.00000808,0.00000808,0.00000807,0.00000807,70050716.00,1672450439999,565.36301207,5,5373395.00,43.41703160,0
1672450440000,0.00000807,0.00000807,0.00000807,0.00000807,1301115.00,1672450499999,10.49999805,1,0.00,0.00000000,0
1672450500000,0.00000807,0.00000808,0.00000807,0.00000808,56260007.00,1672450559999,454.08007578,3,6181929.00,49.94998632,0
1672450560000,0.00000807,0.00000808,0.00000807,0.00000808,107072385.00,1672450619999,864.42133108,7,34718413.00,280.52477704,0
1672450620000,0.00000808,0.00000808,0.00000807,0.00000807,2448144526.00,1672450679999,19756.66097551,27,268521999.00,2167.10718262,0
1672450680000,0.00000807,0.00000807,0.00000806,0.00000806,16264956.00,1672450739999,131.23661995,4,14107459.00,113.84719413,0
1672450740000,0.00000806,0.00000807,0.00000806,0.00000807,10418668.00,1672450799999,83.98826279,3,1379871.00,11.13555897,0
1672450800000,0.00000807,0.00000807,0.00000806,0.00000806,112774887.00,1672450859999,909.75939681,9,79380759.00,640.60272513,0
1672450860000,0.00000806,0.00000808,0.00000806,0.00000808,3826039340.00,1672450919999,30889.77939319,36,3819651853.00,30838.25080199,0
1672450920000,0.00000807,0.00000808,0.00000807,0.00000808,62569867.00,1672450979999,505.49016121,7,55133452.00,445.47829216,0
1672450980000,0.00000808,0.00000808,0.00000808,0.00000808,137106667.00,1672451039999,1107.82186936,4,137106667.00,1107.82186936,0
1672451040000,0.00000807,0.00000808,0.00000807,0.00000808,47618909.00,1672451099999,384.34858476,4,6398913.00,51.70321704,0
1672451100000,0.00000808,0.00000808,0.00000807,0.00000807,101760169.00,1672451159999,821.27542014,8,7085631.00,57.25189848,0
1672451160000,0.00000808,0.00000808,0.00000807,0.00000807,265174833.00,1672451219999,2140.15674961,9,19584730.00,158.24461840,0
1672451220000,0.00000808,0.00000808,0.00000807,0.00000808,227185352.00,1672451279999,1833.50998982,6,12419918.00,100.35293744,0
1672451280000,0.00000808,0.00000808,0.00000807,0.00000807,32492306.00,1672451339999,262.49422593,5,28131651.00,227.30374008,0
1672451340000,0.00000807,0.00000808,0.00000807,0.00000807,419380397.00,1672451399999,3384.42455626,8,2475247.00,19.99999576,0
1672451400000,0.00000807,0.00000808,0.00000807,0.00000808,11073073.00,1672451459999,89.38885793,5,2915882.00,23.56032656,0
1672451460000,0.00000808,0.00000808,0.00000807,0.00000807,31525622.00,1672451519999,254.67904389,6,26727435.00,215.95767480,0
1672451520000,0.00000807,0.00000808,0.00000807,0.00000807,168546332.00,1672451579999,1360.21521471,7,4631547.00,37.42289976,0
1672451580000,0.00000807,0.00000808,0.00000807,0.00000807,166024048.00,1672451639999,1340.64360933,6,82954197.00,670.26991176,0
1672451640000,0.00000807,0.00000808,0.00000807,0.00000808,350502879.00,1672451699999,2828.81876409,5,26053056.00,210.50869248,0
1672451700000,0.00000807,0.00000808,0.00000807,0.00000807,32927914.00,1672451759999,265.97356452,6,24529854.00,198.20122032,0
1672451760000,0.00000808,0.00000808,0.00000807,0.00000808,112176322.00,1672451819999,906.27118129,7,100826275.00,814.67630200,0
1672451820000,0.00000808,0.00000808,0.00000806,0.00000807,5482795423.00,1672451879999,44251.37922043,54,3392894353.00,27386.67758553,0
1672451880000,0.00000808,0.00000808,0.00000807,0.00000807,83238827.00,1672451939999,672.53835373,3,80101984.00,647.22403072,0
1672451940000,0.00000808,0.00000808,0.00000806,0.00000806,1408968190.00,1672451999999,11370.37068025,17,63442108.00,512.02082275,0
1672452000000,0.00000807,0.00000807,0.00000806,0.00000806,132295767.00,1672452059999,1066.45205311,10,14817109.00,119.57406963,0
1672452060000,0.00000806,0.00000808,0.00000806,0.00000808,5508984658.00,1672452119999,44459.01983803,49,5408487151.00,43648.02719965,0
1672452120000,0.00000807,0.00000807,0.00000806,0.00000806,1310560043.00,1672452179999,10572.19984849,23,0.00,0.00000000,0
1672452180000,0.00000807,0.00000807,0.00000806,0.00000806,41325477.00,1672452239999,333.42329597,5,33995135.00,274.34073945,0
1672452240000,0.00000806,0.00000806,0.00000806,0.00000806,140217631.00,1672452299999,1130.15410586,8,0.00,0.00000000,0
1672452300000,0.00000807,0.00000807,0.00000806,0.00000806,98469970.00,1672452359999,793.73614762,6,6818942.00,55.02886194,0
1672452360000,0.00000806,0.00000806,0.00000806,0.00000806,14186921.00,1672452419999,114.34658326,2,0.00,0.00000000,0
1672452420000,0.00000806,0.00000807,0.00000806,0.00000807,13395031.00,1672452479999,108.06360719,2,9965733.00,80.42346531,0
1672452480000,0.00000807,0.00000807,0.00000806,0.00000807,118261492.00,1672452539999,953.28085485,7,9322933.00,75.23606931,0
1672452540000,0.00000807,0.00000808,0.00000807,0.00000807,4030312399.00,1672452599999,32536.47050258,32,3511806442.00,28352.12742959,0
1672452600000,0.00000808,0.00000808,0.00000807,0.00000808,116052643.00,1672452659999,936.64877942,4,10395041.00,83.99193128,0
1672452660000,0.00000808,0.00000808,0.00000807,0.00000807,104600036.00,1672452719999,844.95888899,8,83659847.00,675.97156376,0
1672452720000,0.00000808,0.00000808,0.00000807,0.00000808,563837683.00,1672452779999,4550.31809940,10,14799759.00,119.58205272,0
1672452780000,0.00000807,0.00000808,0.00000807,0.00000807,40728672.00,1672452839999,329.01766959,6,33728655.00,272.52753240,0
1672452840000,0.00000807,0.00000808,0.00000807,0.00000807,25447205.00,1672452899999,205.44755973,4,8861538.00,71.60122704,0
1672452900000,0.00000807,0.00000808,0.00000807,0.00000808,127758026.00,1672452959999,1031.33614089,7,32887107.00,265.72782456,0
1672452960000,0.00000808,0.00000808,0.00000808,0.00000808,287810103.00,1672453019999,2325.50563224,10,287810103.00,2325.50563224,0
1672453020000,0.00000808,0.00000808,0.00000807,0.00000807,144324643.00,1672453079999,1166.13007509,4,143020608.00,1155.60651264,0
1672453080000,0.00000808,0.00000808,0.00000807,0.00000807,45325841.00,1672453139999,366.12824041,2,34870354.00,281.75246032,0
1672453140000,0.00000807,0.00000808,0.00000807,0.00000808,61450816.00,1672453199999,495.97778770,8,6970258.00,56.31968464,0
1672453200000,0.00000808,0.00000808,0.00000807,0.00000808,1337347509.00,1672453259999,10792.82896662,12,43456899.00,351.13174392,0
1672453260000,0.00000807,0.00000808,0.00000807,0.00000808,47998073.00,1672453319999,387.67150851,7,32705940.00,264.26399520,0
1672453320000,0.00000808,0.00000808,0.00000807,0.00000808,22807834.00,1672453379999,184.27486394,3,21564356.00,174.23999648,0
1672453380000,0.00000808,0.00000808,0.00000807,0.00000807,50424142.00,1672453439999,407.11585970,11,19303376.00,155.97127808,0
1672453440000,0.00000807,0.00000808,0.00000807,0.00000807,27271622.00,1672453499999,220.12099676,7,3900722.00,31.51783376,0
1672453500000,0.00000807,0.00000807,0.00000807,0.00000807,8178438.00,1672453559999,65.99999466,2,0.00,0.00000000,0
1672453560000,0.00000808,0.00000808,0.00000807,0.00000807,78169416.00,1672453619999,630.90647632,6,7928920.00,64.06567360,0
1672453620000,0.00000807,0.00000807,0.00000807,0.00000807,29553590.00,1672453679999,238.49747130,3,0.00,0.00000000,0
1672453680000,0.00000807,0.00000808,0.00000807,0.00000808,47486280.00,1672453739999,383.30926530,8,9498570.00,76.74844560,0
1672453740000,0.00000807,0.00000808,0.00000807,0.00000808,9117630.00,1672453799999,73.60681967,3,2754557.00,22.25682056,0
1672453800000,0.00000808,0.00000808,0.00000808,0.00000808,85194703.00,1672453859999,688.37320024,4,85194703.00,688.37320024,0
1672453860000,0.00000808,0.00000808,0.00000807,0.00000807,31193024.00,1672453919999,252.02538362,4,29767994.00,240.52539152,0
1672453920000,0.00000808,0.00000808,0.00000807,0.00000808,83517904.00,1672453979999,674.77074036,5,78125508.00,631.25410464,0
1672453980000,0.00000808,0.00000808,0.00000807,0.00000808,188136291.00,1672454039999,1520.11966023,7,185979186.00,1502.71182288,0
1672454040000,0.00000808,0.00000808,0.00000807,0.00000808,47825400.00,1672454099999,386.41222519,5,46124719.00,372.68772952,0
1672454100000,0.00000807,0.00000808,0.00000807,0.00000807,197235366.00,1672454159999,1593.58557816,9,189617454.00,1532.10902832,0
1672454160000,0.00000807,0.00000808,0.00000807,0.00000807,17714753.00,1672454219999,143.04735333,4,8929662.00,72.15166896,0
1672454220000,0.00000807,0.00000808,0.00000807,0.00000808,13353791.00,1672454279999,107.83380100,5,6870763.00,55.51576504,0
1672454280000,0.00000808,0.00000808,0.00000807,0.00000808,571463206.00,1672454339999,4616.28244390,17,457437148.00,3696.09215584,0
1672454340000,0.00000807,0.00000808,0.00000807,0.00000808,108671103.00,1672454399999,877.28748024,12,31167903.00,251.83665624,0
1672454400000,0.00000807,0.00000808,0.00000807,0.00000808,61323753.00,1672454459999,494.94116566,5,5847895.00,47.25099160,0
1672454460000,0.00000808,0.00000808,0.00000807,0.00000807,1219081711.00,1672454519999,9850.06736549,12,1207795772.00,9758.98983776,0
1672454520000,0.00000807,0.00000807,0.00000807,0.00000807,253522346.00,1672454579999,2045.92533222,5,0.00,0.00000000,0
1672454580000,0.00000807,0.00000808,0.00000807,0.00000808,365930364.00,1672454639999,2953.16786222,6,10982474.00,88.73838992,0
1672454640000,0.00000808,0.00000808,0.00000808,0.00000808,0.00,1672454699999,0.00000000,0,0.00,0.00000000,0
1672454700000,0.00000807,0.00000808,0.00000807,0.00000807,672537939.00,1672454759999,5427.77720732,7,39603959.00,319.99998872,0
1672454760000,0.00000807,0.00000807,0.00000807,0.00000807,70655839.00,1672454819999,570.19262073,7,0.00,0.00000000,0
1672454820000,0.00000808,0.00000808,0.00000808,0.00000808,347701982.00,1672454879999,2809.43201456,7,347701982.00,2809.43201456,0
1672454880000,0.00000807,0.00000808,0.00000807,0.00000807,22740277.00,1672454939999,183.61259098,3,9855559.00,79.63291672,0
1672454940000,0.00000808,0.00000809,0.00000808,0.00000809,2184844517.00,1672454999999,17653.56155692,46,2086960108.00,16862.65553220,0
1672455000000,0.00000809,0.00000809,0.00000809,0.00000809,80507186.00,1672455059999,651.30313474,2,80507186.00,651.30313474,0
1672455060000,0.00000809,0.00000809,0.00000809,0.00000809,162170571.00,1672455119999,1311.95991939,7,162170571.00,1311.95991939,0
1672455120000,0.00000808,0.00000809,0.00000808,0.00000809,106320592.00,1672455179999,859.79164978,5,72126642.00,583.50453378,0
1672455180000,0.00000808,0.00000809,0.00000808,0.00000809,146092412.00,1672455239999,1181.68624865,9,125955969.00,1018.98378921,0
1672455240000,0.00000809,0.00000809,0.00000808,0.00000808,15393569.00,1672455299999,124.42950287,3,4946535.00,40.01746815,0
1672455300000,0.00000808,0.00000808,0.00000808,0.00000808,6382114.00,1672455359999,51.56748112,3,0.00,0.00000000,0
1672455360000,0.00000808,0.00000810,0.00000808,0.00000808,7420460581.00,1672455419999,60037.42531999,72,5403594215.00,43723.39040046,0
1672455420000,0.00000809,0.00000809,0.00000808,0.00000809,25604279.00,1672455479999,206.99493526,4,11236094.00,90.90000046,0
1672455480000,0.00000808,0.00000808,0.00000808,0.00000808,12700513.00,1672455539999,102.62014504,2,0.00,0.00000000,0
1672455540000,0.00000809,0.00000809,0.00000808,0.00000808,18016596.00,1672455599999,145.72497076,3,15087508.00,122.05793972,0
1672455600000,0.00000808,0.00000809,0.00000808,0.00000809,205311477.00,1672455659999,1659.00846388,6,9172972.00,74.20934348,0
1672455660000,0.00000809,0.00000809,0.00000808,0.00000808,74413421.00,1672455719999,601.87848865,4,61804697.00,499.99999873,0
1672455720000,0.00000809,0.00000809,0.00000809,0.00000809,38962444.00,1672455779999,315.20617196,3,38962444.00,315.20617196,0
1672455780000,0.00000809,0.00000809,0.00000808,0.00000808,26480688.00,1672455839999,213.98199525,2,1803621.00,14.59129389,0
1672455840000,0.00000809,0.00000809,0.00000808,0.00000809,55481531.00,1672455899999,448.83003098,6,53926050.00,436.26174450,0
1672455900000,0.00000808,0.00000809,0.00000808,0.00000809,128750058.00,1672455959999,1041.36165668,6,106118804.00,858.50112436,0
1672455960000,0.00000809,0.00000809,0.00000809,0.00000809,269705881.00,1672456019999,2181.92057729,8,269705881.00,2181.92057729,0
1672456020000,0.00000809,0.00000809,0.00000808,0.00000809,63464811.00,1672456079999,513.17963091,5,38395803.00,310.62204627,0
1672456080000,0.00000809,0.00000809,0.00000809,0.00000809,5091187.00,1672456139999,41.18770283,2,5091187.00,41.18770283,0
1672456140000,0.00000808,0.00000809,0.00000808,0.00000808,65926938.00,1672456199999,532.72289164,4,3323260.00,26.88517340,0
1672456200000,0.00000809,0.00000809,0.00000808,0.00000809,130382261.00,1672456259999,1053.94705472,29,45838584.00,370.83414456,0
1672456260000,0.00000809,0.00000809,0.00000809,0.00000809,4214432.00,1672456319999,34.09475488,1,4214432.00,34.09475488,0
1672456320000,0.00000808,0.00000809,0.00000808,0.00000809,65608060.00,1672456379999,530.20724563,3,9412083.00,76.14375147,0
1672456380000,0.00000809,0.00000809,0.00000808,0.00000808,1978775038.00,1672456439999,16006.82251751,15,1832021047.00,14821.05027023,0
1672456440000,0.00000809,0.00000809,0.00000808,0.00000808,183414378.00,1672456499999,1482.00115322,7,1297898.00,10.49999482,0
1672456500000,0.00000809,0.00000809,0.00000808,0.00000808,55154390.00,1672456559999,445.69275674,5,4528554.00,36.63600186,0
1672456560000,0.00000808,0.00000809,0.00000808,0.00000809,40003608.00,1672456619999,323.29131710,3,6216446.00,50.29104814,0
1672456620000,0.00000808,0.00000808,0.00000808,0.00000808,4419435.00,1672456679999,35.70903480,2,0.00,0.00000000,0
1672456680000,0.00000809,0.00000809,0.00000808,0.00000809,209580546.00,1672456739999,1694.90316781,10,149235613.00,1207.31610917,0
1672456740000,0.00000809,0.00000809,0.00000808,0.00000809,443288507.00,1672456799999,3586.19135292,11,442021636.00,3575.95503524,0
1672456800000,0.00000808,0.00000809,0.00000807,0.00000808,2415914226.00,1672456859999,19519.54315460,47,52882748.00,427.31413236,0
1672456860000,0.00000808,0.00000808,0.00000808,0.00000808,7054543.00,1672456919999,57.00070744,4,7054543.00,57.00070744,0
1672456920000,0.00000807,0.00000808,0.00000807,0.00000808,172347307.00,1672456979999,1392.36624056,4,152347307.00,1230.96624056,0
1672456980000,0.00000808,0.00000808,0.00000807,0.00000808,13692611.00,1672457039999,110.62309648,4,12372571.00,99.97037368,0
1672457040000,0.00000808,0.00000808,0.00000807,0.00000807,104315325.00,1672457099999,842.02467275,14,20000000.00,161.60000000,0
1672457100000,0.00000807,0.00000808,0.00000807,0.00000808,8930338.00,1672457159999,72.11299204,4,4516438.00,36.49281904,0
1672457160000,0.00000808,0.00000808,0.00000807,0.00000808,66065880.00,1672457219999,533.70645775,5,55480615.00,448.28336920,0
1672457220000,0.00000808,0.00000808,0.00000807,0.00000808,6984197.00,1672457279999,56.41872597,4,5625618.00,45.45499344,0
1672457280000,0.00000808,0.00000808,0.00000807,0.00000807,580594498.00,1672457339999,4685.57181503,19,17421617.00,140.76666536,0
1672457340000,0.00000807,0.00000808,0.00000807,0.00000808,411254368.00,1672457399999,3318.94651213,14,12376237.00,99.99999496,0
1672457400000,0.00000807,0.00000807,0.00000807,0.00000807,522222661.00,1672457459999,4214.33687427,13,0.00,0.00000000,0
1672457460000,0.00000808,0.00000808,0.00000808,0.00000808,3963352.00,1672457519999,32.02388416,2,3963352.00,32.02388416,0
1672457520000,0.00000808,0.00000808,0.00000808,0.00000808,0.00,1672457579999,0.00000000,0,0.00,0.00000000,0
1672457580000,0.00000808,0.00000808,0.00000808,0.00000808,11312773.00,1672457639999,91.40720584,4,11312773.00,91.40720584,0
1672457640000,0.00000807,0.00000808,0.00000807,0.00000808,10786844.00,1672457699999,87.11956859,7,6973751.00,56.34790808,0
1672457700000,0.00000808,0.00000808,0.00000807,0.00000808,34181753.00,1672457759999,276.08633539,6,23958868.00,193.58765344,0
1672457760000,0.00000808,0.00000808,0.00000806,0.00000807,2524853892.00,1672457819999,20376.87340211,40,264103667.00,2133.02845212,0
1672457820000,0.00000806,0.00000807,0.00000806,0.00000806,32945037.00,1672457879999,265.61042539,5,7342717.00,59.25572619,0
1672457880000,0.00000807,0.00000807,0.00000806,0.00000806,68288179.00,1672457939999,550.85916356,5,45644082.00,368.34774174,0
1672457940000,0.00000807,0.00000807,0.00000806,0.00000806,50535588.00,1672457999999,407.65482936,10,33799008.00,272.75799456,0
1672458000000,0.00000807,0.00000807,0.00000807,0.00000807,4761549.00,1672458059999,38.42570043,2,4761549.00,38.42570043,0
1672458060000,0.00000806,0.00000806,0.00000806,0.00000806,112013170.00,1672458119999,902.82615020,5,0.00,0.00000000,0
1672458120000,0.00000806,0.00000807,0.00000806,0.00000807,17591404.00,1672458179999,141.87733318,6,9061694.00,73.12787058,0
1672458180000,0.00000806,0.00000807,0.00000806,0.00000807,47151398.00,1672458239999,380.29546177,14,25519389.00,205.94146923,0
1672458240000,0.00000807,0.00000807,0.00000806,0.00000806,166367739.00,1672458299999,1340.99201007,4,6803373.00,54.90322011,0
1672458300000,0.00000807,0.00000807,0.00000806,0.00000806,42749031.00,1672458359999,344.62357600,6,6638614.00,53.57361498,0
1672458360000,0.00000807,0.00000807,0.00000806,0.00000807,55573687.00,1672458419999,448.32471318,5,40079596.00,323.44233972,0
1672458420000,0.00000806,0.00000807,0.00000806,0.00000807,75284778.00,1672458479999,606.98566495,2,19035427.00,153.61589589,0
1672458480000,0.00000806,0.00000806,0.00000806,0.00000806,5106307.00,1672458539999,41.15683442,2,0.00,0.00000000,0
1672458540000,0.00000806,0.00000807,0.00000806,0.00000807,12077619.00,1672458599999,97.36775288,3,2214374.00,17.86999818,0
1672458600000,0.00000806,0.00000807,0.00000806,0.00000807,159705173.00,1672458659999,1288.67710555,5,145341117.00,1172.90281419,0
1672458660000,0.00000807,0.00000807,0.00000806,0.00000807,27268350.00,1672458719999,219.96315913,4,18025813.00,145.46831091,0
1672458720000,0.00000807,0.00000808,0.00000807,0.00000808,2179799417.00,1672458779999,17597.70168556,41,2169258965.00,17512.64023792,0
1672458780000,0.00000808,0.00000808,0.00000807,0.00000807,27875085.00,1672458839999,224.96625280,5,1431685.00,11.56801480,0
1672458840000,0.00000807,0.00000807,0.00000807,0.00000807,78488422.00,1672458899999,633.40156554,3,0.00,0.00000000,0
1672458900000,0.00000808,0.00000808,0.00000807,0.00000807,439618068.00,1672458959999,3551.77863026,8,406082150.00,3281.14377200,0
1672458960000,0.00000808,0.00000808,0.00000808,0.00000808,6094291.00,1672459019999,49.24187128,3,6094291.00,49.24187128,0
1672459020000,0.00000807,0.00000808,0.00000807,0.00000807,36358240.00,1672459079999,293.66570645,3,25470965.00,205.80539720,0
1672459080000,0.00000807,0.00000808,0.00000807,0.00000807,518555497.00,1672459139999,4184.77179989,16,2893910.00,23.38279280,0
1672459140000,0.00000807,0.00000808,0.00000807,0.00000808,362356534.00,1672459199999,2924.37857925,12,16134987.00,130.37069496,0
1672459200000,0.00000807,0.00000808,0.00000807,0.00000808,64162507.00,1672459259999,517.87558990,7,8415841.00,67.99999528,0
1672459260000,0.00000807,0.00000808,0.00000807,0.00000807,25106782.00,1672459319999,202.64090720,6,2917646.00,23.57457968,0
1672459320000,0.00000807,0.00000808,0.00000807,0.00000807,75847006.00,1672459379999,612.61944761,7,53410919.00,431.56022552,0
1672459380000,0.00000808,0.00000808,0.00000807,0.00000808,148247663.00,1672459439999,1197.82111704,11,146247663.00,1181.68111704,0
1672459440000,0.00000808,0.00000808,0.00000808,0.00000808,12849567.00,1672459499999,103.82450136,4,12849567.00,103.82450136,0
1672459500000,0.00000807,0.00000808,0.00000807,0.00000808,260207711.00,1672459559999,2099.99999014,6,12376237.00,99.99999496,0
1672459560000,0.00000807,0.00000808,0.00000807,0.00000807,9448084.00,1672459619999,76.30628788,3,6025000.00,48.68200000,0
1672459620000,0.00000808,0.00000808,0.00000806,0.00000806,1011188200.00,1672459679999,8159.06151675,23,78422069.00,632.95898048,0
1672459680000,0.00000807,0.00000807,0.00000806,0.00000807,5208410.00,1672459739999,42.01729144,3,3750684.00,30.26801988,0
1672459740000,0.00000806,0.00000808,0.00000806,0.00000807,3468077427.00,1672459799999,28001.95858556,42,3405095966.00,27493.89799529,0
1672459800000,0.00000808,0.00000808,0.00000807,0.00000807,120535257.00,1672459859999,972.78149209,7,6196810.00,50.07022480,0
1672459860000,0.00000807,0.00000808,0.00000807,0.00000807,110303376.00,1672459919999,890.16446713,7,1622281.00,13.10803048,0
1672459920000,0.00000807,0.00000808,0.00000807,0.00000807,14876474.00,1672459979999,120.14453681,4,9139163.00,73.84443704,0
1672459980000,0.00000808,0.00000808,0.00000807,0.00000808,12705842.00,1672460039999,102.58260548,3,4646054.00,37.54011632,0
1672460040000,0.00000807,0.00000807,0.00000807,0.00000807,488324795.00,1672460099999,3940.78109565,3,0.00,0.00000000,0
1672460100000,0.00000807,0.00000807,0.00000807,0.00000807,1562116.00,1672460159999,12.60627612,1,0.00,0.00000000,0
1672460160000,0.00000807,0.00000807,0.00000807,0.00000807,357656986.00,1672460219999,2886.29187702,7,0.00,0.00000000,0
1672460220000,0.00000807,0.00000808,0.00000807,0.00000808,135950484.00,1672460279999,1097.30589572,6,18548984.00,149.87579072,0
1672460280000,0.00000808,0.00000808,0.00000807,0.00000807,26407462.00,1672460339999,213.26315224,6,15493390.00,125.18659120,0
1672460340000,0.00000807,0.00000807,0.00000807,0.00000807,52168784.00,1672460399999,421.00208688,1,0.00,0.00000000,0
1672460400000,0.00000808,0.00000808,0.00000807,0.00000808,45832681.00,1672460459999,370.05471874,6,18498307.00,149.46632056,0
1672460460000,0.00000807,0.00000808,0.00000807,0.00000807,42519348.00,1672460519999,343.20804312,5,7690476.00,62.13904608,0
1672460520000,0.00000808,0.00000808,0.00000807,0.00000808,8535628.00,1672460579999,68.94304020,3,6052224.00,48.90196992,0
1672460580000,0.00000807,0.00000808,0.00000807,0.00000807,14362094.00,1672460639999,115.99277069,4,9067211.00,73.26306488,0
1672460640000,0.00000808,0.00000808,0.00000808,0.00000808,12464938.00,1672460699999,100.71669904,2,12464938.00,100.71669904,0
1672460700000,0.00000808,0.00000808,0.00000806,0.00000807,2670211970.00,1672460759999,21548.29799221,29,131789036.00,1063.66592483,0
1672460760000,0.00000806,0.00000807,0.00000806,0.00000807,28676022.00,1672460819999,231.31295344,7,18421612.00,148.66240884,0
1672460820000,0.00000807,0.00000807,0.00000807,0.00000807,2000000.00,1672460879999,16.14000000,1,2000000.00,16.14000000,0
1672460880000,0.00000806,0.00000807,0.00000806,0.00000807,146739309.00,1672460939999,1182.86206623,6,14323569.00,115.59120183,0
1672460940000,0.00000806,0.00000806,0.00000806,0.00000806,727886027.00,1672460999999,5866.76137762,9,0.00,0.00000000,0
1672461000000,0.00000806,0.00000807,0.00000806,0.00000806,69342600.00,1672461059999,559.35770751,3,45635151.00,368.27566857,0
1672461060000,0.00000807,0.00000807,0.00000806,0.00000806,32422122.00,1672461119999,261.44730332,4,12500000.00,100.87500000,0
1672461120000,0.00000807,0.00000807,0.00000806,0.00000806,48175970.00,1672461179999,388.66757790,3,36925970.00,297.99257790,0
1672461180000,0.00000806,0.00000806,0.00000806,0.00000806,75408682.00,1672461239999,607.79397692,4,0.00,0.00000000,0
1672461240000,0.00000806,0.00000807,0.00000806,0.00000807,24311332.00,1672461299999,196.04825537,4,9891945.00,79.82799615,0
1672461300000,0.00000806,0.00000807,0.00000806,0.00000807,30914058.00,1672461359999,249.40821347,9,24090599.00,194.41113393,0
1672461360000,0.00000807,0.00000807,0.00000806,0.00000807,27544573.00,1672461419999,222.22626411,3,21700573.00,175.12362411,0
1672461420000,0.00000806,0.00000806,0.00000806,0.00000806,40345505.00,1672461479999,325.18477030,5,0.00,0.00000000,0
1672461480000,0.00000806,0.00000806,0.00000806,0.00000806,57121462.00,1672461539999,460.39898372,6,0.00,0.00000000,0
1672461540000,0.00000806,0.00000807,0.00000806,0.00000807,118154995.00,1672461599999,953.49592132,9,116666162.00,941.49592734,0
1672461600000,0.00000807,0.00000807,0.00000806,0.00000807,77079363.00,1672461659999,621.59218827,13,33252249.00,268.34564943,0
1672461660000,0.00000807,0.00000807,0.00000807,0.00000807,3944114.00,1672461719999,31.82899998,1,3944114.00,31.82899998,0
1672461720000,0.00000807,0.00000807,0.00000806,0.00000806,97776122.00,1672461779999,788.10653150,2,3098818.00,25.00746126,0
1672461780000,0.00000806,0.00000806,0.00000806,0.00000806,44877442.00,1672461839999,361.71218252,4,0.00,0.00000000,0
1672461840000,0.00000806,0.00000807,0.00000806,0.00000807,77234226.00,1672461899999,623.22434235,3,71648079.00,578.19999753,0
1672461900000,0.00000807,0.00000807,0.00000806,0.00000807,73489636.00,1672461959999,592.91025577,5,58378961.00,471.11821527,0
1672461960000,0.00000806,0.00000806,0.00000806,0.00000806,16278727.00,1672462019999,131.20653962,2,0.00,0.00000000,0
1672462020000,0.00000806,0.00000806,0.00000806,0.00000806,361754109.00,1672462079999,2915.73811854,2,0.00,0.00000000,0
1672462080000,0.00000806,0.00000807,0.00000804,0.00000804,6026824205.00,1672462139999,48529.01269434,74,1139796936.00,9183.53039268,0
1672462140000,0.00000805,0.00000806,0.00000805,0.00000805,3726529750.00,1672462199999,30001.86244523,50,3613003197.00,29087.97369358,0
1672462200000,0.00000806,0.00000806,0.00000805,0.00000805,362337447.00,1672462259999,2919.24103810,11,242458975.00,1954.21933850,0
1672462260000,0.00000805,0.00000805,0.00000805,0.00000805,720340022.00,1672462319999,5798.73717710,8,0.00,0.00000000,0
1672462320000,0.00000806,0.00000806,0.00000805,0.00000806,62072266.00,1672462379999,500.26324554,5,58150424.00,468.69241744,0
1672462380000,0.00000806,0.00000806,0.00000805,0.00000805,552719433.00,1672462439999,4449.40536973,6,1393408.00,11.23086848,0
1672462440000,0.00000805,0.00000806,0.00000804,0.00000805,9499676513.00,1672462499999,76465.81401853,97,269802850.00,2172.16138970,0
1672462500000,0.00000804,0.00000806,0.00000804,0.00000805,3511962854.00,1672462559999,28272.32613744,73,3429999626.00,27613.29572828,0
1672462560000,0.00000806,0.00000806,0.00000805,0.00000805,34638490.00,1672462619999,278.97424189,5,13439739.00,108.32429634,0
1672462620000,0.00000806,0.00000806,0.00000805,0.00000805,52989675.00,1672462679999,426.73881045,6,17192670.00,138.57292020,0
1672462680000,0.00000806,0.00000806,0.00000805,0.00000805,1054579017.00,1672462739999,8489.39184914,33,272080203.00,2190.27639644,0
1672462740000,0.00000805,0.00000805,0.00000804,0.00000804,345087251.00,1672462799999,2776.45888791,18,195738987.00,1575.69884535,0
1672462800000,0.00000805,0.00000805,0.00000804,0.00000804,1332620115.00,1672462859999,10727.36918856,49,1310346396.00,10548.28848780,0
1672462860000,0.00000805,0.00000806,0.00000805,0.00000805,1460622728.00,1672462919999,11764.08945763,32,1459232728.00,11752.89995763,0
1672462920000,0.00000805,0.00000806,0.00000805,0.00000805,323170523.00,1672462979999,2601.61880832,11,9609817.00,77.45512502,0
1672462980000,0.00000805,0.00000805,0.00000805,0.00000805,0.00,1672463039999,0.00000000,0,0.00,0.00000000,0
1672463040000,0.00000805,0.00000806,0.00000805,0.00000805,246022503.00,1672463099999,1980.73655806,8,25540891.00,205.85958146,0
1672463100000,0.00000805,0.00000805,0.00000805,0.00000805,31286802.00,1672463159999,251.85875610,1,0.00,0.00000000,0
1672463160000,0.00000806,0.00000806,0.00000805,0.00000806,129680726.00,1672463219999,1044.22598927,14,29614497.00,238.69284582,0
1672463220000,0.00000805,0.00000806,0.00000805,0.00000805,51593149.00,1672463279999,415.39450821,5,6965876.00,56.14496056,0
1672463280000,0.00000805,0.00000806,0.00000805,0.00000806,330679898.00,1672463339999,2662.00295557,4,2977667.00,23.99999602,0
1672463340000,0.00000806,0.00000806,0.00000805,0.00000806,124695932.00,1672463399999,1003.99394773,10,19169513.00,154.50627478,0
1672463400000,0.00000805,0.00000806,0.00000805,0.00000806,34760187.00,1672463459999,280.10394601,5,28444066.00,229.25917196,0
1672463460000,0.00000805,0.00000806,0.00000805,0.00000806,123710665.00,1672463519999,995.88854957,3,1769632.00,14.26323392,0
1672463520000,0.00000806,0.00000806,0.00000806,0.00000806,3668135343.00,1672463579999,29565.17086458,41,3638600643.00,29327.12118258,0
1672463580000,0.00000806,0.00000806,0.00000805,0.00000806,2755001170.00,1672463639999,22204.94242683,28,19242890.00,155.09769340,0
1672463640000,0.00000806,0.00000806,0.00000806,0.00000806,173930194.00,1672463699999,1401.87736364,2,173930194.00,1401.87736364,0
1672463700000,0.00000806,0.00000806,0.00000806,0.00000806,24813895.00,1672463759999,199.99999370,1,24813895.00,199.99999370,0
1672463760000,0.00000805,0.00000806,0.00000805,0.00000806,240834528.00,1672463819999,1940.63545875,10,191750835.00,1545.51173010,0
1672463820000,0.00000806,0.00000806,0.00000806,0.00000806,348721295.00,1672463879999,2810.69363770,9,348721295.00,2810.69363770,0
1672463880000,0.00000806,0.00000806,0.00000806,0.00000806,147562821.00,1672463939999,1189.35633726,8,147562821.00,1189.35633726,0
1672463940000,0.00000805,0.00000806,0.00000805,0.00000806,8513037003.00,1672463999999,68531.01150273,81,1541602362.00,12410.96264268,0
1672464000000,0.00000805,0.00000806,0.00000805,0.00000805,320527350.00,1672464059999,2580.25816750,6,1300000.00,10.47800000,0
1672464060000,0.00000805,0.00000806,0.00000805,0.00000805,86388937.00,1672464119999,696.20572296,6,77478011.00,624.47276866,0
1672464120000,0.00000805,0.00000805,0.00000805,0.00000805,17893496.00,1672464179999,144.04264280,4,0.00,0.00000000,0
1672464180000,0.00000805,0.00000805,0.00000804,0.00000805,2340868489.00,1672464239999,18843.26051787,26,73167223.00,588.99614515,0
1672464240000,0.00000805,0.00000805,0.00000804,0.00000805,53774119.00,1672464299999,432.75479228,9,41087552.00,330.75479360,0
1672464300000,0.00000804,0.00000805,0.00000804,0.00000805,3950147077.00,1672464359999,31760.93679380,35,175429472.00,1412.20724960,0
1672464360000,0.00000804,0.00000805,0.00000804,0.00000805,350819022.00,1672464419999,2820.59745203,3,1251515.00,10.07469575,0
1672464420000,0.00000804,0.00000805,0.00000804,0.00000804,102569102.00,1672464479999,824.67991875,8,2433867.00,19.59262935,0
1672464480000,0.00000805,0.00000805,0.00000804,0.00000805,108289804.00,1672464539999,871.16325300,8,51322884.00,413.14921620,0
1672464540000,0.00000805,0.00000805,0.00000804,0.00000805,74829816.00,1672464599999,601.81456100,7,18284036.00,147.18648980,0
1672464600000,0.00000804,0.00000805,0.00000804,0.00000805,303120389.00,1672464659999,2437.37451243,10,28658487.00,230.70082035,0
1672464660000,0.00000805,0.00000805,0.00000804,0.00000804,403885519.00,1672464719999,3247.42094024,12,70765714.00,569.13770804,0
1672464720000,0.00000804,0.00000804,0.00000803,0.00000804,411399217.00,1672464779999,3304.08864465,22,55293214.00,444.55744056,0
1672464780000,0.00000804,0.00000804,0.00000803,0.00000804,1930899270.00,1672464839999,15524.21099432,32,1908985622.00,15348.24440088,0
1672464840000,0.00000804,0.00000804,0.00000803,0.00000804,432901371.00,1672464899999,3480.21366227,23,401565314.00,3228.58512456,0
1672464900000,0.00000804,0.00000804,0.00000804,0.00000804,1634608967.00,1672464959999,13142.25609468,17,1634608967.00,13142.25609468,0
1672464960000,0.00000804,0.00000804,0.00000804,0.00000804,191903696.00,1672465019999,1542.90571584,10,191903696.00,1542.90571584,0
1672465020000,0.00000804,0.00000804,0.00000803,0.00000804,10085681.00,1672465079999,81.05409718,4,6607875.00,53.12731500,0
1672465080000,0.00000803,0.00000804,0.00000803,0.00000803,68754873.00,1672465139999,552.52260601,6,42097582.00,338.46455928,0
1672465140000,0.00000803,0.00000804,0.00000803,0.00000804,134405044.00,1672465199999,1079.80201263,8,52950931.00,425.72548524,0
1672465200000,0.00000804,0.00000804,0.00000803,0.00000803,63863362.00,1672465259999,513.21249042,7,38969356.00,313.31362224,0
1672465260000,0.00000803,0.00000804,0.00000803,0.00000803,157451482.00,1672465319999,1265.77573516,7,144033470.00,1158.02909880,0
1672465320000,0.00000804,0.00000804,0.00000803,0.00000803,680940852.00,1672465379999,5468.08700842,17,13196686.00,106.10135544,0
1672465380000,0.00000803,0.00000803,0.00000803,0.00000803,2500184.00,1672465439999,20.07647752,1,0.00,0.00000000,0
1672465440000,0.00000803,0.00000804,0.00000803,0.00000803,85826068.00,1672465499999,689.19770522,6,1437918.00,11.56086072,0
1672465500000,0.00000803,0.00000804,0.00000803,0.00000804,85116430.00,1672465559999,683.62406573,6,13913283.00,111.86279532,0
1672465560000,0.00000804,0.00000804,0.00000803,0.00000804,290587339.00,1672465619999,2334.76118942,4,134485725.00,1081.26522900,0
1672465620000,0.00000804,0.00000804,0.00000803,0.00000803,551973558.00,1672465679999,4432.46002770,13,11235696.00,90.33499584,0
1672465680000,0.00000804,0.00000804,0.00000803,0.00000804,805088268.00,1672465739999,6472.60967472,12,775088268.00,6231.70967472,0
1672465740000,0.00000803,0.00000803,0.00000802,0.00000802,2004864352.00,1672465799999,16092.83673001,64,1014451849.00,8146.04834747,0
1672465800000,0.00000803,0.00000803,0.00000802,0.00000803,1095166661.00,1672465859999,8793.23442250,28,999780128.00,8028.23442784,0
1672465860000,0.00000803,0.00000803,0.00000802,0.00000803,428368583.00,1672465919999,3439.66121699,8,414518133.00,3328.58060799,0
1672465920000,0.00000802,0.00000803,0.00000802,0.00000802,241483874.00,1672465979999,1937.33517021,10,63450073.00,509.50408619,0
1672465980000,0.00000803,0.00000803,0.00000803,0.00000803,3963000.00,1672466039999,31.82289000,1,3963000.00,31.82289000,0
1672466040000,0.00000802,0.00000802,0.00000801,0.00000801,4630273793.00,1672466099999,37133.87199540,100,281790819.00,2259.96236838,0
1672466100000,0.00000802,0.00000802,0.00000801,0.00000802,551671681.00,1672466159999,4424.18453388,15,529436907.00,4246.08399414,0
1672466160000,0.00000802,0.00000802,0.00000801,0.00000802,66901647.00,1672466219999,536.42110038,8,53890791.00,432.20414382,0
1672466220000,0.00000802,0.00000802,0.00000801,0.00000801,308134279.00,1672466279999,2470.97149434,12,281591955.00,2258.36747910,0
1672466280000,0.00000802,0.00000802,0.00000802,0.00000802,25216897.00,1672466339999,202.23951394,5,25216897.00,202.23951394,0
1672466340000,0.00000802,0.00000802,0.00000801,0.00000802,75683790.00,1672466399999,606.66138094,14,43422304.00,348.24687808,0
1672466400000,0.00000802,0.00000802,0.00000801,0.00000802,644306258.00,1672466459999,5166.28385217,28,539072559.00,4323.36192318,0
1672466460000,0.00000802,0.00000803,0.00000802,0.00000803,3235377792.00,1672466519999,25952.79782803,41,3235377792.00,25952.79782803,0
1672466520000,0.00000802,0.00000803,0.00000802,0.00000802,164087683.00,1672466579999,1317.20146671,7,121824905.00,978.25398715,0
1672466580000,0.00000802,0.00000803,0.00000802,0.00000802,110421856.00,1672466639999,885.67001191,5,8672679.00,69.64161237,0
1672466640000,0.00000802,0.00000803,0.00000802,0.00000803,35866596.00,1672466699999,287.66366728,6,1356736.00,10.89459008,0
1672466700000,0.00000802,0.00000803,0.00000802,0.00000802,38673082.00,1672466759999,310.20307966,6,4496202.00,36.10450206,0
1672466760000,0.00000803,0.00000803,0.00000802,0.00000803,153145309.00,1672466819999,1229.56511989,4,133974171.00,1075.81259313,0
1672466820000,0.00000802,0.00000803,0.00000802,0.00000803,312629445.00,1672466879999,2507.69554667,8,40739777.00,327.14040931,0
1672466880000,0.00000803,0.00000803,0.00000802,0.00000803,45113982.00,1672466939999,362.03963577,5,22550013.00,181.07660439,0
1672466940000,0.00000802,0.00000802,0.00000802,0.00000802,52620314.00,1672466999999,422.01491828,5,0.00,0.00000000,0
1672467000000,0.00000803,0.00000803,0.00000802,0.00000802,9970253.00,1672467059999,80.00871436,3,4728530.00,37.97009590,0
1672467060000,0.00000803,0.00000803,0.00000802,0.00000802,70458214.00,1672467119999,565.20419292,8,12931664.00,103.84126192,0
1672467120000,0.00000803,0.00000803,0.00000802,0.00000803,42192568.00,1672467179999,338.73630819,7,35191283.00,282.58600249,0
1672467180000,0.00000803,0.00000803,0.00000802,0.00000802,30626565.00,1672467239999,245.88776137,3,26271007.00,210.95618621,0
1672467240000,0.00000803,0.00000804,0.00000803,0.00000804,2377032989.00,1672467299999,19092.89700589,39,2347903872.00,18858.99019638,0
1672467300000,0.00000804,0.00000804,0.00000804,0.00000804,95656422.00,1672467359999,769.07763288,5,95656422.00,769.07763288,0
1672467360000,0.00000804,0.00000804,0.00000803,0.00000803,62002290.00,1672467419999,498.38757003,5,50918133.00,409.38178932,0
1672467420000,0.00000804,0.00000804,0.00000803,0.00000804,21719936.00,1672467479999,174.61570761,5,20462153.00,164.51571012,0
1672467480000,0.00000804,0.00000804,0.00000803,0.00000803,35386628.00,1672467539999,284.42736069,5,27273785.00,219.28123140,0
1672467540000,0.00000803,0.00000804,0.00000803,0.00000804,303754488.00,1672467599999,2441.94748506,9,279894642.00,2250.35292168,0
1672467600000,0.00000803,0.00000804,0.00000803,0.00000803,20057403.00,1672467659999,161.07462768,3,1368159.00,10.99999836,0
1672467660000,0.00000804,0.00000804,0.00000803,0.00000803,331025891.00,1672467719999,2661.38089849,7,324299376.00,2607.36698304,0
1672467720000,0.00000804,0.00000804,0.00000803,0.00000803,50201138.00,1672467779999,403.16513814,5,5000000.00,40.20000000,0
1672467780000,0.00000803,0.00000804,0.00000803,0.00000804,86556425.00,1672467839999,695.71781068,6,66971793.00,538.45321572,0
1672467840000,0.00000804,0.00000804,0.00000804,0.00000804,298554347.00,1672467899999,2400.37694988,9,298554347.00,2400.37694988,0
1672467900000,0.00000804,0.00000804,0.00000803,0.00000803,13195427.00,1672467959999,105.98734373,2,2806492.00,22.56419568,0
1672467960000,0.00000803,0.00000804,0.00000803,0.00000804,54150724.00,1672468019999,435.28446976,9,45415604.00,365.14145616,0
1672468020000,0.00000804,0.00000804,0.00000803,0.00000803,81653004.00,1672468079999,656.40292603,7,72930391.00,586.36034364,0
1672468080000,0.00000803,0.00000804,0.00000803,0.00000804,78042608.00,1672468139999,627.00090305,7,31876081.00,256.28369124,0
1672468140000,0.00000803,0.00000804,0.00000803,0.00000804,185020697.00,1672468199999,1487.31537010,11,159917319.00,1285.73524476,0
1672468200000,0.00000803,0.00000804,0.00000803,0.00000804,430391638.00,1672468259999,3460.20609693,14,416124379.00,3345.64000716,0
1672468260000,0.00000804,0.00000804,0.00000803,0.00000803,508171810.00,1672468319999,4085.68756957,19,506793527.00,4074.61995708,0
1672468320000,0.00000804,0.00000804,0.00000803,0.00000804,36158258.00,1672468379999,290.60469450,4,25388276.00,204.12173904,0
1672468380000,0.00000804,0.00000804,0.00000803,0.00000803,159192545.00,1672468439999,1279.59802554,12,128188919.00,1030.63890876,0
1672468440000,0.00000804,0.00000804,0.00000803,0.00000803,45167848.00,1672468499999,362.91205826,9,21423882.00,172.24801128,0
1672468500000,0.00000804,0.00000804,0.00000803,0.00000803,81818769.00,1672468559999,657.79280740,6,78809233.00,633.62623332,0
1672468560000,0.00000803,0.00000804,0.00000803,0.00000803,197775401.00,1672468619999,1588.38405592,13,24758589.00,199.05905556,0
1672468620000,0.00000803,0.00000804,0.00000803,0.00000803,265213153.00,1672468679999,2129.73161859,5,7000000.00,56.28000000,0
1672468680000,0.00000804,0.00000804,0.00000803,0.00000803,120213075.00,1672468739999,966.21443178,4,90343953.00,726.36538212,0
1672468740000,0.00000804,0.00000804,0.00000803,0.00000803,112320024.00,1672468799999,902.11117434,9,18138162.00,145.83082248,0
1672468800000,0.00000803,0.00000804,0.00000803,0.00000803,825551904.00,1672468859999,6629.36178329,15,17999417.00,144.71531268,0
1672468860000,0.00000804,0.00000804,0.00000803,0.00000803,39275819.00,1672468919999,315.74683000,6,36200343.00,291.05075772,0
1672468920000,0.00000803,0.00000803,0.00000803,0.00000803,18174154.00,1672468979999,145.93845662,3,0.00,0.00000000,0
1672468980000,0.00000804,0.00000804,0.00000803,0.00000804,191419354.00,1672469039999,1537.32630875,5,22889613.00,184.03248852,0
1672469040000,0.00000803,0.00000804,0.00000803,0.00000804,6774600.00,1672469099999,54.41247581,3,1243781.00,9.99999924,0
1672469100000,0.00000804,0.00000804,0.00000803,0.00000803,90457810.00,1672469159999,726.98836285,8,61214855.00,492.16743420,0
1672469160000,0.00000804,0.00000804,0.00000803,0.00000804,158635401.00,1672469219999,1275.39862404,6,155635401.00,1251.30862404,0
1672469220000,0.00000804,0.00000804,0.00000803,0.00000804,40673895.00,1672469279999,326.71811580,4,10673895.00,85.81811580,0
1672469280000,0.00000804,0.00000804,0.00000803,0.00000804,123855164.00,1672469339999,995.76613152,7,120916460.00,972.16833840,0
1672469340000,0.00000804,0.00000804,0.00000803,0.00000803,31755032.00,1672469399999,255.02891442,3,3600746.00,28.94999784,0
1672469400000,0.00000804,0.00000804,0.00000803,0.00000803,531894607.00,1672469459999,4271.77747474,16,66378053.00,533.67954612,0
1672469460000,0.00000803,0.00000804,0.00000803,0.00000804,419790444.00,1672469519999,3375.10016976,7,418290444.00,3363.05516976,0
1672469520000,0.00000803,0.00000804,0.00000803,0.00000803,618876044.00,1672469579999,4972.82751769,26,325288437.00,2615.31903348,0
1672469580000,0.00000804,0.00000804,0.00000803,0.00000803,19853827.00,1672469639999,159.47117697,5,4494616.00,36.13671264,0
1672469640000,0.00000804,0.00000804,0.00000803,0.00000803,3869017278.00,1672469699999,31069.35998476,46,290577707.00,2334.49022963,0
1672469700000,0.00000802,0.00000803,0.00000802,0.00000803,306241908.00,1672469759999,2459.08981847,19,302971631.00,2432.86219693,0
1672469760000,0.00000803,0.00000803,0.00000802,0.00000802,653633995.00,1672469819999,5246.52152318,13,437688328.00,3514.63727384,0
1672469820000,0.00000802,0.00000802,0.00000802,0.00000802,16132851.00,1672469879999,129.38546502,3,0.00,0.00000000,0
1672469880000,0.00000803,0.00000803,0.00000802,0.00000802,125077060.00,1672469939999,1003.20960051,6,9157931.00,73.53818593,0
1672469940000,0.00000802,0.00000803,0.00000802,0.00000802,26780562.00,1672469999999,214.85114086,4,7103362.00,57.03999686,0
1672470000000,0.00000802,0.00000803,0.00000802,0.00000802,52402902.00,1672470059999,420.41864219,10,14736815.00,118.33662445,0
1672470060000,0.00000802,0.00000803,0.00000802,0.00000803,155630338.00,1672470119999,1248.17331097,8,1800021.00,14.45416863,0
1672470120000,0.00000802,0.00000803,0.00000802,0.00000803,12360361.00,1672470179999,99.16054030,3,3044508.00,24.44739924,0
1672470180000,0.00000803,0.00000803,0.00000803,0.00000803,327631162.00,1672470239999,2630.87823086,5,327631162.00,2630.87823086,0
1672470240000,0.00000803,0.00000803,0.00000802,0.00000803,525879457.00,1672470299999,4222.42757454,15,487432940.00,3914.08650820,0
1672470300000,0.00000803,0.00000803,0.00000802,0.00000803,111696549.00,1672470359999,896.89328613,12,108696315.00,872.83140945,0
1672470360000,0.00000803,0.00000804,0.00000803,0.00000804,2402526435.00,1672470419999,19294.17300488,81,2402526435.00,19294.17300488,0
1672470420000,0.00000803,0.00000804,0.00000803,0.00000804,9724963.00,1672470479999,78.13682465,2,4537176.00,36.47889504,0
1672470480000,0.00000804,0.00000804,0.00000803,0.00000803,104112644.00,1672470539999,836.81645066,7,79191934.00,636.70314936,0
1672470540000,0.00000803,0.00000804,0.00000803,0.00000804,212123918.00,1672470599999,1704.62434154,10,126928000.00,1020.50112000,0
1672470600000,0.00000803,0.00000804,0.00000803,0.00000803,36817544.00,1672470659999,295.89299349,4,24811517.00,199.48459668,0
1672470660000,0.00000803,0.00000804,0.00000803,0.00000804,154722709.00,1672470719999,1242.74915002,4,32579675.00,261.94058700,0
1672470720000,0.00000804,0.00000804,0.00000803,0.00000804,35567724.00,1672470779999,285.78098862,8,17216490.00,138.42057960,0
1672470780000,0.00000804,0.00000804,0.00000803,0.00000804,84233400.00,1672470839999,677.20265971,6,80845771.00,649.99999884,0
1672470840000,0.00000803,0.00000803,0.00000803,0.00000803,16344435.00,1672470899999,131.24581305,2,0.00,0.00000000,0
1672470900000,0.00000804,0.00000804,0.00000803,0.00000804,119738947.00,1672470959999,962.65122771,4,114748330.00,922.57657320,0
1672470960000,0.00000803,0.00000804,0.00000803,0.00000803,131837466.00,1672471019999,1058.75450556,5,9965358.00,80.12147832,0
1672471020000,0.00000803,0.00000805,0.00000803,0.00000805,752067284.00,1672471079999,6047.45816984,26,671910932.00,5403.55266328,0
1672471080000,0.00000804,0.00000805,0.00000804,0.00000804,41789487.00,1672471139999,336.00728964,6,1981416.00,15.95039880,0
1672471140000,0.00000804,0.00000805,0.00000804,0.00000805,67615559.00,1672471199999,544.10221730,10,47312294.00,380.86396670,0
1672471200000,0.00000805,0.00000805,0.00000804,0.00000805,1518651750.00,1672471259999,12210.55313162,18,59306162.00,477.41460410,0
1672471260000,0.00000804,0.00000805,0.00000804,0.00000804,134778080.00,1672471319999,1083.77441240,7,15864920.00,127.71260600,0
1672471320000,0.00000804,0.00000804,0.00000803,0.00000803,132019465.00,1672471379999,1061.12789535,9,7143853.00,57.43657812,0
1672471380000,0.00000804,0.00000804,0.00000803,0.00000804,23370703.00,1672471439999,187.83800473,5,17125964.00,137.69275056,0
1672471440000,0.00000803,0.00000804,0.00000803,0.00000804,39304393.00,1672471499999,315.97992246,9,36564667.00,293.97992268,0
1672471500000,0.00000803,0.00000804,0.00000803,0.00000803,290385818.00,1672471559999,2332.56317307,7,76505453.00,615.10384212,0
1672471560000,0.00000803,0.00000804,0.00000803,0.00000803,217706931.00,1672471619999,1748.66212694,9,47547101.00,382.27869204,0
1672471620000,0.00000804,0.00000804,0.00000803,0.00000803,27638261.00,1672471679999,222.03888622,5,10365039.00,83.33491356,0
1672471680000,0.00000804,0.00000804,0.00000803,0.00000804,216912450.00,1672471739999,1743.95788573,3,215091223.00,1729.33343292,0
1672471740000,0.00000804,0.00000804,0.00000803,0.00000803,1484974204.00,1672471799999,11937.01399842,12,1267114030.00,10187.59680120,0
1672471800000,0.00000804,0.00000804,0.00000803,0.00000803,495451008.00,1672471859999,3979.01164853,11,54005429.00,434.20364916,0
1672471860000,0.00000803,0.00000803,0.00000803,0.00000803,3375154.00,1672471919999,27.10248662,1,0.00,0.00000000,0
1672471920000,0.00000803,0.00000804,0.00000803,0.00000804,7854665.00,1672471979999,63.10873664,3,3577669.00,28.76445876,0
1672471980000,0.00000804,0.00000804,0.00000803,0.00000804,78267388.00,1672472039999,628.97415777,12,48703213.00,391.57383252,0
1672472040000,0.00000804,0.00000804,0.00000803,0.00000803,164673915.00,1672472099999,1323.15427540,10,82273795.00,661.48131180,0
1672472100000,0.00000803,0.00000805,0.00000803,0.00000805,1704303648.00,1672472159999,13705.08045782,19,1642098093.00,13205.56985117,0
1672472160000,0.00000805,0.00000805,0.00000805,0.00000805,9453901.00,1672472219999,76.10390305,2,9453901.00,76.10390305,0
1672472220000,0.00000805,0.00000807,0.00000804,0.00000806,17345466881.00,1672472279999,139833.70482063,258,10754399867.00,86697.42859942,0
1672472280000,0.00000806,0.00000808,0.00000806,0.00000808,13283625078.00,1672472339999,107231.53963225,153,6771931007.00,54673.99102735,0
1672472340000,0.00000807,0.00000808,0.00000807,0.00000807,67391555.00,1672472399999,543.99079719,12,14094834.00,113.88625872,0
1672472400000,0.00000807,0.00000807,0.00000806,0.00000806,2122996094.00,1672472459999,17129.65983797,27,40067487.00,323.34462009,0
1672472460000,0.00000807,0.00000807,0.00000807,0.00000807,131597750.00,1672472519999,1061.99384250,9,131597750.00,1061.99384250,0
1672472520000,0.00000806,0.00000806,0.00000805,0.00000806,777815074.00,1672472579999,6268.93650228,29,242554204.00,1954.98688424,0
1672472580000,0.00000806,0.00000806,0.00000805,0.00000806,175041994.00,1672472639999,1410.79551615,9,170746445.00,1376.21634670,0
1672472640000,0.00000805,0.00000807,0.00000805,0.00000806,3014328989.00,1672472699999,24305.93532502,49,2977820620.00,24011.97483341,0
1672472700000,0.00000807,0.00000807,0.00000806,0.00000806,3631864491.00,1672472759999,29273.01392771,31,36204598.00,291.99519013,0
1672472760000,0.00000806,0.00000806,0.00000805,0.00000806,445230559.00,1672472819999,3588.49919063,7,439319068.00,3540.91168808,0
1672472820000,0.00000805,0.00000807,0.00000805,0.00000807,5047863207.00,1672472879999,40727.55405671,45,4949226916.00,39933.53191416,0
1672472880000,0.00000806,0.00000806,0.00000805,0.00000806,1177186963.00,1672472939999,9487.41847334,28,159621226.00,1286.54708156,0
1672472940000,0.00000806,0.00000806,0.00000805,0.00000806,137520807.00,1672472999999,1108.24391283,10,120141648.00,968.34168288,0
1672473000000,0.00000805,0.00000807,0.00000805,0.00000807,2790714943.00,1672473059999,22496.16368709,49,2758746594.00,22238.81847764,0
1672473060000,0.00000806,0.00000807,0.00000806,0.00000807,759710522.00,1672473119999,6130.71121962,8,744441230.00,6007.64072610,0
1672473120000,0.00000806,0.00000807,0.00000806,0.00000807,61986873.00,1672473179999,500.20899067,4,59479429.00,479.99899203,0
1672473180000,0.00000807,0.00000807,0.00000806,0.00000807,279297842.00,1672473239999,2253.85183686,16,271123034.00,2187.96288438,0
1672473240000,0.00000806,0.00000806,0.00000806,0.00000806,711582298.00,1672473299999,5735.35332188,6,0.00,0.00000000,0
1672473300000,0.00000807,0.00000807,0.00000806,0.00000806,120989656.00,1672473359999,976.08238969,6,90576233.00,730.95020031,0
1672473360000,0.00000806,0.00000806,0.00000806,0.00000806,24902533.00,1672473419999,200.71441598,2,0.00,0.00000000,0
1672473420000,0.00000807,0.00000807,0.00000806,0.00000807,201761264.00,1672473479999,1627.93525778,10,173946994.00,1403.75224158,0
1672473480000,0.00000806,0.00000807,0.00000806,0.00000806,141961275.00,1672473539999,1145.23319964,10,102532314.00,827.43577398,0
1672473540000,0.00000807,0.00000807,0.00000807,0.00000807,115753740.00,1672473599999,934.13268180,4,115753740.00,934.13268180,0
1672473600000,0.00000807,0.00000807,0.00000806,0.00000807,307885234.00,1672473659999,2483.44728489,15,189229885.00,1527.08517195,0
1672473660000,0.00000807,0.00000807,0.00000806,0.00000806,195548712.00,1672473719999,1577.60505071,11,148243199.00,1196.32261593,0
1672473720000,0.00000806,0.00000808,0.00000806,0.00000807,2270674742.00,1672473779999,18325.04529787,25,2045712767.00,16509.62812751,0
1672473780000,0.00000807,0.00000808,0.00000807,0.00000808,167107117.00,1672473839999,1348.65213255,11,9769836.00,78.94027488,0
1672473840000,0.00000807,0.00000808,0.00000807,0.00000807,1209772910.00,1672473899999,9762.88236377,9,1498007.00,12.10389656,0
1672473900000,0.00000807,0.00000808,0.00000807,0.00000808,132842427.00,1672473959999,1072.26631070,8,22792481.00,184.16324648,0
1672473960000,0.00000807,0.00000808,0.00000807,0.00000807,104146920.00,1672474019999,840.50401073,7,3836633.00,30.99999464,0
1672474020000,0.00000807,0.00000807,0.00000807,0.00000807,45667194.00,1672474079999,368.53425558,4,0.00,0.00000000,0
1672474080000,0.00000807,0.00000808,0.00000807,0.00000808,16762234.00,1672474139999,135.29189768,5,2066930.00,16.70079440,0
1672474140000,0.00000807,0.00000808,0.00000807,0.00000807,11263555.00,1672474199999,90.91017496,3,1328611.00,10.73517688,0
1672474200000,0.00000808,0.00000808,0.00000807,0.00000807,569691892.00,1672474259999,4598.60193736,6,118836892.00,960.20208736,0
1672474260000,0.00000807,0.00000808,0.00000807,0.00000808,96346311.00,1672474319999,778.14165012,10,62692035.00,506.55164280,0
1672474320000,0.00000808,0.00000808,0.00000807,0.00000808,212929968.00,1672474379999,1718.92576902,15,58092726.00,469.38922608,0
1672474380000,0.00000808,0.00000808,0.00000807,0.00000808,5399703915.00,1672474439999,43629.40642453,35,5278383048.00,42649.33502784,0
1672474440000,0.00000808,0.00000809,0.00000808,0.00000808,42196474.00,1672474499999,341.15275869,14,20524877.00,166.04625493,0
1672474500000,0.00000809,0.00000809,0.00000808,0.00000808,184883790.00,1672474559999,1495.48716750,20,162614430.00,1315.55073870,0
1672474560000,0.00000808,0.00000809,0.00000808,0.00000809,70470608.00,1672474619999,570.00045091,12,59793827.00,483.73206043,0
1672474620000,0.00000808,0.00000809,0.00000808,0.00000809,201333475.00,1672474679999,1628.68168956,10,190721156.00,1542.93415204,0
1672474680000,0.00000809,0.00000809,0.00000808,0.00000808,293971167.00,1672474739999,2376.36622497,13,107919561.00,873.06924849,0
1672474740000,0.00000808,0.00000809,0.00000808,0.00000809,40602654.00,1672474799999,328.26325157,7,19380725.00,156.79006525,0
1672474800000,0.00000809,0.00000809,0.00000808,0.00000809,224075087.00,1672474859999,1811.50915121,15,98244825.00,794.80063425,0
1672474860000,0.00000809,0.00000809,0.00000808,0.00000808,728402598.00,1672474919999,5888.41832963,24,292533779.00,2366.59827211,0
1672474920000,0.00000809,0.00000809,0.00000808,0.00000809,740347912.00,1672474979999,5986.30479319,26,429366423.00,3473.57436207,0
1672474980000,0.00000808,0.00000809,0.00000808,0.00000808,41548682.00,1672475039999,335.74043208,7,2708152.00,21.90894968,0
1672475040000,0.00000808,0.00000810,0.00000808,0.00000809,5734511439.00,1672475099999,46393.52128123,103,3281602428.00,26551.76364252,0
1672475100000,0.00000809,0.00000813,0.00000809,0.00000811,16206201612.00,1672475159999,131427.97928742,296,11661462860.00,94567.62065889,0
1672475160000,0.00000811,0.00000811,0.00000809,0.00000810,1477484563.00,1672475219999,11968.61553296,38,825247506.00,6685.82452685,0
1672475220000,0.00000810,0.00000810,0.00000810,0.00000810,2932328093.00,1672475279999,23751.85755330,51,2900978812.00,23497.92837720,0
1672475280000,0.00000810,0.00000811,0.00000810,0.00000810,690843530.00,1672475339999,5597.10349355,17,127090055.00,1030.70034605,0
1672475340000,0.00000811,0.00000812,0.00000810,0.00000811,3537555627.00,1672475399999,28689.58737956,60,2072834430.00,16811.27922412,0
1672475400000,0.00000811,0.00000811,0.00000811,0.00000811,766779945.00,1672475459999,6218.58535395,15,766779945.00,6218.58535395,0
1672475460000,0.00000810,0.00000811,0.00000810,0.00000810,247363108.00,1672475519999,2003.84463678,15,20346198.00,165.00766578,0
1672475520000,0.00000811,0.00000812,0.00000810,0.00000812,2438551713.00,1672475579999,19776.56312191,40,2416155764.00,19595.09217076,0
1672475580000,0.00000811,0.00000813,0.00000811,0.00000813,4173705557.00,1672475639999,33909.93926094,72,4111261799.00,33402.94151890,0
1672475640000,0.00000813,0.00000813,0.00000812,0.00000812,161478123.00,1672475699999,1311.91722342,11,71486466.00,581.18496858,0
1672475700000,0.00000813,0.00000813,0.00000812,0.00000812,467764602.00,1672475759999,3802.49796698,13,424939874.00,3454.76117562,0
1672475760000,0.00000812,0.00000813,0.00000812,0.00000813,412586478.00,1672475819999,3354.26120246,10,405900110.00,3299.96789430,0
1672475820000,0.00000812,0.00000813,0.00000812,0.00000813,147039865.00,1672475879999,1194.94264886,14,97894506.00,795.88233378,0
1672475880000,0.00000812,0.00000813,0.00000812,0.00000812,610823686.00,1672475939999,4963.84833465,16,396000433.00,3219.48352029,0
1672475940000,0.00000812,0.00000813,0.00000812,0.00000812,1107265072.00,1672475999999,8995.70318875,26,471080411.00,3829.88374143,0
1672476000000,0.00000813,0.00000813,0.00000812,0.00000812,216232327.00,1672476059999,1756.44960573,11,64311049.00,522.84882837,0
1672476060000,0.00000813,0.00000813,0.00000812,0.00000812,134351905.00,1672476119999,1091.87438261,10,93691401.00,761.71109013,0
1672476120000,0.00000813,0.00000816,0.00000813,0.00000816,7304129361.00,1672476179999,59457.72510653,228,4337498896.00,35312.99230607,0
1672476180000,0.00000815,0.00000816,0.00000815,0.00000815,1427175832.00,1672476239999,11632.44563740,41,107447063.00,876.65617005,0
1672476240000,0.00000815,0.00000815,0.00000814,0.00000814,4767456311.00,1672476299999,38845.73518446,46,3195475962.00,26043.12909030,0
1672476300000,0.00000815,0.00000815,0.00000813,0.00000814,1763490204.00,1672476359999,14356.42888274,30,221000112.00,1800.61131110,0
1672476360000,0.00000813,0.00000814,0.00000813,0.00000813,452458288.00,1672476419999,3679.03887153,9,55299009.00,450.13393326,0
1672476420000,0.00000813,0.00000814,0.00000813,0.00000814,77292854.00,1672476479999,628.48629556,10,9539254.00,77.64952756,0
1672476480000,0.00000814,0.00000814,0.00000813,0.00000814,98678932.00,1672476539999,803.23277356,5,97305640.00,792.06790960,0
1672476540000,0.00000813,0.00000813,0.00000812,0.00000813,1843301123.00,1672476599999,14983.69464435,27,8490418.00,69.02709834,0
1672476600000,0.00000813,0.00000813,0.00000812,0.00000813,426156373.00,1672476659999,3461.41982594,23,103007718.00,837.45274734,0
1672476660000,0.00000812,0.00000812,0.00000812,0.00000812,63784076.00,1672476719999,517.92669712,6,0.00,0.00000000,0
1672476720000,0.00000812,0.00000813,0.00000811,0.00000811,4317621640.00,1672476779999,35035.18772954,84,59218226.00,481.41374301,0
1672476780000,0.00000812,0.00000812,0.00000810,0.00000811,1466032014.00,1672476839999,11888.32681069,38,136851291.00,1111.13273420,0
1672476840000,0.00000811,0.00000812,0.00000810,0.00000810,3903509150.00,1672476899999,31657.55904107,50,2994106664.00,24282.65675622,0
1672476900000,0.00000811,0.00000812,0.00000811,0.00000811,2474082928.00,1672476959999,20065.93626439,49,2465578745.00,19996.96734026,0
1672476960000,0.00000812,0.00000812,0.00000811,0.00000812,772038126.00,1672477019999,6264.90908344,13,367988158.00,2988.06384296,0
1672477020000,0.00000812,0.00000812,0.00000811,0.00000812,1605231154.00,1672477079999,13019.11901332,19,69435438.00,563.81575656,0
1672477080000,0.00000812,0.00000812,0.00000811,0.00000811,156508726.00,1672477139999,1269.30912544,9,2335758.00,18.96635496,0
1672477140000,0.00000811,0.00000812,0.00000811,0.00000811,45359018.00,1672477199999,368.00803229,5,14639631.00,118.87380372,0
1672477200000,0.00000812,0.00000812,0.00000810,0.00000811,1532867440.00,1672477259999,12431.13904030,34,37176224.00,301.61010480,0
1672477260000,0.00000811,0.00000811,0.00000810,0.00000810,209826422.00,1672477319999,1699.67023240,7,7621420.00,61.80971620,0
1672477320000,0.00000810,0.00000811,0.00000810,0.00000810,162039011.00,1672477379999,1313.26229735,7,74630825.00,605.25599075,0
1672477380000,0.00000810,0.00000811,0.00000810,0.00000810,177299504.00,1672477439999,1436.49309244,9,36711004.00,297.72624244,0
1672477440000,0.00000811,0.00000811,0.00000810,0.00000811,28113871.00,1672477499999,227.84437350,6,12201840.00,98.95692240,0
1672477500000,0.00000810,0.00000811,0.00000810,0.00000811,240320857.00,1672477559999,1947.63801900,7,103907730.00,842.69169030,0
1672477560000,0.00000811,0.00000811,0.00000810,0.00000810,374288275.00,1672477619999,3033.35136886,18,161634136.00,1310.85284296,0
1672477620000,0.00000810,0.00000811,0.00000810,0.00000810,446980219.00,1672477679999,3620.81282993,17,27305603.00,221.44844033,0
1672477680000,0.00000811,0.00000811,0.00000810,0.00000811,127843481.00,1672477739999,1036.57190567,9,103970957.00,843.20446127,0
1672477740000,0.00000811,0.00000811,0.00000810,0.00000810,515353676.00,1672477799999,4174.88458994,10,51981434.00,421.56942974,0
1672477800000,0.00000811,0.00000811,0.00000810,0.00000810,384160370.00,1672477859999,3115.07582738,15,337683038.00,2738.60943818,0
1672477860000,0.00000811,0.00000811,0.00000810,0.00000810,334894252.00,1672477919999,2713.03070599,10,38726479.00,314.07174469,0
1672477920000,0.00000811,0.00000811,0.00000810,0.00000810,516641565.00,1672477979999,4184.83675255,8,4007605.00,32.50167655,0
1672477980000,0.00000810,0.00000811,0.00000810,0.00000810,803127086.00,1672478039999,6505.35497470,25,2557810.00,20.74383910,0
1672478040000,0.00000810,0.00000811,0.00000810,0.00000811,48356969.00,1672478099999,391.78865423,7,9720533.00,78.83352263,0
1672478100000,0.00000810,0.00000811,0.00000810,0.00000810,483271047.00,1672478159999,3916.68039410,22,218491340.00,1771.96476740,0
1672478160000,0.00000811,0.00000811,0.00000810,0.00000811,381924635.00,1672478219999,3096.72968407,15,314014057.00,2546.65400227,0
1672478220000,0.00000810,0.00000811,0.00000810,0.00000810,452437020.00,1672478279999,3664.95292451,15,21306251.00,172.79369561,0
1672478280000,0.00000810,0.00000811,0.00000810,0.00000811,908454502.00,1672478339999,7365.52820100,10,704673480.00,5714.90192280,0
1672478340000,0.00000811,0.00000811,0.00000809,0.00000810,6144388244.00,1672478399999,49745.74864369,55,476466125.00,3863.53528207,0
1672478400000,0.00000809,0.00000810,0.00000809,0.00000810,266022105.00,1672478459999,2154.46138021,11,234255076.00,1897.46611560,0
1672478460000,0.00000810,0.00000810,0.00000809,0.00000809,15827008.00,1672478519999,128.07096680,4,3047208.00,24.68238480,0
1672478520000,0.00000810,0.00000810,0.00000809,0.00000810,44514573.00,1672478579999,360.38414142,6,26124585.00,211.60913850,0
1672478580000,0.00000810,0.00000810,0.00000808,0.00000809,6654075773.00,1672478639999,53822.24595649,92,288842866.00,2336.91719170,0
1672478640000,0.00000808,0.00000809,0.00000808,0.00000808,237737083.00,1672478699999,1923.01183884,8,209620820.00,1695.83243380,0
1672478700000,0.00000809,0.00000809,0.00000808,0.00000809,584512318.00,1672478759999,4728.67611624,21,581658680.00,4705.61872120,0
1672478760000,0.00000808,0.00000809,0.00000808,0.00000809,2493572580.00,1672478819999,20171.15754805,64,2309110165.00,18680.70123485,0
1672478820000,0.00000809,0.00000809,0.00000808,0.00000808,142579402.00,1672478879999,1153.23483703,13,119326887.00,965.35451583,0
1672478880000,0.00000809,0.00000810,0.00000809,0.00000809,2848332725.00,1672478939999,23043.91624715,42,2788818188.00,22562.44364282,0
1672478940000,0.00000810,0.00000810,0.00000809,0.00000809,91586431.00,1672478999999,741.33901879,10,40479200.00,327.88152000,0
1672479000000,0.00000810,0.00000810,0.00000809,0.00000809,129998256.00,1672479059999,1052.02692843,11,34103739.00,276.24028590,0
1672479060000,0.00000810,0.00000810,0.00000809,0.00000810,84944005.00,1672479119999,688.03031602,7,83331557.00,674.98561170,0
1672479120000,0.00000810,0.00000810,0.00000810,0.00000810,16132331.00,1672479179999,130.67188110,4,16132331.00,130.67188110,0
1672479180000,0.00000810,0.00000810,0.00000808,0.00000808,3652310759.00,1672479239999,29548.34227924,62,706929374.00,5720.45217459,0
1672479240000,0.00000808,0.00000809,0.00000808,0.00000809,22911865.00,1672479299999,185.31738389,5,18951469.00,153.31738421,0
1672479300000,0.00000809,0.00000809,0.00000808,0.00000808,406677590.00,1672479359999,3289.91428868,8,395936148.00,3203.12343732,0
1672479360000,0.00000809,0.00000809,0.00000808,0.00000808,1169482880.00,1672479419999,9457.77336748,27,835169708.00,6756.52293772,0
1672479420000,0.00000809,0.00000810,0.00000809,0.00000810,1534036078.00,1672479479999,12410.51757040,35,1526840022.00,12352.30147736,0
1672479480000,0.00000810,0.00000810,0.00000810,0.00000810,6104474.00,1672479539999,49.44623940,1,6104474.00,49.44623940,0
1672479540000,0.00000810,0.00000810,0.00000809,0.00000810,280773480.00,1672479599999,2273.79831236,11,234085916.00,1896.09591960,0
1672479600000,0.00000809,0.00000810,0.00000809,0.00000809,22991201.00,1672479659999,186.03845216,5,3963607.00,32.10521670,0
1672479660000,0.00000810,0.00000810,0.00000809,0.00000810,155705390.00,1672479719999,1260.04948545,8,39288035.00,318.23308350,0
1672479720000,0.00000809,0.00000810,0.00000809,0.00000810,16264038.00,1672479779999,131.60869931,6,3263189.00,26.43183090,0
1672479780000,0.00000810,0.00000810,0.00000809,0.00000810,49495121.00,1672479839999,400.66407803,7,24854914.00,201.32480340,0
1672479840000,0.00000809,0.00000810,0.00000809,0.00000810,859034309.00,1672479899999,6957.23682389,13,764926408.00,6195.90390480,0
1672479900000,0.00000809,0.00000810,0.00000809,0.00000809,968710114.00,1672479959999,7845.75368989,19,888886763.00,7199.98278030,0
1672479960000,0.00000810,0.00000810,0.00000809,0.00000810,89713820.00,1672480019999,726.43809185,11,65328805.00,529.16332050,0
1672480020000,0.00000810,0.00000810,0.00000809,0.00000809,386323273.00,1672480079999,3127.49341560,15,213813703.00,1731.89099430,0
1672480080000,0.00000810,0.00000810,0.00000809,0.00000810,196020261.00,1672480139999,1587.46115343,9,165724194.00,1342.36597140,0
1672480140000,0.00000809,0.00000810,0.00000809,0.00000810,89969999.00,1672480199999,728.18590987,6,32861796.00,266.18054760,0
1672480200000,0.00000810,0.00000810,0.00000809,0.00000809,60798782.00,1672480259999,492.04231983,8,18017345.00,145.94049450,0
1672480260000,0.00000809,0.00000810,0.00000809,0.00000810,191348389.00,1672480319999,1549.55383204,10,154536503.00,1251.74567430,0
1672480320000,0.00000809,0.00000810,0.00000809,0.00000809,315845636.00,1672480379999,2558.00607665,10,281488141.00,2280.05394210,0
1672480380000,0.00000810,0.00000810,0.00000809,0.00000809,89632471.00,1672480439999,725.20955922,8,8286883.00,67.12375230,0
1672480440000,0.00000810,0.00000810,0.00000809,0.00000810,72202753.00,1672480499999,584.76981838,5,64954661.00,526.13275410,0
1672480500000,0.00000810,0.00000810,0.00000809,0.00000810,327065357.00,1672480559999,2649.09579328,18,313705515.00,2541.01467150,0
1672480560000,0.00000810,0.00000810,0.00000809,0.00000810,193459341.00,1672480619999,1566.28193218,4,119586349.00,968.64942690,0
1672480620000,0.00000810,0.00000810,0.00000809,0.00000809,218031685.00,1672480679999,1763.93060619,5,5427454.00,43.96237740,0
1672480680000,0.00000809,0.00000810,0.00000809,0.00000810,72099983.00,1672480739999,583.36312074,8,7425827.00,60.14919870,0
1672480740000,0.00000809,0.00000810,0.00000809,0.00000810,259362565.00,1672480799999,2100.49078530,12,224763445.00,1820.58390450,0
1672480800000,0.00000810,0.00000810,0.00000809,0.00000809,590289489.00,1672480859999,4781.21674257,63,577477656.00,4677.56901360,0
1672480860000,0.00000810,0.00000810,0.00000809,0.00000809,755693744.00,1672480919999,6120.85573499,26,729334603.00,5907.61028430,0
1672480920000,0.00000810,0.00000810,0.00000809,0.00000810,371315079.00,1672480979999,3007.12553483,14,318654572.00,2581.10203320,0
1672480980000,0.00000810,0.00000810,0.00000809,0.00000809,1348510902.00,1672481039999,10916.73393519,31,728073801.00,5897.39778810,0
1672481040000,0.00000810,0.00000810,0.00000809,0.00000809,1267919371.00,1672481099999,10270.09508848,42,1262737709.00,10228.17544290,0
1672481100000,0.00000810,0.00000811,0.00000809,0.00000810,945154058.00,1672481159999,7655.96293081,29,862501715.00,6986.50395251,0
1672481160000,0.00000810,0.00000811,0.00000810,0.00000811,218442840.00,1672481219999,1769.42936435,7,4236035.00,34.35424385,0
1672481220000,0.00000811,0.00000811,0.00000810,0.00000811,38600189.00,1672481279999,313.02740508,13,36587418.00,296.72395998,0
1672481280000,0.00000811,0.00000811,0.00000811,0.00000811,41615062.00,1672481339999,337.49815282,5,41615062.00,337.49815282,0
1672481340000,0.00000810,0.00000811,0.00000810,0.00000810,320964124.00,1672481399999,2602.64932099,17,283991659.00,2303.17235449,0
1672481400000,0.00000810,0.00000811,0.00000810,0.00000811,757601773.00,1672481459999,6136.67118783,9,9682653.00,78.52631583,0
1672481460000,0.00000810,0.00000810,0.00000810,0.00000810,282784673.00,1672481519999,2290.55585130,6,0.00,0.00000000,0
1672481520000,0.00000811,0.00000811,0.00000810,0.00000810,88804821.00,1672481579999,719.95709831,7,63804821.00,517.45709831,0
1672481580000,0.00000811,0.00000811,0.00000810,0.00000811,326575176.00,1672481639999,2648.50584147,11,324691587.00,2633.24877057,0
1672481640000,0.00000810,0.00000811,0.00000810,0.00000811,194697448.00,1672481699999,1578.98272304,6,193339424.00,1567.98272864,0
1672481700000,0.00000811,0.00000812,0.00000810,0.00000811,2545672630.00,1672481759999,20648.34130254,35,2394330467.00,19421.09672509,0
1672481760000,0.00000812,0.00000812,0.00000811,0.00000812,578298861.00,1672481819999,4692.42038712,16,241662441.00,1962.29902092,0
1672481820000,0.00000811,0.00000812,0.00000811,0.00000812,28452741.00,1672481879999,230.90929217,5,15756266.00,127.94087992,0
1672481880000,0.00000811,0.00000812,0.00000811,0.00000812,173536943.00,1672481939999,1409.04109517,15,165648744.00,1345.06780128,0
1672481940000,0.00000811,0.00000812,0.00000811,0.00000812,39251025.00,1672481999999,318.42697585,8,10116310.00,82.14443720,0
1672482000000,0.00000811,0.00000812,0.00000811,0.00000812,199980575.00,1672482059999,1623.81726900,6,197480575.00,1603.54226900,0
1672482060000,0.00000811,0.00000812,0.00000811,0.00000811,229739201.00,1672482119999,1863.26168493,12,7676482.00,62.33303384,0
1672482120000,0.00000811,0.00000812,0.00000811,0.00000811,43594582.00,1672482179999,353.86416089,7,31210087.00,253.42590644,0
1672482180000,0.00000812,0.00000812,0.00000811,0.00000812,83780720.00,1672482239999,680.27962076,12,81798156.00,664.20102672,0
1672482240000,0.00000812,0.00000812,0.00000811,0.00000812,90643522.00,1672482299999,735.84974040,8,73077698.00,593.39090776,0
1672482300000,0.00000811,0.00000812,0.00000811,0.00000811,51187513.00,1672482359999,415.33909627,6,20836584.00,169.19306208,0
1672482360000,0.00000811,0.00000812,0.00000811,0.00000811,1136269573.00,1672482419999,9215.24237890,14,9614187.00,78.06719844,0
1672482420000,0.00000811,0.00000813,0.00000811,0.00000812,2687611874.00,1672482479999,21824.05363249,47,2607818294.00,21176.20421891,0
1672482480000,0.00000812,0.00000814,0.00000812,0.00000813,1630218595.00,1672482539999,13254.19419379,39,689259863.00,5604.21767581,0
1672482540000,0.00000812,0.00000812,0.00000812,0.00000812,2625855.00,1672482599999,21.32194260,2,0.00,0.00000000,0
1672482600000,0.00000813,0.00000813,0.00000812,0.00000812,1097447365.00,1672482659999,8912.93227050,15,165966670.00,1349.30902710,0
1672482660000,0.00000813,0.00000813,0.00000812,0.00000813,126635231.00,1672482719999,1029.25479911,17,97672339.00,794.07611607,0
1672482720000,0.00000813,0.00000813,0.00000812,0.00000812,162347184.00,1672482779999,1319.22460668,12,96547260.00,784.92922380,0
1672482780000,0.00000812,0.00000813,0.00000812,0.00000813,153573480.00,1672482839999,1248.34502639,8,132836879.00,1079.96382627,0
1672482840000,0.00000812,0.00000813,0.00000812,0.00000813,49401929.00,1672482899999,401.28136835,12,13770487.00,111.95405931,0
1672482900000,0.00000813,0.00000813,0.00000811,0.00000812,1241023927.00,1672482959999,10077.26239671,24,75462987.00,612.98844626,0
1672482960000,0.00000812,0.00000812,0.00000811,0.00000812,269007089.00,1672483019999,2184.32523223,7,267774044.00,2174.32523728,0
1672483020000,0.00000812,0.00000812,0.00000811,0.00000812,96765946.00,1672483079999,785.65125094,14,87942888.00,714.09625056,0
1672483080000,0.00000812,0.00000812,0.00000811,0.00000811,237278807.00,1672483139999,1924.73618278,11,40505801.00,328.90710412,0
1672483140000,0.00000811,0.00000812,0.00000811,0.00000811,85820698.00,1672483199999,696.49595759,14,49009681.00,397.95860972,0
1672483200000,0.00000812,0.00000812,0.00000811,0.00000811,167194195.00,1672483259999,1356.47686340,9,53194195.00,431.93686340,0
1672483260000,0.00000812,0.00000812,0.00000811,0.00000812,68691039.00,1672483319999,557.54547175,10,46114546.00,374.45011352,0
1672483320000,0.00000812,0.00000812,0.00000811,0.00000811,10510722.00,1672483379999,85.30941846,4,6746304.00,54.77998848,0
1672483380000,0.00000811,0.00000812,0.00000811,0.00000812,76920464.00,1672483439999,623.84848397,8,2352093.00,19.09899516,0
1672483440000,0.00000812,0.00000812,0.00000811,0.00000811,107955030.00,1672483499999,876.55269245,5,103739915.00,842.36810980,0
1672483500000,0.00000812,0.00000812,0.00000811,0.00000811,227249326.00,1672483559999,1845.18888500,13,219685114.00,1783.84312568,0
1672483560000,0.00000812,0.00000812,0.00000811,0.00000811,111668906.00,1672483619999,906.25449189,11,61966423.00,503.16735476,0
1672483620000,0.00000812,0.00000812,0.00000811,0.00000811,127698480.00,1672483679999,1036.38332730,9,74865450.00,607.90745400,0
1672483680000,0.00000812,0.00000812,0.00000811,0.00000811,240614776.00,1672483739999,1952.63117969,8,124534633.00,1011.22121996,0
1672483740000,0.00000811,0.00000812,0.00000811,0.00000812,151166772.00,1672483799999,1227.03291047,11,107038955.00,869.15631460,0
1672483800000,0.00000811,0.00000812,0.00000811,0.00000811,483282522.00,1672483859999,3923.60030747,14,417905405.00,3393.39188860,0
1672483860000,0.00000812,0.00000812,0.00000811,0.00000812,230715905.00,1672483919999,1872.94793900,8,184194945.00,1495.66295340,0
1672483920000,0.00000812,0.00000812,0.00000811,0.00000811,168857433.00,1672483979999,1369.62693830,9,19315667.00,156.84321604,0
1672483980000,0.00000812,0.00000812,0.00000811,0.00000812,758917273.00,1672484039999,6156.33542464,19,151634061.00,1231.26857532,0
1672484040000,0.00000812,0.00000812,0.00000812,0.00000812,688698027.00,1672484099999,5592.22797924,18,688698027.00,5592.22797924,0
1672484100000,0.00000812,0.00000812,0.00000811,0.00000812,278039347.00,1672484159999,2257.64829465,7,274919048.00,2232.34266976,0
1672484160000,0.00000811,0.00000812,0.00000811,0.00000811,26162622.00,1672484219999,212.19587286,5,1700844.00,13.81085328,0
1672484220000,0.00000812,0.00000812,0.00000811,0.00000812,283954720.00,1672484279999,2304.69528883,12,182250963.00,1479.87781956,0
1672484280000,0.00000812,0.00000812,0.00000811,0.00000812,93472356.00,1672484339999,758.84502133,7,78421417.00,636.78190604,0
1672484340000,0.00000812,0.00000812,0.00000811,0.00000812,259461503.00,1672484399999,2106.81490436,10,258211503.00,2096.67740436,0
1672484400000,0.00000811,0.00000813,0.00000811,0.00000813,724993887.00,1672484459999,5886.49662372,42,630742462.00,5121.83153569,0
1672484460000,0.00000812,0.00000813,0.00000812,0.00000813,223735659.00,1672484519999,1817.28355108,13,55000000.00,447.15000000,0
1672484520000,0.00000813,0.00000813,0.00000813,0.00000813,51830114.00,1672484579999,421.37882682,4,51830114.00,421.37882682,0
1672484580000,0.00000812,0.00000813,0.00000812,0.00000812,145202739.00,1672484639999,1179.15584707,7,10960639.00,89.10999507,0
1672484640000,0.00000813,0.00000813,0.00000812,0.00000813,404464188.00,1672484699999,3284.41384844,5,16464188.00,133.85384844,0
1672484700000,0.00000813,0.00000813,0.00000812,0.00000812,122334565.00,1672484759999,993.71510093,10,35843313.00,291.40613469,0
1672484760000,0.00000812,0.00000813,0.00000812,0.00000813,82430979.00,1672484819999,669.61825941,7,27870993.00,226.59117309,0
1672484820000,0.00000813,0.00000813,0.00000812,0.00000812,421213490.00,1672484879999,3420.46675083,7,21321203.00,173.34138039,0
1672484880000,0.00000812,0.00000813,0.00000812,0.00000813,20552831.00,1672484939999,167.07730156,6,18831384.00,153.09915192,0
1672484940000,0.00000813,0.00000813,0.00000812,0.00000813,21999679.00,1672484999999,178.72903838,8,9164490.00,74.50730370,0
1672485000000,0.00000812,0.00000813,0.00000812,0.00000813,201811885.00,1672485059999,1640.59007661,8,187757041.00,1526.46474333,0
1672485060000,0.00000813,0.00000813,0.00000812,0.00000813,17462119.00,1672485119999,141.94008932,5,14768304.00,120.06631152,0
1672485120000,0.00000813,0.00000813,0.00000812,0.00000813,1471456554.00,1672485179999,11950.73097603,8,250375755.00,2035.55488815,0
1672485180000,0.00000813,0.00000813,0.00000812,0.00000813,574106091.00,1672485239999,4665.42676273,23,368530381.00,2996.15199753,0
1672485240000,0.00000813,0.00000814,0.00000813,0.00000813,4583623865.00,1672485299999,37269.00488269,67,2910578239.00,23667.14394331,0
1672485300000,0.00000812,0.00000813,0.00000812,0.00000813,393049824.00,1672485359999,3191.74026581,15,17569493.00,142.83997809,0
1672485360000,0.00000813,0.00000813,0.00000812,0.00000813,499353286.00,1672485419999,4056.18877282,7,144009050.00,1170.79357650,0
1672485420000,0.00000813,0.00000813,0.00000812,0.00000812,303748285.00,1672485479999,2468.23380643,6,179773223.00,1461.55630299,0
1672485480000,0.00000812,0.00000813,0.00000812,0.00000813,679640118.00,1672485539999,5525.12352931,13,644577115.00,5240.41194495,0
1672485540000,0.00000813,0.00000813,0.00000812,0.00000812,533067534.00,1672485599999,4333.15163736,16,464326128.00,3774.97142064,0
1672485600000,0.00000813,0.00000813,0.00000812,0.00000812,301072517.00,1672485659999,2445.42540781,14,71656977.00,582.57122301,0
1672485660000,0.00000812,0.00000813,0.00000812,0.00000813,162251082.00,1672485719999,1318.46122724,17,98244140.00,798.72485820,0
1672485720000,0.00000812,0.00000813,0.00000812,0.00000813,530932921.00,1672485779999,4311.64560666,10,47028814.00,382.34425782,0
1672485780000,0.00000813,0.00000813,0.00000812,0.00000812,116913168.00,1672485839999,949.47335210,8,13842794.00,112.54191522,0
1672485840000,0.00000813,0.00000813,0.00000812,0.00000812,611745656.00,1672485899999,4967.43798509,26,95647911.00,776.72429569,0
1672485900000,0.00000812,0.00000812,0.00000811,0.00000812,397575898.00,1672485959999,3227.24437047,14,290383769.00,2357.91620428,0
1672485960000,0.00000812,0.00000812,0.00000811,0.00000811,292799446.00,1672486019999,2376.92986156,15,232635450.00,1888.99985400,0
1672486020000,0.00000811,0.00000812,0.00000811,0.00000811,118489106.00,1672486079999,961.56241320,6,61576354.00,499.99999448,0
1672486080000,0.00000811,0.00000812,0.00000811,0.00000811,180126003.00,1672486139999,1461.71816279,10,89627846.00,727.77810952,0
1672486140000,0.00000811,0.00000812,0.00000811,0.00000812,91248403.00,1672486199999,740.77211830,3,74756997.00,607.02681564,0
1672486200000,0.00000811,0.00000813,0.00000811,0.00000812,3473168128.00,1672486259999,28200.18640130,39,2965850224.00,24085.19426906,0
1672486260000,0.00000812,0.00000812,0.00000811,0.00000811,2888667323.00,1672486319999,23454.05997650,25,7794412.00,63.29062544,0
1672486320000,0.00000811,0.00000812,0.00000811,0.00000812,133778240.00,1672486379999,1086.18791829,5,124639189.00,1012.07021468,0
1672486380000,0.00000812,0.00000812,0.00000811,0.00000812,250668749.00,1672486439999,2034.72291759,14,179936320.00,1461.08291840,0
1672486440000,0.00000811,0.00000812,0.00000811,0.00000812,10765401630.00,1672486499999,87415.04660152,102,9120207436.00,74056.08438032,0
1672486500000,0.00000812,0.00000812,0.00000811,0.00000811,397382461.00,1672486559999,3226.00919626,17,13061697.00,106.06097964,0
1672486560000,0.00000811,0.00000811,0.00000811,0.00000811,55714494.00,1672486619999,451.84454634,5,0.00,0.00000000,0
1672486620000,0.00000811,0.00000812,0.00000811,0.00000812,1281685494.00,1672486679999,10394.64039415,20,17103781.00,138.88270172,0
1672486680000,0.00000812,0.00000812,0.00000811,0.00000812,249666308.00,1672486739999,2026.11850649,7,132474861.00,1075.69587132,0
1672486740000,0.00000811,0.00000812,0.00000811,0.00000812,85370223.00,1672486799999,692.61320106,8,26069253.00,211.68233436,0
1672486800000,0.00000811,0.00000812,0.00000811,0.00000811,576157714.00,1672486859999,4672.74629115,11,10723061.00,87.07125532,0
1672486860000,0.00000811,0.00000812,0.00000811,0.00000812,964227894.00,1672486919999,7819.93071528,10,4249494.00,34.50589128,0
1672486920000,0.00000811,0.00000812,0.00000811,0.00000812,228259788.00,1672486979999,1851.44222748,10,25534680.00,207.34160160,0
1672486980000,0.00000811,0.00000812,0.00000811,0.00000812,65140415.00,1672487039999,528.34134447,10,5257882.00,42.69400184,0
1672487040000,0.00000812,0.00000812,0.00000811,0.00000811,31683330.00,1672487099999,257.13178706,7,17998076.00,146.14437712,0
1672487100000,0.00000812,0.00000812,0.00000811,0.00000811,39319344.00,1672487159999,319.20021068,8,32033084.00,260.10864208,0
1672487160000,0.00000812,0.00000812,0.00000811,0.00000811,48828377.00,1672487219999,396.19371601,7,19557854.00,158.80977448,0
1672487220000,0.00000812,0.00000812,0.00000811,0.00000812,183189817.00,1672487279999,1487.19550059,14,152608472.00,1239.18079264,0
1672487280000,0.00000812,0.00000812,0.00000811,0.00000812,174744951.00,1672487339999,1418.30384450,8,112229189.00,911.30101468,0
1672487340000,0.00000812,0.00000812,0.00000811,0.00000811,79478550.00,1672487399999,644.66705478,9,9601428.00,77.96359536,0
1672487400000,0.00000812,0.00000812,0.00000812,0.00000812,1231527.00,1672487459999,9.99999924,1,1231527.00,9.99999924,0
1672487460000,0.00000811,0.00000812,0.00000811,0.00000812,7451384.00,1672487519999,60.46835793,4,3763369.00,30.55855628,0
1672487520000,0.00000812,0.00000812,0.00000811,0.00000812,52106300.00,1672487579999,422.86413614,9,28204314.00,229.01902968,0
1672487580000,0.00000812,0.00000812,0.00000811,0.00000811,121304727.00,1672487639999,984.15694525,11,37560928.00,304.99473536,0
1672487640000,0.00000811,0.00000812,0.00000811,0.00000812,301978292.00,1672487699999,2449.34748357,7,30353545.00,246.47078540,0
1672487700000,0.00000812,0.00000812,0.00000811,0.00000812,120332322.00,1672487759999,976.20019658,6,30506516.00,247.71290992,0
1672487760000,0.00000812,0.00000812,0.00000811,0.00000811,1627994633.00,1672487819999,13204.35682419,30,132035056.00,1072.12465472,0
1672487820000,0.00000812,0.00000812,0.00000811,0.00000812,69693159.00,1672487879999,565.84687473,8,63535524.00,515.90845488,0
1672487880000,0.00000812,0.00000812,0.00000811,0.00000811,41554778.00,1672487939999,337.06412214,7,5487256.00,44.55651872,0
1672487940000,0.00000812,0.00000812,0.00000811,0.00000812,7152161.00,1672487999999,58.04795239,3,4392668.00,35.66846416,0
1672488000000,0.00000812,0.00000812,0.00000811,0.00000811,493447969.00,1672488059999,4005.89239766,28,402936907.00,3271.84768484,0
1672488060000,0.00000812,0.00000813,0.00000811,0.00000812,3634489513.00,1672488119999,29515.71917560,62,3604644624.00,29273.40830663,0
1672488120000,0.00000812,0.00000813,0.00000812,0.00000813,192183921.00,1672488179999,1561.88408644,10,135064792.00,1098.07675896,0
1672488180000,0.00000813,0.00000813,0.00000812,0.00000813,3364395110.00,1672488239999,27335.60781276,60,1671951956.00,13592.96940228,0
1672488240000,0.00000813,0.00000813,0.00000812,0.00000813,1522811260.00,1672488299999,12380.41120883,34,1518377763.00,12344.41121319,0
1672488300000,0.00000813,0.00000813,0.00000812,0.00000812,47199122.00,1672488359999,383.30255442,8,4568378.00,37.14091314,0
1672488360000,0.00000812,0.00000813,0.00000812,0.00000813,68241942.00,1672488419999,554.65358015,9,52901111.00,430.08603243,0
1672488420000,0.00000812,0.00000813,0.00000811,0.00000812,2371638773.00,1672488479999,19262.52811635,41,962964109.00,7824.19487010,0
1672488480000,0.00000812,0.00000812,0.00000811,0.00000812,472358050.00,1672488539999,3835.22437978,20,440059428.00,3573.28255536,0
1672488540000,0.00000812,0.00000812,0.00000811,0.00000812,343702762.00,1672488599999,2789.60111210,13,217171228.00,1763.43037136,0
1672488600000,0.00000811,0.00000812,0.00000811,0.00000811,234881328.00,1672488659999,1906.58866008,11,170109000.00,1381.28508000,0
1672488660000,0.00000811,0.00000812,0.00000811,0.00000812,53364765.00,1672488719999,432.88597814,7,9773399.00,79.35999988,0
1672488720000,0.00000811,0.00000812,0.00000811,0.00000812,64914113.00,1672488779999,526.79449695,13,34104052.00,276.92490224,0
1672488780000,0.00000812,0.00000812,0.00000811,0.00000811,181487256.00,1672488839999,1472.93633095,12,107468479.00,872.64404948,0
1672488840000,0.00000811,0.00000812,0.00000811,0.00000812,185306809.00,1672488899999,1503.16659110,12,32837011.00,266.63652932,0
1672488900000,0.00000811,0.00000812,0.00000811,0.00000811,64169983.00,1672488959999,520.98633292,6,56777079.00,461.02988148,0
1672488960000,0.00000812,0.00000812,0.00000811,0.00000812,88509409.00,1672489019999,718.36631319,6,55500620.00,450.66503440,0
1672489020000,0.00000812,0.00000812,0.00000811,0.00000812,10568698.00,1672489079999,85.73953591,3,2739513.00,22.24484556,0
1672489080000,0.00000812,0.00000812,0.00000811,0.00000812,53960314.00,1672489139999,437.68175485,5,6360831.00,51.64994772,0
1672489140000,0.00000812,0.00000812,0.00000811,0.00000811,141103929.00,1672489199999,1145.51376946,13,116090527.00,942.65507924,0
1672489200000,0.00000811,0.00000812,0.00000811,0.00000812,161134025.00,1672489259999,1306.91247545,15,11553270.00,93.81255240,0
1672489260000,0.00000812,0.00000812,0.00000811,0.00000811,777021503.00,1672489319999,6304.36338703,18,271899770.00,2207.82613240,0
1672489320000,0.00000811,0.00000812,0.00000811,0.00000812,49260198.00,1672489379999,399.58473864,8,8453286.00,68.64068232,0
1672489380000,0.00000811,0.00000812,0.00000811,0.00000811,1709336961.00,1672489439999,13871.02876665,16,830601294.00,6744.48250728,0
1672489440000,0.00000811,0.00000812,0.00000811,0.00000812,125572322.00,1672489499999,1018.99407266,14,60254124.00,489.26348688,0
1672489500000,0.00000811,0.00000812,0.00000810,0.00000811,1028652038.00,1672489559999,8342.45090819,38,44280710.00,359.22657066,0
1672489560000,0.00000811,0.00000811,0.00000810,0.00000811,655308504.00,1672489619999,5313.58452400,37,558564160.00,4529.95533760,0
1672489620000,0.00000811,0.00000811,0.00000810,0.00000811,313089593.00,1672489679999,2537.26516697,15,123946367.00,1005.20503637,0
1672489680000,0.00000810,0.00000812,0.00000810,0.00000812,5569075180.00,1672489739999,45164.19818050,111,3620384223.00,29364.89617201,0
1672489740000,0.00000812,0.00000812,0.00000811,0.00000812,1145250819.00,1672489799999,9297.05728691,21,907314482.00,7367.39359384,0
1672489800000,0.00000812,0.00000812,0.00000811,0.00000811,258345455.00,1672489859999,2095.31805142,15,13641137.00,110.76603244,0
1672489860000,0.00000812,0.00000812,0.00000811,0.00000811,46795345.00,1672489919999,379.96320140,5,45295345.00,367.79820140,0
1672489920000,0.00000811,0.00000811,0.00000811,0.00000811,1238080573.00,1672489979999,10040.83344703,9,0.00,0.00000000,0
1672489980000,0.00000811,0.00000812,0.00000811,0.00000812,1131530947.00,1672490039999,9176.75011650,19,3413633.00,27.71869996,0
1672490040000,0.00000811,0.00000812,0.00000810,0.00000811,2275554301.00,1672490099999,18454.06883393,40,169326136.00,1373.58959785,0
1672490100000,0.00000811,0.00000811,0.00000810,0.00000811,219445169.00,1672490159999,1778.33080326,15,82493436.00,669.02176596,0
1672490160000,0.00000811,0.00000811,0.00000810,0.00000811,84503051.00,1672490219999,685.12403828,7,64932518.00,526.60272098,0
1672490220000,0.00000811,0.00000811,0.00000809,0.00000809,3100661435.00,1672490279999,25112.99071039,72,842758228.00,6827.19047061,0
1672490280000,0.00000810,0.00000810,0.00000809,0.00000809,649542588.00,1672490339999,5261.01172791,22,621219099.00,5031.87470190,0
1672490340000,0.00000809,0.00000810,0.00000808,0.00000809,2448754100.00,1672490399999,19808.51622248,60,31151811.00,252.28646356,0
1672490400000,0.00000809,0.00000810,0.00000808,0.00000809,2383140114.00,1672490459999,19276.23888181,36,2034726107.00,16461.00362226,0
1672490460000,0.00000809,0.00000810,0.00000809,0.00000809,97320986.00,1672490519999,788.16534808,10,83857134.00,679.24278540,0
1672490520000,0.00000809,0.00000810,0.00000809,0.00000809,625834521.00,1672490579999,5064.41134100,14,141006611.00,1142.15354910,0
1672490580000,0.00000810,0.00000810,0.00000809,0.00000809,282762927.00,1672490639999,2287.56542359,9,1334416.00,10.80876960,0
1672490640000,0.00000809,0.00000810,0.00000809,0.00000810,871186662.00,1672490699999,7048.37411214,27,47401656.00,383.95341360,0
1672490700000,0.00000809,0.00000809,0.00000809,0.00000809,18305190.00,1672490759999,148.08898710,2,0.00,0.00000000,0
1672490760000,0.00000810,0.00000810,0.00000809,0.00000809,124960253.00,1672490819999,1011.00766311,7,7921634.00,64.16523540,0
1672490820000,0.00000810,0.00000810,0.00000809,0.00000810,2503402610.00,1672490879999,20277.03486774,17,2450775284.00,19851.27980040,0
1672490880000,0.00000810,0.00000810,0.00000809,0.00000809,390321396.00,1672490939999,3159.00809671,6,130800307.00,1059.48248670,0
1672490940000,0.00000810,0.00000810,0.00000809,0.00000810,9239273.00,1672490999999,74.81277602,4,6705745.00,54.31653450,0
1672491000000,0.00000810,0.00000810,0.00000809,0.00000810,1290288204.00,1672491059999,10449.41321370,27,1098164334.00,8895.13110540,0
1672491060000,0.00000810,0.00000811,0.00000810,0.00000811,781987736.00,1672491119999,6335.51610919,32,753563227.00,6105.27758629,0
1672491120000,0.00000811,0.00000811,0.00000810,0.00000811,117181328.00,1672491179999,949.26144069,8,9268389.00,75.16663479,0
1672491180000,0.00000811,0.00000811,0.00000810,0.00000811,59604523.00,1672491239999,482.89268153,7,9604523.00,77.89268153,0
1672491240000,0.00000811,0.00000811,0.00000810,0.00000811,29528341.00,1672491299999,239.39806473,6,21850263.00,177.20563293,0
1672491300000,0.00000811,0.00000811,0.00000811,0.00000811,136967339.00,1672491359999,1110.80511929,8,136967339.00,1110.80511929,0
1672491360000,0.00000811,0.00000812,0.00000811,0.00000811,1677369205.00,1672491419999,13604.64952485,50,1164470588.00,9445.04174098,0
1672491420000,0.00000812,0.00000812,0.00000811,0.00000811,135053215.00,1672491479999,1096.60958679,11,132801314.00,1078.34666968,0
1672491480000,0.00000812,0.00000812,0.00000811,0.00000812,417885742.00,1672491539999,3393.20819598,11,415482836.00,3373.72062832,0
1672491540000,0.00000812,0.00000812,0.00000811,0.00000811,80725824.00,1672491599999,655.36312066,5,67668802.00,549.47067224,0
1672491600000,0.00000812,0.00000812,0.00000811,0.00000811,146015293.00,1672491659999,1184.88245232,10,69842609.00,567.12198508,0
1672491660000,0.00000812,0.00000812,0.00000811,0.00000811,132554735.00,1672491719999,1076.01037128,7,99147043.00,805.07398916,0
1672491720000,0.00000812,0.00000812,0.00000810,0.00000810,2150856632.00,1672491779999,17442.66378046,35,283422210.00,2298.86562857,0
1672491780000,0.00000810,0.00000812,0.00000810,0.00000811,2490331585.00,1672491839999,20198.08567917,28,2343047316.00,19004.96373276,0
1672491840000,0.00000811,0.00000812,0.00000811,0.00000811,147159509.00,1672491899999,1194.79297207,10,132935408.00,1079.43551296,0
1672491900000,0.00000811,0.00000812,0.00000811,0.00000811,77263090.00,1672491959999,627.06022133,10,45656143.00,370.72788116,0
1672491960000,0.00000812,0.00000812,0.00000811,0.00000811,60174625.00,1672492019999,488.07285935,7,5665060.00,46.00028720,0
1672492020000,0.00000811,0.00000812,0.00000811,0.00000812,26968569.00,1672492079999,218.89276722,7,17767263.00,144.27017556,0
1672492080000,0.00000811,0.00000812,0.00000811,0.00000812,83751224.00,1672492139999,679.40015350,8,17772686.00,144.31421032,0
1672492140000,0.00000812,0.00000812,0.00000811,0.00000811,244163345.00,1672492199999,1980.23938023,8,7465228.00,60.61765136,0
1672492200000,0.00000811,0.00000812,0.00000811,0.00000811,56672711.00,1672492259999,459.69612382,5,8043761.00,65.31533932,0
1672492260000,0.00000812,0.00000812,0.00000811,0.00000812,22022619.00,1672492319999,178.71154747,6,10810738.00,87.78319256,0
1672492320000,0.00000811,0.00000812,0.00000811,0.00000812,7161895.00,1672492379999,58.11402666,3,3105821.00,25.21926652,0
1672492380000,0.00000811,0.00000812,0.00000811,0.00000812,20834048.00,1672492439999,169.06508604,6,10095676.00,81.97688912,0
1672492440000,0.00000811,0.00000812,0.00000811,0.00000811,113937337.00,1672492499999,924.64435408,10,61255101.00,497.39142012,0
1672492500000,0.00000812,0.00000812,0.00000811,0.00000812,705254618.00,1672492559999,5726.55089682,22,693594484.00,5631.98721008,0
1672492560000,0.00000812,0.00000812,0.00000811,0.00000811,748692517.00,1672492619999,6079.09045092,31,719413805.00,5841.64009660,0
1672492620000,0.00000811,0.00000812,0.00000811,0.00000811,543092196.00,1672492679999,4409.10883045,10,463112089.00,3760.47016268,0
1672492680000,0.00000811,0.00000812,0.00000811,0.00000811,55233364.00,1672492739999,448.18893661,4,24635457.00,200.03991084,0
1672492740000,0.00000812,0.00000812,0.00000811,0.00000812,137922583.00,1672492799999,1119.35865160,8,80650347.00,654.88081764,0
1672492800000,0.00000812,0.00000812,0.00000811,0.00000811,314791654.00,1672492859999,2555.16043024,12,220011630.00,1786.49443560,0
1672492860000,0.00000811,0.00000812,0.00000811,0.00000812,491547572.00,1672492919999,3991.25817315,13,480736423.00,3903.57975476,0
1672492920000,0.00000812,0.00000813,0.00000811,0.00000812,1753972216.00,1672492979999,14245.13153600,46,1729234027.00,14044.29287036,0
1672492980000,0.00000813,0.00000813,0.00000812,0.00000813,251659936.00,1672493039999,2044.25360348,9,77492316.00,630.01252908,0
1672493040000,0.00000812,0.00000813,0.00000812,0.00000813,1315491894.00,1672493099999,10681.84252854,12,4834926.00,39.30794838,0
1672493100000,0.00000813,0.00000813,0.00000812,0.00000813,299586276.00,1672493159999,2435.58360741,14,294304629.00,2392.69663377,0
1672493160000,0.00000812,0.00000813,0.00000812,0.00000813,353934012.00,1672493219999,2874.32735714,13,38317970.00,311.52509610,0
1672493220000,0.00000812,0.00000813,0.00000812,0.00000812,301673140.00,1672493279999,2450.80615281,14,122025601.00,992.06813613,0
1672493280000,0.00000812,0.00000813,0.00000812,0.00000812,27503736.00,1672493339999,223.39439662,6,6406030.00,52.08102390,0
1672493340000,0.00000813,0.00000814,0.00000813,0.00000814,1206330268.00,1672493399999,9812.70372009,49,1167434023.00,9496.47724824,0
1672493400000,0.00000813,0.00000814,0.00000813,0.00000814,252936209.00,1672493459999,2058.25366333,14,188228416.00,1532.17930624,0
1672493460000,0.00000813,0.00000814,0.00000813,0.00000814,1044200293.00,1672493519999,8499.15795525,25,980957316.00,7984.99255224,0
1672493520000,0.00000814,0.00000814,0.00000813,0.00000814,35947462.00,1672493579999,292.57942154,5,32655548.00,265.81616072,0
1672493580000,0.00000814,0.00000815,0.00000814,0.00000814,7211504493.00,1672493639999,58755.32986693,109,5100683881.00,41554.23207762,0
1672493640000,0.00000814,0.00000816,0.00000813,0.00000814,5900440034.00,1672493699999,48057.06416820,95,2831542239.00,23075.84066873,0
1672493700000,0.00000813,0.00000814,0.00000812,0.00000813,3896345967.00,1672493759999,31677.24186036,61,254625834.00,2070.12509685,0
1672493760000,0.00000813,0.00000814,0.00000813,0.00000813,2785590506.00,1672493819999,22646.91009024,37,2255212980.00,18334.94080386,0
1672493820000,0.00000814,0.00000814,0.00000813,0.00000813,28170291.00,1672493879999,229.21327002,8,18880419.00,153.68661066,0
1672493880000,0.00000813,0.00000814,0.00000813,0.00000814,841337384.00,1672493939999,6848.28144715,6,820851523.00,6681.73139722,0
1672493940000,0.00000814,0.00000814,0.00000813,0.00000814,617144383.00,1672493999999,5020.97532081,16,359148702.00,2923.47043428,0
1672494000000,0.00000813,0.00000814,0.00000812,0.00000813,2703303086.00,1672494059999,21977.53519901,39,129409076.00,1053.08625633,0
1672494060000,0.00000813,0.00000814,0.00000812,0.00000814,1461077117.00,1672494119999,11878.44234198,34,1432632447.00,11647.47162158,0
1672494120000,0.00000814,0.00000814,0.00000813,0.00000814,459281015.00,1672494179999,3737.32339205,10,336874010.00,2742.15444140,0
1672494180000,0.00000814,0.00000814,0.00000813,0.00000814,433506578.00,1672494239999,3526.77950938,11,237103024.00,1930.01861536,0
1672494240000,0.00000814,0.00000814,0.00000813,0.00000814,261640344.00,1672494299999,2128.09238677,10,95639005.00,778.50150070,0
1672494300000,0.00000814,0.00000814,0.00000813,0.00000813,562689255.00,1672494359999,4575.14630592,13,48266277.00,392.88749478,0
1672494360000,0.00000813,0.00000814,0.00000813,0.00000814,297053504.00,1672494419999,2417.71006836,13,266508084.00,2169.37580376,0
1672494420000,0.00000814,0.00000815,0.00000814,0.00000815,2362103062.00,1672494479999,19231.86689429,46,2310095640.00,18808.52647921,0
1672494480000,0.00000815,0.00000815,0.00000814,0.00000815,58956467.00,1672494539999,480.27537369,7,36973231.00,301.33183265,0
1672494540000,0.00000815,0.00000815,0.00000814,0.00000815,91651264.00,1672494599999,746.90966062,12,86837166.00,707.72290290,0
1672494600000,0.00000814,0.00000815,0.00000814,0.00000814,279016493.00,1672494659999,2271.54550356,14,35125054.00,286.26919010,0
1672494660000,0.00000814,0.00000815,0.00000814,0.00000814,245013356.00,1672494719999,1994.51305561,8,10433777.00,85.03528255,0
1672494720000,0.00000815,0.00000815,0.00000814,0.00000814,17475795.00,1672494779999,142.28636776,5,3339646.00,27.21811490,0
1672494780000,0.00000814,0.00000815,0.00000814,0.00000814,48119129.00,1672494839999,391.73620536,7,4649530.00,37.89366950,0
1672494840000,0.00000814,0.00000815,0.00000814,0.00000814,229174090.00,1672494899999,1866.85162889,10,137453629.00,1120.24707635,0
1672494900000,0.00000815,0.00000815,0.00000814,0.00000815,202452935.00,1672494959999,1649.68734008,10,172044918.00,1402.16608170,0
1672494960000,0.00000814,0.00000815,0.00000814,0.00000815,97115956.00,1672495019999,790.99095936,11,46707752.00,380.66817880,0
1672495020000,0.00000814,0.00000815,0.00000814,0.00000815,1207049344.00,1672495079999,9831.37001590,33,598835574.00,4880.50992810,0
1672495080000,0.00000815,0.00000815,0.00000814,0.00000815,388176397.00,1672495139999,3161.65134111,17,189546953.00,1544.80766695,0
1672495140000,0.00000815,0.00000815,0.00000814,0.00000815,542102456.00,1672495199999,4418.04960240,9,533561056.00,4348.52260640,0
1672495200000,0.00000815,0.00000815,0.00000814,0.00000814,303757179.00,1672495259999,2473.65872997,12,107529291.00,876.36372165,0
1672495260000,0.00000815,0.00000815,0.00000814,0.00000814,1148375071.00,1672495319999,9351.55838121,23,378530327.00,3085.02216505,0
1672495320000,0.00000815,0.00000815,0.00000814,0.00000815,208141950.00,1672495379999,1695.12387345,11,84840045.00,691.44636675,0
1672495380000,0.00000815,0.00000815,0.00000813,0.00000814,1359522155.00,1672495439999,11065.79899288,31,473177848.00,3851.75633390,0
1672495440000,0.00000813,0.00000814,0.00000813,0.00000814,63428365.00,1672495499999,516.25705128,10,58444383.00,475.73727762,0
1672495500000,0.00000813,0.00000814,0.00000813,0.00000813,152790036.00,1672495559999,1242.60210220,7,41910952.00,341.15514928,0
1672495560000,0.00000813,0.00000814,0.00000813,0.00000814,324258744.00,1672495619999,2637.49927359,15,127568487.00,1038.40748418,0
1672495620000,0.00000813,0.00000814,0.00000813,0.00000814,22844904.00,1672495679999,185.93399812,4,20492860.00,166.81188040,0
1672495680000,0.00000814,0.00000814,0.00000813,0.00000813,64512459.00,1672495739999,524.51519525,9,2890358.00,23.52751412,0
1672495740000,0.00000813,0.00000815,0.00000813,0.00000814,2425644756.00,1672495799999,19747.68667808,46,2390020570.00,19458.00062084,0
1672495800000,0.00000814,0.00000815,0.00000814,0.00000814,158079466.00,1672495859999,1287.46332458,9,69647134.00,567.62414210,0
1672495860000,0.00000814,0.00000815,0.00000814,0.00000815,532443965.00,1672495919999,4337.22434595,24,313047085.00,2551.33374275,0
1672495920000,0.00000815,0.00000815,0.00000814,0.00000815,2701700172.00,1672495979999,22016.55525297,34,2471585289.00,20143.42010535,0
1672495980000,0.00000815,0.00000816,0.00000815,0.00000815,119543275.00,1672496039999,974.31984340,15,4215215.00,34.39615440,0
1672496040000,0.00000816,0.00000816,0.00000815,0.00000816,140604770.00,1672496099999,1146.06179841,6,13292291.00,108.46509456,0
1672496100000,0.00000815,0.00000816,0.00000815,0.00000816,67141410.00,1672496159999,547.26592592,11,6343442.00,51.76248672,0
1672496160000,0.00000816,0.00000816,0.00000815,0.00000816,124348130.00,1672496219999,1014.24368164,27,80642214.00,658.04046624,0
1672496220000,0.00000816,0.00000816,0.00000815,0.00000815,12429634669.00,1672496279999,101425.51094008,120,10639186530.00,86815.76208480,0
1672496280000,0.00000815,0.00000816,0.00000815,0.00000815,35074841.00,1672496339999,286.00145387,8,14149972.00,115.46377152,0
1672496340000,0.00000815,0.00000816,0.00000815,0.00000815,130108280.00,1672496399999,1060.63718388,9,25470188.00,207.83673408,0
1672496400000,0.00000815,0.00000816,0.00000815,0.00000815,1135293354.00,1672496459999,9256.47996864,14,383913354.00,3132.73296864,0
1672496460000,0.00000816,0.00000816,0.00000815,0.00000816,2341187969.00,1672496519999,19103.66967867,74,2127773132.00,17362.62875712,0
1672496520000,0.00000817,0.00000817,0.00000816,0.00000817,347461719.00,1672496579999,2837.18088223,43,189325519.00,1546.78949023,0
1672496580000,0.00000817,0.00000817,0.00000816,0.00000816,594990135.00,1672496639999,4858.10432363,17,298482203.00,2438.59959851,0
1672496640000,0.00000816,0.00000817,0.00000816,0.00000816,150247009.00,1672496699999,1226.44236028,17,42676684.00,348.66850828,0
1672496700000,0.00000817,0.00000817,0.00000816,0.00000817,209353597.00,1672496759999,1709.78593388,27,146058236.00,1193.29578812,0
1672496760000,0.00000816,0.00000817,0.00000816,0.00000817,2389306986.00,1672496819999,19516.72785026,46,1703382474.00,13916.63481258,0
1672496820000,0.00000818,0.00000818,0.00000817,0.00000818,858412241.00,1672496879999,7014.31953936,41,109153039.00,892.87185902,0
1672496880000,0.00000817,0.00000819,0.00000817,0.00000818,1226075652.00,1672496939999,10027.05209158,82,725907664.00,5938.41620634,0
1672496940000,0.00000819,0.00000819,0.00000817,0.00000817,2381989265.00,1672496999999,19482.14512078,41,111511012.00,912.17265447,0
1672497000000,0.00000817,0.00000818,0.00000817,0.00000817,205206256.00,1672497059999,1677.18673258,23,65162106.00,533.02602708,0
1672497060000,0.00000817,0.00000818,0.00000816,0.00000817,1951574696.00,1672497119999,15944.31827059,37,110304818.00,901.32381487,0
1672497120000,0.00000816,0.00000817,0.00000816,0.00000817,131221042.00,1672497179999,1071.16695504,9,40325232.00,329.45714544,0
1672497180000,0.00000817,0.00000817,0.00000816,0.00000816,245741834.00,1672497239999,2006.25914081,16,100577537.00,821.71847729,0
1672497240000,0.00000817,0.00000817,0.00000816,0.00000817,316962301.00,1672497299999,2588.20824083,16,179586467.00,1467.22143539,0
1672497300000,0.00000817,0.00000818,0.00000816,0.00000817,2115134224.00,1672497359999,17280.80312808,44,2013782355.00,16452.77722989,0
1672497360000,0.00000817,0.00000818,0.00000817,0.00000817,652915320.00,1672497419999,5334.51516214,14,19699774.00,161.14415132,0
1672497420000,0.00000818,0.00000818,0.00000817,0.00000817,504693995.00,1672497479999,4123.63803780,15,28809865.00,235.66469570,0
1672497480000,0.00000817,0.00000817,0.00000816,0.00000817,2308929161.00,1672497539999,18862.85749537,42,347012883.00,2835.09525411,0
1672497540000,0.00000817,0.00000817,0.00000816,0.00000817,682517732.00,1672497599999,5576.09274487,15,674805175.00,5513.15827975,0
1672497600000,0.00000816,0.00000817,0.00000816,0.00000817,249236211.00,1672497659999,2034.43664217,15,66916041.00,546.70405497,0
1672497660000,0.00000817,0.00000817,0.00000815,0.00000817,5293757533.00,1672497719999,43196.37494893,72,2288739827.00,18676.43169496,0
1672497720000,0.00000816,0.00000817,0.00000815,0.00000816,2001610940.00,1672497779999,16333.16344578,38,14418652.00,117.68937570,0
1672497780000,0.00000816,0.00000817,0.00000815,0.00000816,1839496574.00,1672497839999,15008.20277035,30,1596027637.00,13023.76219346,0
1672497840000,0.00000816,0.00000817,0.00000816,0.00000817,471186367.00,1672497899999,3845.68880904,9,80805432.00,660.18037944,0
1672497900000,0.00000817,0.00000817,0.00000816,0.00000816,35074270.00,1672497959999,286.27913973,7,7309653.00,59.71986501,0
1672497960000,0.00000816,0.00000816,0.00000814,0.00000815,2881746284.00,1672498019999,23496.82642792,67,418790508.00,3413.21144832,0
1672498020000,0.00000814,0.00000815,0.00000814,0.00000815,494167616.00,1672498079999,4027.11038201,15,458598777.00,3737.58003255,0
1672498080000,0.00000815,0.00000815,0.00000814,0.00000815,233071633.00,1672498139999,1897.76269480,20,55960218.00,456.07577670,0
1672498140000,0.00000814,0.00000815,0.00000814,0.00000815,160479528.00,1672498199999,1306.78313579,15,47977787.00,391.01896405,0
1672498200000,0.00000815,0.00000815,0.00000814,0.00000814,104465621.00,1672498259999,850.59336465,10,24320971.00,198.21591365,0
1672498260000,0.00000814,0.00000814,0.00000813,0.00000814,1360941410.00,1672498319999,11074.40118854,68,81483565.00,663.27621910,0
1672498320000,0.00000814,0.00000814,0.00000812,0.00000813,3465842307.00,1672498379999,28162.94421507,62,62131667.00,505.30769491,0
1672498380000,0.00000813,0.00000813,0.00000812,0.00000812,183327074.00,1672498439999,1490.35911860,10,174327772.00,1417.28478636,0
1672498440000,0.00000813,0.00000814,0.00000812,0.00000814,2253068542.00,1672498499999,18316.61923117,34,2162645839.00,17582.36485638,0
1672498500000,0.00000813,0.00000814,0.00000813,0.00000813,4459312340.00,1672498559999,36254.54664032,57,2704507320.00,21987.98182772,0
1672498560000,0.00000814,0.00000815,0.00000813,0.00000815,3607047149.00,1672498619999,29359.88547919,62,3449950369.00,28082.68865779,0
1672498620000,0.00000814,0.00000815,0.00000814,0.00000814,417419237.00,1672498679999,3400.35612509,9,256353591.00,2089.28176665,0
1672498680000,0.00000815,0.00000815,0.00000814,0.00000815,72563698.00,1672498739999,590.93853125,13,27002953.00,220.07406695,0
1672498740000,0.00000814,0.00000815,0.00000814,0.00000815,8556748522.00,1672498799999,69736.77669652,90,6493702184.00,52923.67279960,0
1672498800000,0.00000815,0.00000815,0.00000814,0.00000815,140252706.00,1672498859999,1142.53172452,9,87469768.00,712.87860920,0
1672498860000,0.00000815,0.00000815,0.00000814,0.00000815,578536397.00,1672498919999,4712.71784962,15,343157804.00,2796.73610260,0
1672498920000,0.00000814,0.00000815,0.00000814,0.00000814,102041603.00,1672498979999,831.05548142,10,43683300.00,356.01889500,0
1672498980000,0.00000815,0.00000815,0.00000814,0.00000815,27555614.00,1672499039999,224.48825410,8,18555614.00,151.22825410,0
1672499040000,0.00000815,0.00000815,0.00000814,0.00000815,383863970.00,1672499099999,3127.13351959,10,248080379.00,2021.85508885,0
1672499100000,0.00000815,0.00000816,0.00000814,0.00000814,2232973826.00,1672499159999,18198.18773469,45,1361447559.00,11096.21517623,0
1672499160000,0.00000814,0.00000815,0.00000814,0.00000814,555939369.00,1672499219999,4525.76175434,19,41529068.00,338.46190420,0
1672499220000,0.00000815,0.00000815,0.00000814,0.00000815,81277646.00,1672499279999,662.35138984,6,75135140.00,612.35139100,0
1672499280000,0.00000815,0.00000815,0.00000814,0.00000815,818153143.00,1672499339999,6660.52611933,13,75953531.00,619.02127765,0
1672499340000,0.00000815,0.00000815,0.00000814,0.00000815,103620067.00,1672499399999,844.43222459,6,96487921.00,786.37655615,0
1672499400000,0.00000814,0.00000816,0.00000814,0.00000815,3492923413.00,1672499459999,28466.83588710,41,1790198986.00,14590.13403411,0
1672499460000,0.00000815,0.00000815,0.00000814,0.00000814,783914964.00,1672499519999,6381.45165213,17,38384517.00,312.83381355,0
1672499520000,0.00000815,0.00000815,0.00000814,0.00000815,440385983.00,1672499579999,3588.33673536,16,359483374.00,2929.78949810,0
1672499580000,0.00000814,0.00000815,0.00000814,0.00000814,159748340.00,1672499639999,1300.38145323,9,2996563.00,24.42198845,0
1672499640000,0.00000814,0.00000815,0.00000814,0.00000814,121619265.00,1672499699999,989.99651516,8,1569806.00,12.79391890,0
1672499700000,0.00000814,0.00000815,0.00000814,0.00000815,172569711.00,1672499759999,1404.85242539,9,13497785.00,110.00694775,0
1672499760000,0.00000815,0.00000815,0.00000814,0.00000814,227976293.00,1672499819999,1856.85206036,11,112503534.00,916.90380210,0
1672499820000,0.00000814,0.00000815,0.00000814,0.00000814,369250897.00,1672499879999,3005.92578496,19,22348338.00,182.13895470,0
1672499880000,0.00000815,0.00000815,0.00000814,0.00000814,266122366.00,1672499939999,2167.87269574,12,163663650.00,1333.85874750,0
1672499940000,0.00000815,0.00000816,0.00000815,0.00000815,4095216847.00,1672499999999,33392.04041248,50,4075855852.00,33234.24830323,0
1672500000000,0.00000815,0.00000816,0.00000815,0.00000816,137404797.00,1672500059999,1120.16834303,5,31924748.00,260.50594368,0
1672500060000,0.00000815,0.00000816,0.00000815,0.00000816,72874940.00,1672500119999,594.50447950,6,57371850.00,468.15429600,0
1672500120000,0.00000815,0.00000816,0.00000815,0.00000816,571724226.00,1672500179999,4665.11636727,14,556392537.00,4540.16310192,0
1672500180000,0.00000815,0.00000816,0.00000815,0.00000816,72784630.00,1672500239999,593.84632011,10,65158561.00,531.69385776,0
1672500240000,0.00000816,0.00000816,0.00000816,0.00000816,14289372.00,1672500299999,116.60127552,2,14289372.00,116.60127552,0
1672500300000,0.00000815,0.00000816,0.00000815,0.00000816,109146734.00,1672500359999,890.19810918,10,65222708.00,532.21729728,0
1672500360000,0.00000816,0.00000816,0.00000816,0.00000816,351657606.00,1672500419999,2869.52606496,7,351657606.00,2869.52606496,0
1672500420000,0.00000816,0.00000816,0.00000814,0.00000815,1646157621.00,1672500479999,13415.75125104,30,427885121.00,3487.68386483,0
1672500480000,0.00000815,0.00000815,0.00000814,0.00000815,1148376974.00,1672500539999,9356.78094541,34,899237705.00,7328.78729575,0
1672500540000,0.00000815,0.00000815,0.00000814,0.00000815,685058118.00,1672500599999,5583.11426492,20,674118440.00,5494.06528600,0
1672500600000,0.00000815,0.00000816,0.00000815,0.00000816,550295292.00,1672500659999,4487.91200201,24,548417992.00,4472.61200701,0
1672500660000,0.00000815,0.00000816,0.00000815,0.00000815,1962024587.00,1672500719999,15991.76508020,20,126469615.00,1031.99205840,0
1672500720000,0.00000816,0.00000816,0.00000815,0.00000815,11044049.00,1672500779999,90.04572160,4,3672225.00,29.96535600,0
1672500780000,0.00000815,0.00000816,0.00000815,0.00000815,605925974.00,1672500839999,4938.35309169,12,5640359.00,46.02532944,0
1672500840000,0.00000815,0.00000816,0.00000815,0.00000816,136360480.00,1672500899999,1111.90527205,11,56736005.00,462.96580080,0
1672500900000,0.00000815,0.00000816,0.00000815,0.00000815,255585922.00,1672500959999,2085.29904563,14,227378133.00,1855.40556528,0
1672500960000,0.00000816,0.00000816,0.00000815,0.00000816,364491144.00,1672501019999,2973.85930229,9,325647869.00,2657.28661104,0
1672501020000,0.00000815,0.00000816,0.00000815,0.00000815,769922549.00,1672501079999,6277.80026445,21,293149010.00,2392.09592160,0
1672501080000,0.00000816,0.00000816,0.00000815,0.00000816,340739408.00,1672501139999,2780.26269795,11,323652275.00,2641.00256400,0
1672501140000,0.00000816,0.00000816,0.00000815,0.00000816,286013936.00,1672501199999,2333.81021527,12,279663687.00,2282.05568592,0
1672501200000,0.00000816,0.00000816,0.00000816,0.00000816,297884870.00,1672501259999,2430.74053920,11,297884870.00,2430.74053920,0
1672501260000,0.00000815,0.00000816,0.00000815,0.00000816,85725933.00,1672501319999,699.24505795,8,57870400.00,472.22246400,0
1672501320000,0.00000815,0.00000816,0.00000815,0.00000816,363954833.00,1672501379999,2967.50066592,4,126877697.00,1035.32200752,0
1672501380000,0.00000816,0.00000816,0.00000815,0.00000816,12915866.00,1672501439999,105.36992427,4,10561637.00,86.18295792,0
1672501440000,0.00000816,0.00000816,0.00000815,0.00000815,163207556.00,1672501499999,1330.27681313,8,13523173.00,110.34909168,0
1672501500000,0.00000815,0.00000816,0.00000815,0.00000815,603189080.00,1672501559999,4921.35219940,11,536119740.00,4374.73707840,0
1672501560000,0.00000816,0.00000816,0.00000815,0.00000815,248008577.00,1672501619999,2021.79073133,7,52082878.00,424.99628448,0
1672501620000,0.00000815,0.00000816,0.00000815,0.00000815,437802161.00,1672501679999,3571.66315016,8,357553801.00,2917.63901616,0
1672501680000,0.00000816,0.00000816,0.00000815,0.00000816,177766693.00,1672501739999,1450.56163109,11,176308314.00,1438.67584224,0
1672501740000,0.00000815,0.00000816,0.00000815,0.00000816,461150106.00,1672501799999,3758.49490725,13,12154335.00,99.17937360,0
1672501800000,0.00000816,0.00000816,0.00000815,0.00000816,62988780.00,1672501859999,513.79222555,7,43366855.00,353.87353680,0
1672501860000,0.00000815,0.00000816,0.00000815,0.00000816,169327119.00,1672501919999,1380.20266904,15,18664919.00,152.30573904,0
1672501920000,0.00000816,0.00000816,0.00000815,0.00000815,40619635.00,1672501979999,331.30031197,12,25028672.00,204.23396352,0
1672501980000,0.00000815,0.00000816,0.00000815,0.00000816,414466891.00,1672502039999,3378.33753761,13,43237596.00,352.81878336,0
1672502040000,0.00000816,0.00000816,0.00000815,0.00000815,238808073.00,1672502099999,1948.50597593,9,222018098.00,1811.66767968,0
1672502100000,0.00000815,0.00000815,0.00000815,0.00000815,49079754.00,1672502159999,399.99999510,1,0.00,0.00000000,0
1672502160000,0.00000816,0.00000816,0.00000814,0.00000815,1909910826.00,1672502219999,15563.32022134,33,85005730.00,693.14368894,0
1672502220000,0.00000815,0.00000815,0.00000814,0.00000815,296840473.00,1672502279999,2418.10474234,15,182329212.00,1485.98307780,0
1672502280000,0.00000814,0.00000815,0.00000814,0.00000815,52297379.00,1672502339999,426.20122774,8,50056268.00,407.95858420,0
1672502340000,0.00000815,0.00000815,0.00000814,0.00000814,1569624900.00,1672502399999,12782.63916982,30,589248382.00,4802.37431330,0
1672502400000,0.00000814,0.00000816,0.00000814,0.00000816,972160870.00,1672502459999,7924.22004266,34,908453197.00,7405.18657182,0
1672502460000,0.00000815,0.00000816,0.00000815,0.00000815,290446636.00,1672502519999,2367.94062737,11,80054397.00,653.24387952,0
1672502520000,0.00000815,0.00000816,0.00000815,0.00000815,161262125.00,1672502579999,1315.85875774,5,157243899.00,1283.11021584,0
1672502580000,0.00000815,0.00000816,0.00000815,0.00000815,194499374.00,1672502639999,1585.29272563,10,12282753.00,100.22726448,0
1672502640000,0.00000815,0.00000816,0.00000815,0.00000816,23392102.00,1672502699999,190.73453759,8,8890629.00,72.54753264,0
1672502700000,0.00000815,0.00000816,0.00000815,0.00000815,352207153.00,1672502759999,2873.15767054,11,266937359.00,2178.20884944,0
1672502760000,0.00000816,0.00000816,0.00000815,0.00000815,97944396.00,1672502819999,798.37050980,9,12368240.00,100.92483840,0
1672502820000,0.00000816,0.00000816,0.00000815,0.00000816,55702968.00,1672502879999,454.39648208,7,41729288.00,340.51099008,0
1672502880000,0.00000815,0.00000816,0.00000815,0.00000816,461876869.00,1672502939999,3768.02259475,8,372611240.00,3040.50771840,0
1672502940000,0.00000815,0.00000816,0.00000815,0.00000815,88871665.00,1672502999999,724.35186386,5,4779411.00,38.99999376,0
1672503000000,0.00000815,0.00000816,0.00000815,0.00000816,110726854.00,1672503059999,902.71908618,4,29522608.00,240.90448128,0
1672503060000,0.00000816,0.00000817,0.00000815,0.00000815,5757028657.00,1672503119999,46973.37314365,82,2986116622.00,24366.74890805,0
1672503120000,0.00000815,0.00000816,0.00000815,0.00000816,144961225.00,1672503179999,1181.86925572,8,43527197.00,355.18192752,0
1672503180000,0.00000815,0.00000816,0.00000815,0.00000815,124439381.00,1672503239999,1014.52233712,13,34138197.00,278.56768752,0
1672503240000,0.00000816,0.00000816,0.00000815,0.00000815,139614500.00,1672503299999,1139.03678717,13,117861217.00,961.74753072,0
1672503300000,0.00000816,0.00000816,0.00000815,0.00000815,127180605.00,1672503359999,1037.00087653,8,47894578.00,390.81975648,0
1672503360000,0.00000815,0.00000816,0.00000815,0.00000815,82867729.00,1672503419999,675.48218235,7,11019100.00,89.91585600,0
1672503420000,0.00000816,0.00000816,0.00000814,0.00000814,1639959396.00,1672503479999,13365.35927347,30,49019607.00,399.99999312,0
1672503480000,0.00000815,0.00000815,0.00000815,0.00000815,385816480.00,1672503539999,3144.40431200,9,385816480.00,3144.40431200,0
1672503540000,0.00000815,0.00000816,0.00000815,0.00000816,1425844435.00,1672503599999,11621.83005848,22,1416139045.00,11542.73112998,0
1672503600000,0.00000816,0.00000816,0.00000815,0.00000815,13773042.00,1672503659999,112.27032875,4,2003645.00,16.34974320,0
1672503660000,0.00000815,0.00000816,0.00000815,0.00000816,51816724.00,1672503719999,422.40463378,12,9833318.00,80.23987488,0
1672503720000,0.00000816,0.00000816,0.00000815,0.00000816,150415135.00,1672503779999,1227.37400467,15,149065442.00,1216.37400672,0
1672503780000,0.00000815,0.00000815,0.00000815,0.00000815,130926378.00,1672503839999,1067.04998070,5,0.00,0.00000000,0
1672503840000,0.00000815,0.00000816,0.00000815,0.00000815,237627664.00,1672503899999,1937.21152488,16,54606328.00,445.58763648,0
1672503900000,0.00000815,0.00000815,0.00000815,0.00000815,57135681.00,1672503959999,465.65580015,5,0.00,0.00000000,0
1672503960000,0.00000815,0.00000816,0.00000815,0.00000815,53719826.00,1672504019999,437.84886582,6,3228392.00,26.34367872,0
1672504020000,0.00000815,0.00000816,0.00000815,0.00000815,93060238.00,1672504079999,758.49518199,7,5424229.00,44.26170864,0
1672504080000,0.00000816,0.00000816,0.00000815,0.00000815,41846960.00,1672504139999,341.12579484,6,7307084.00,59.62580544,0
1672504140000,0.00000816,0.00000816,0.00000815,0.00000816,103872499.00,1672504199999,847.05127411,9,49040726.00,400.17232416,0
1672504200000,0.00000815,0.00000816,0.00000815,0.00000816,28699920.00,1672504259999,234.11420881,6,20986081.00,171.24642096,0
1672504260000,0.00000816,0.00000816,0.00000815,0.00000815,26417969.00,1672504319999,215.47062704,5,16417969.00,133.97062704,0
1672504320000,0.00000815,0.00000816,0.00000815,0.00000816,25665316.00,1672504379999,209.28760218,3,11527678.00,94.06585248,0
1672504380000,0.00000816,0.00000816,0.00000815,0.00000816,137608239.00,1672504439999,1122.36052756,17,85337971.00,696.35784336,0
1672504440000,0.00000816,0.00000816,0.00000815,0.00000815,103098449.00,1672504499999,840.60225774,13,34989839.00,285.51708624,0
1672504500000,0.00000815,0.00000816,0.00000815,0.00000815,93277702.00,1672504559999,760.24600130,6,3273000.00,26.70768000,0
1672504560000,0.00000815,0.00000816,0.00000815,0.00000816,208527957.00,1672504619999,1701.29806945,10,179521990.00,1464.89943840,0
1672504620000,0.00000815,0.00000816,0.00000815,0.00000815,249704654.00,1672504679999,2036.06469601,14,97176591.00,792.96098256,0
1672504680000,0.00000815,0.00000816,0.00000815,0.00000815,2349050407.00,1672504739999,19144.83060873,43,166955558.00,1360.75758938,0
1672504740000,0.00000815,0.00000815,0.00000814,0.00000815,63786049.00,1672504799999,519.43194932,8,21351046.00,174.01102490,0
1672504800000,0.00000815,0.00000815,0.00000814,0.00000815,414516475.00,1672504859999,3374.93709291,13,77298641.00,629.98392415,0
1672504860000,0.00000815,0.00000815,0.00000814,0.00000814,33290613.00,1672504919999,271.04112583,3,5553601.00,45.26184815,0
1672504920000,0.00000814,0.00000815,0.00000814,0.00000815,36198024.00,1672504979999,294.74040263,6,8848727.00,72.11712505,0
1672504980000,0.00000815,0.00000815,0.00000814,0.00000815,313598648.00,1672505039999,2555.78755401,12,309455929.00,2522.06582135,0
1672505040000,0.00000814,0.00000815,0.00000814,0.00000815,83217733.00,1672505099999,677.52071501,9,12836839.00,104.62023785,0
1672505100000,0.00000815,0.00000815,0.00000814,0.00000814,90766108.00,1672505159999,739.31354916,8,47743004.00,389.10548260,0
1672505160000,0.00000814,0.00000815,0.00000814,0.00000814,28751867.00,1672505219999,234.10870014,8,6850276.00,55.82974940,0
1672505220000,0.00000815,0.00000815,0.00000814,0.00000814,42396902.00,1672505279999,345.39129759,4,28051531.00,228.61997765,0
1672505280000,0.00000815,0.00000815,0.00000814,0.00000815,26058061.00,1672505339999,212.26549009,5,15287355.00,124.59194325,0
1672505340000,0.00000815,0.00000815,0.00000814,0.00000814,67507131.00,1672505399999,549.87335846,8,36531212.00,297.72937780,0
1672505400000,0.00000815,0.00000815,0.00000814,0.00000814,100311702.00,1672505459999,816.60775928,7,7050500.00,57.46157500,0
1672505460000,0.00000815,0.00000815,0.00000814,0.00000814,69978252.00,1672505519999,569.69120460,15,6823332.00,55.61015580,0
1672505520000,0.00000815,0.00000815,0.00000814,0.00000815,13133624.00,1672505579999,107.01444793,3,10674857.00,87.00008455,0
1672505580000,0.00000815,0.00000816,0.00000814,0.00000816,2227005043.00,1672505639999,18150.07403357,36,1263185995.00,10294.98698081,0
1672505640000,0.00000816,0.00000816,0.00000815,0.00000816,161729285.00,1672505699999,1318.73222533,8,63855258.00,521.05890528,0
1672505700000,0.00000815,0.00000816,0.00000815,0.00000815,363005872.00,1672505759999,2958.95797836,20,46012156.00,375.45919296,0
1672505760000,0.00000815,0.00000816,0.00000815,0.00000816,20228316.00,1672505819999,165.01029783,3,14952243.00,122.01030288,0
1672505820000,0.00000816,0.00000816,0.00000815,0.00000815,16891563.00,1672505879999,137.81995912,7,15372067.00,125.43606672,0
1672505880000,0.00000815,0.00000815,0.00000815,0.00000815,94226840.00,1672505939999,767.94874600,6,0.00,0.00000000,0
1672505940000,0.00000816,0.00000816,0.00000815,0.00000815,347045890.00,1672505999999,2831.46784803,11,304384453.00,2483.77713648,0
1672506000000,0.00000815,0.00000816,0.00000815,0.00000816,58956508.00,1672506059999,480.77892961,17,28338941.00,231.24575856,0
1672506060000,0.00000815,0.00000816,0.00000815,0.00000816,286462484.00,1672506119999,2337.51945911,9,285021451.00,2325.77504016,0
1672506120000,0.00000816,0.00000816,0.00000815,0.00000815,64528601.00,1672506179999,526.49706942,8,58897127.00,480.60055632,0
1672506180000,0.00000815,0.00000816,0.00000815,0.00000815,315863284.00,1672506239999,2574.38974369,8,10397909.00,84.84693744,0
1672506240000,0.00000815,0.00000816,0.00000815,0.00000815,25696592.00,1672506299999,209.63935137,3,21212657.00,173.09528112,0
1672506300000,0.00000815,0.00000816,0.00000815,0.00000816,144184591.00,1672506359999,1175.26145532,5,15703867.00,128.14355472,0
1672506360000,0.00000815,0.00000816,0.00000815,0.00000815,145805056.00,1672506419999,1189.00041355,8,68920715.00,562.39303440,0
1672506420000,0.00000816,0.00000816,0.00000815,0.00000815,10982222.00,1672506479999,89.60244402,4,9733472.00,79.42513152,0
1672506480000,0.00000816,0.00000816,0.00000816,0.00000816,736194559.00,1672506539999,6007.34760144,11,736194559.00,6007.34760144,0
1672506540000,0.00000815,0.00000816,0.00000815,0.00000815,234395569.00,1672506599999,1912.29106179,11,196717444.00,1605.21434304,0
1672506600000,0.00000815,0.00000816,0.00000815,0.00000815,131132071.00,1672506659999,1068.97470024,6,24832159.00,202.63041744,0
1672506660000,0.00000816,0.00000816,0.00000814,0.00000814,1166787157.00,1672506719999,9508.69562142,38,81075102.00,661.37408334,0
1672506720000,0.00000814,0.00000815,0.00000814,0.00000814,4821215285.00,1672506779999,39245.36705974,63,3352201013.00,27287.59088566,0
1672506780000,0.00000814,0.00000814,0.00000814,0.00000814,26801094.00,1672506839999,218.16090516,4,0.00,0.00000000,0
1672506840000,0.00000815,0.00000815,0.00000813,0.00000814,2483672232.00,1672506899999,20218.03240499,45,552482384.00,4502.54832323,0
1672506900000,0.00000813,0.00000814,0.00000813,0.00000813,585548755.00,1672506959999,4760.76890042,18,25752227.00,209.62312778,0
1672506960000,0.00000813,0.00000814,0.00000813,0.00000813,5453462003.00,1672507019999,44336.85430779,63,2755281259.00,22400.64485907,0
1672507020000,0.00000813,0.00000814,0.00000813,0.00000814,205302379.00,1672507079999,1669.13045430,12,2211303.00,18.00000642,0
1672507080000,0.00000814,0.00000814,0.00000812,0.00000812,5941732025.00,1672507139999,48336.03564985,76,1882989154.00,15324.08374345,0
1672507140000,0.00000813,0.00000813,0.00000812,0.00000813,218255317.00,1672507199999,1773.16376070,8,93058666.00,756.56695458,0
1672507200000,0.00000813,0.00000813,0.00000811,0.00000812,7200135440.00,1672507259999,58460.23600823,93,4501907385.00,36555.70500467,0
1672507260000,0.00000812,0.00000813,0.00000811,0.00000811,1361160188.00,1672507319999,11048.91085898,40,86208494.00,700.37829866,0
1672507320000,0.00000811,0.00000812,0.00000811,0.00000811,193748653.00,1672507379999,1571.31389110,11,1231527.00,9.99999924,0
1672507380000,0.00000812,0.00000812,0.00000811,0.00000811,1562283350.00,1672507439999,12680.76991045,47,1065194195.00,8649.37686340,0
1672507440000,0.00000811,0.00000812,0.00000811,0.00000812,432748065.00,1672507499999,3509.79574440,14,20893725.00,169.65704700,0
1672507500000,0.00000811,0.00000812,0.00000811,0.00000812,151364260.00,1672507559999,1227.68234214,8,11819354.00,95.97315448,0
1672507560000,0.00000811,0.00000811,0.00000811,0.00000811,143920703.00,1672507619999,1167.19690133,3,0.00,0.00000000,0
1672507620000,0.00000811,0.00000812,0.00000811,0.00000812,131307078.00,1672507679999,1064.97306266,9,7266008.00,58.99998496,0
1672507680000,0.00000812,0.00000812,0.00000811,0.00000812,827369035.00,1672507739999,6715.47659688,19,551372303.00,4477.14310036,0
1672507740000,0.00000811,0.00000812,0.00000811,0.00000812,185855627.00,1672507799999,1508.65897096,11,136983599.00,1112.30682388,0
1672507800000,0.00000812,0.00000812,0.00000811,0.00000811,273834646.00,1672507859999,2222.38183267,16,158285361.00,1285.27713132,0
1672507860000,0.00000811,0.00000812,0.00000811,0.00000812,71376495.00,1672507919999,579.25940141,11,39602696.00,321.57389152,0
1672507920000,0.00000811,0.00000812,0.00000811,0.00000811,259998616.00,1672507979999,2108.69711077,11,10833501.00,87.96802812,0
1672507980000,0.00000811,0.00000812,0.00000811,0.00000812,133112492.00,1672508039999,1079.72359920,7,18128908.00,147.20673296,0
1672508040000,0.00000812,0.00000812,0.00000811,0.00000812,634499749.00,1672508099999,5152.09973747,9,630677308.00,5121.09974096,0
1672508100000,0.00000811,0.00000812,0.00000811,0.00000812,2742169399.00,1672508159999,22265.15334681,22,2615952092.00,21241.53098704,0
1672508160000,0.00000812,0.00000812,0.00000811,0.00000811,43173207.00,1672508219999,350.53729382,7,40258505.00,326.89906060,0
1672508220000,0.00000811,0.00000812,0.00000811,0.00000812,430888581.00,1672508279999,3494.72673287,14,22034096.00,178.91685952,0
1672508280000,0.00000811,0.00000811,0.00000811,0.00000811,103559911.00,1672508339999,839.87087821,6,0.00,0.00000000,0
1672508340000,0.00000811,0.00000812,0.00000811,0.00000811,329160839.00,1672508399999,2672.60240220,17,310799791.00,2523.69430292,0
1672508400000,0.00000811,0.00000812,0.00000811,0.00000812,318274973.00,1672508459999,2584.22535863,12,301532760.00,2448.44601120,0
1672508460000,0.00000812,0.00000812,0.00000811,0.00000811,41378577.00,1672508519999,335.97445399,5,39419452.00,320.08595024,0
1672508520000,0.00000812,0.00000812,0.00000811,0.00000811,62223482.00,1672508579999,504.74494899,6,11250997.00,91.35809564,0
1672508580000,0.00000811,0.00000812,0.00000811,0.00000811,87054878.00,1672508639999,706.06432166,5,4926108.00,39.99999696,0
1672508640000,0.00000811,0.00000812,0.00000811,0.00000812,4813845.00,1672508699999,39.06887898,2,2859603.00,23.21997636,0
1672508700000,0.00000812,0.00000812,0.00000811,0.00000812,41038419.00,1672508759999,333.16196228,4,34038419.00,276.39196228,0
1672508760000,0.00000812,0.00000812,0.00000812,0.00000812,30911330.00,1672508819999,250.99999960,2,30911330.00,250.99999960,0
1672508820000,0.00000811,0.00000812,0.00000811,0.00000812,535043807.00,1672508879999,4339.30635173,19,10107696.00,82.07449152,0
1672508880000,0.00000811,0.00000812,0.00000811,0.00000812,127177468.00,1672508939999,1031.54430246,5,13503698.00,109.65002776,0
1672508940000,0.00000812,0.00000812,0.00000811,0.00000812,399845352.00,1672508999999,3243.07627262,19,33046790.00,268.33993480,0
1672509000000,0.00000811,0.00000812,0.00000811,0.00000811,473945103.00,1672509059999,3847.53168667,8,383690134.00,3115.56388808,0
1672509060000,0.00000812,0.00000812,0.00000811,0.00000812,632693902.00,1672509119999,5137.26460969,16,611706447.00,4967.05634964,0
1672509120000,0.00000812,0.00000812,0.00000811,0.00000812,86500582.00,1672509179999,702.09704480,8,57732478.00,468.78772136,0
1672509180000,0.00000811,0.00000812,0.00000811,0.00000812,281731923.00,1672509239999,2284.87416394,13,2826841.00,22.95394892,0
1672509240000,0.00000812,0.00000812,0.00000811,0.00000812,751126912.00,1672509299999,6096.27393413,16,463467781.00,3763.35838172,0
1672509300000,0.00000812,0.00000812,0.00000811,0.00000811,153886466.00,1672509359999,1249.51117809,13,149193883.00,1211.45432996,0
1672509360000,0.00000812,0.00000812,0.00000811,0.00000812,133934444.00,1672509419999,1087.51863335,4,131029251.00,1063.95751812,0
1672509420000,0.00000811,0.00000812,0.00000811,0.00000812,99058983.00,1672509479999,804.27809422,16,90974209.00,738.71057708,0
1672509480000,0.00000812,0.00000812,0.00000812,0.00000812,58691702.00,1672509539999,476.57662024,6,58691702.00,476.57662024,0
1672509540000,0.00000812,0.00000812,0.00000811,0.00000811,188879414.00,1672509599999,1533.40901254,14,159696500.00,1296.73558000,0
1672509600000,0.00000812,0.00000813,0.00000812,0.00000813,2071588060.00,1672509659999,16824.87686188,45,2051612017.00,16662.67139272,0
1672509660000,0.00000812,0.00000813,0.00000812,0.00000813,73258152.00,1672509719999,595.48353080,4,62733656.00,510.02462328,0
1672509720000,0.00000812,0.00000813,0.00000812,0.00000813,41781839.00,1672509779999,339.31535422,4,4682154.00,38.06591202,0
1672509780000,0.00000813,0.00000813,0.00000813,0.00000813,2118517.00,1672509839999,17.22354321,1,2118517.00,17.22354321,0
1672509840000,0.00000813,0.00000813,0.00000812,0.00000813,49115164.00,1672509899999,398.93217329,6,11704161.00,95.15482893,0
1672509900000,0.00000812,0.00000813,0.00000812,0.00000812,183344560.00,1672509959999,1490.15343379,7,139560659.00,1134.62815767,0
1672509960000,0.00000812,0.00000813,0.00000812,0.00000812,164143106.00,1672510019999,1333.03465626,6,19263554.00,156.61269402,0
1672510020000,0.00000813,0.00000813,0.00000812,0.00000813,966961465.00,1672510079999,7852.17673749,28,44964169.00,365.55869397,0
1672510080000,0.00000812,0.00000813,0.00000812,0.00000812,49831892.00,1672510139999,404.93157751,7,29661447.00,241.14756411,0
1672510140000,0.00000812,0.00000813,0.00000812,0.00000812,18423920.00,1672510199999,149.70367074,7,10144034.00,82.47099642,0
1672510200000,0.00000812,0.00000813,0.00000812,0.00000812,140997099.00,1672510259999,1145.50971062,13,61326674.00,498.58585962,0
1672510260000,0.00000812,0.00000813,0.00000812,0.00000812,26418823.00,1672510319999,214.54641431,6,2557155.00,20.78967015,0
1672510320000,0.00000812,0.00000813,0.00000812,0.00000813,692512057.00,1672510379999,5627.72113194,34,452322910.00,3677.38525830,0
1672510380000,0.00000812,0.00000813,0.00000812,0.00000812,166476689.00,1672510439999,1352.01313411,8,22241943.00,180.82699659,0
1672510440000,0.00000812,0.00000813,0.00000812,0.00000812,31823466.00,1672510499999,258.58749053,7,18094661.00,147.10959393,0
1672510500000,0.00000813,0.00000813,0.00000812,0.00000813,28824500.00,1672510559999,234.11394554,5,5900554.00,47.97150402,0
1672510560000,0.00000812,0.00000813,0.00000812,0.00000812,64708095.00,1672510619999,525.50132176,8,7159036.00,58.20296268,0
1672510620000,0.00000813,0.00000813,0.00000812,0.00000812,54745162.00,1672510679999,444.75877735,7,22806191.00,185.41433283,0
1672510680000,0.00000813,0.00000813,0.00000813,0.00000813,23536712.00,1672510739999,191.35346856,6,23536712.00,191.35346856,0
1672510740000,0.00000813,0.00000813,0.00000812,0.00000813,286873356.00,1672510799999,2329.50676644,17,9511572.00,77.32908036,0
1672510800000,0.00000813,0.00000813,0.00000812,0.00000812,63006355.00,1672510859999,511.87113519,6,25953259.00,210.99999567,0
1672510860000,0.00000812,0.00000813,0.00000812,0.00000812,135867703.00,1672510919999,1103.87280531,7,62705695.00,509.79730035,0
1672510920000,0.00000813,0.00000813,0.00000812,0.00000813,297711769.00,1672510979999,2420.27446408,5,285489980.00,2321.03353740,0
1672510980000,0.00000812,0.00000812,0.00000812,0.00000812,424973832.00,1672511039999,3450.78751584,3,0.00,0.00000000,0
1672511040000,0.00000812,0.00000813,0.00000812,0.00000813,301923636.00,1672511099999,2451.73647671,12,11655239.00,94.75709307,0
1672511100000,0.00000812,0.00000813,0.00000812,0.00000813,640057149.00,1672511159999,5198.49011706,24,122606718.00,996.79261734,0
1672511160000,0.00000813,0.00000813,0.00000812,0.00000813,34385944.00,1672511219999,279.34126526,7,12739998.00,103.57618374,0
1672511220000,0.00000813,0.00000813,0.00000812,0.00000812,557207753.00,1672511279999,4524.71307486,16,18612050.00,151.31596650,0
1672511280000,0.00000812,0.00000813,0.00000812,0.00000813,68074960.00,1672511339999,553.03981837,9,27114317.00,220.43939721,0
1672511340000,0.00000812,0.00000812,0.00000812,0.00000812,426454029.00,1672511399999,3462.80671548,13,0.00,0.00000000,0
1672511400000,0.00000812,0.00000813,0.00000812,0.00000812,40113373.00,1672511459999,325.73652822,3,1593946.00,12.95878098,0
1672511460000,0.00000812,0.00000813,0.00000812,0.00000813,483795901.00,1672511519999,3928.94005268,11,51733656.00,420.59462328,0
1672511520000,0.00000813,0.00000813,0.00000812,0.00000813,87712826.00,1672511579999,712.42606313,7,19791601.00,160.90571613,0
1672511580000,0.00000812,0.00000813,0.00000812,0.00000812,658770552.00,1672511639999,5349.57817472,20,36129248.00,293.73078624,0
1672511640000,0.00000813,0.00000813,0.00000812,0.00000813,619888552.00,1672511699999,5033.56899870,9,7395646.00,60.12660198,0
1672511700000,0.00000813,0.00000813,0.00000812,0.00000813,738855292.00,1672511759999,5999.91715697,11,41218593.00,335.10716109,0
1672511760000,0.00000813,0.00000813,0.00000812,0.00000813,410442315.00,1672511819999,3336.77127050,18,397967270.00,3235.47390510,0
1672511820000,0.00000812,0.00000813,0.00000812,0.00000812,517153819.00,1672511879999,4199.32245207,15,3344179.00,27.18817527,0
1672511880000,0.00000812,0.00000813,0.00000812,0.00000813,143473879.00,1672511939999,1165.29450053,15,28660305.00,233.00827965,0
1672511940000,0.00000812,0.00000813,0.00000812,0.00000812,429284774.00,1672511999999,3485.98957410,5,19720922.00,160.33109586,0
1672512000000,0.00000813,0.00000813,0.00000812,0.00000813,52108070.00,1672512059999,423.38662987,5,26910147.00,218.77949511,0
1672512060000,0.00000812,0.00000813,0.00000812,0.00000813,407842641.00,1672512119999,3311.71523675,10,3299183.00,26.82235779,0
1672512120000,0.00000812,0.00000813,0.00000812,0.00000812,67994248.00,1672512179999,552.44984197,7,33654821.00,273.61369473,0
1672512180000,0.00000813,0.00000813,0.00000812,0.00000812,21788794.00,1672512239999,176.96873140,5,4372412.00,35.54770956,0
1672512240000,0.00000812,0.00000812,0.00000812,0.00000812,37116005.00,1672512299999,301.38196060,3,0.00,0.00000000,0
1672512300000,0.00000812,0.00000813,0.00000812,0.00000813,73831304.00,1672512359999,599.73901152,3,22882304.00,186.03313152,0
1672512360000,0.00000812,0.00000813,0.00000812,0.00000813,165169766.00,1672512419999,1341.21366946,5,3516954.00,28.59283602,0
1672512420000,0.00000813,0.00000813,0.00000812,0.00000813,239684101.00,1672512479999,1948.49496336,8,226006324.00,1837.43141412,0
1672512480000,0.00000812,0.00000813,0.00000812,0.00000812,29936656.00,1672512539999,243.14298989,5,5734317.00,46.61999721,0
1672512540000,0.00000813,0.00000813,0.00000813,0.00000813,105892963.00,1672512599999,860.90978919,4,105892963.00,860.90978919,0
1672512600000,0.00000813,0.00000813,0.00000812,0.00000813,1118905014.00,1672512659999,9085.99878302,24,49006934.00,398.42637342,0
1672512660000,0.00000813,0.00000813,0.00000812,0.00000812,75814646.00,1672512719999,615.74503456,12,13010904.00,105.77864952,0
1672512720000,0.00000813,0.00000813,0.00000812,0.00000812,210765590.00,1672512779999,1713.18548360,10,176889280.00,1438.10984640,0
1672512780000,0.00000812,0.00000813,0.00000812,0.00000812,436223995.00,1672512839999,3543.91499434,9,177615494.00,1444.01396622,0
1672512840000,0.00000812,0.00000813,0.00000812,0.00000812,21795007.00,1672512899999,177.14489698,3,16944014.00,137.75483382,0
1672512900000,0.00000812,0.00000813,0.00000812,0.00000813,15315646.00,1672512959999,124.46820479,5,10515927.00,85.49448651,0
1672512960000,0.00000812,0.00000813,0.00000812,0.00000812,402756746.00,1672513019999,3270.85002117,14,46524365.00,378.24308745,0
1672513020000,0.00000813,0.00000813,0.00000812,0.00000812,18684724.00,1672513079999,151.82636723,3,10640835.00,86.50998855,0
1672513080000,0.00000812,0.00000812,0.00000811,0.00000811,2851046706.00,1672513139999,23147.40600296,19,703406741.00,5711.66273692,0
1672513140000,0.00000811,0.00000811,0.00000811,0.00000811,825402795.00,1672513199999,6694.01666745,24,0.00,0.00000000,0
1672513200000,0.00000811,0.00000812,0.00000811,0.00000812,100269965.00,1672513259999,813.32889462,5,13947847.00,113.25651764,0
1672513260000,0.00000811,0.00000812,0.00000811,0.00000812,235291189.00,1672513319999,1910.46838936,8,225684657.00,1832.55941484,0
1672513320000,0.00000812,0.00000812,0.00000811,0.00000812,17613101.00,1672513379999,142.91490920,4,7266009.00,58.99999308,0
1672513380000,0.00000811,0.00000812,0.00000811,0.00000811,47320913.00,1672513439999,383.82910962,7,5650519.00,45.88221428,0
1672513440000,0.00000812,0.00000812,0.00000811,0.00000811,344877289.00,1672513499999,2797.48089935,11,52608556.00,427.18147472,0
1672513500000,0.00000811,0.00000811,0.00000811,0.00000811,1512155978.00,1672513559999,12263.58498158,12,0.00,0.00000000,0
1672513560000,0.00000812,0.00000812,0.00000811,0.00000812,463752339.00,1672513619999,3761.06227416,5,3080487.00,25.01355444,0
1672513620000,0.00000812,0.00000812,0.00000811,0.00000811,318015099.00,1672513679999,2582.07207026,10,296961737.00,2411.32930444,0
1672513680000,0.00000811,0.00000812,0.00000811,0.00000812,10098087.00,1672513739999,81.91670583,2,2122026.00,17.23085112,0
1672513740000,0.00000812,0.00000812,0.00000811,0.00000811,129754948.00,1672513799999,1052.48693469,4,17430641.00,141.53680492,0
1672513800000,0.00000811,0.00000812,0.00000811,0.00000812,72485097.00,1672513859999,588.44524860,10,59111193.00,479.98288716,0
1672513860000,0.00000812,0.00000812,0.00000812,0.00000812,43215311.00,1672513919999,350.90832532,6,43215311.00,350.90832532,0
1672513920000,0.00000811,0.00000812,0.00000811,0.00000812,25273185.00,1672513979999,205.19673368,5,23120333.00,187.73710396,0
1672513980000,0.00000811,0.00000812,0.00000811,0.00000812,31513333.00,1672514039999,255.78502576,4,21189513.00,172.05884556,0
1672514040000,0.00000812,0.00000812,0.00000812,0.00000812,24491459.00,1672514099999,198.87064708,5,24491459.00,198.87064708,0
1672514100000,0.00000812,0.00000812,0.00000812,0.00000812,18304189.00,1672514159999,148.63001468,3,18304189.00,148.63001468,0
1672514160000,0.00000812,0.00000812,0.00000812,0.00000812,29133004.00,1672514219999,236.55999248,4,29133004.00,236.55999248,0
1672514220000,0.00000812,0.00000812,0.00000811,0.00000811,4644597.00,1672514279999,37.68268167,2,1500000.00,12.18000000,0
1672514280000,0.00000811,0.00000811,0.00000811,0.00000811,40090083.00,1672514339999,325.13057313,3,0.00,0.00000000,0
1672514340000,0.00000811,0.00000812,0.00000811,0.00000812,27608756.00,1672514399999,224.17006497,4,26305381.00,213.59969372,0
1672514400000,0.00000812,0.00000812,0.00000811,0.00000811,12165305.00,1672514459999,98.74478827,6,8416472.00,68.34175264,0
1672514460000,0.00000812,0.00000812,0.00000812,0.00000812,31528424.00,1672514519999,256.01080288,6,31528424.00,256.01080288,0
1672514520000,0.00000812,0.00000812,0.00000811,0.00000811,58391776.00,1672514579999,473.87878118,5,32147782.00,261.03998984,0
1672514580000,0.00000811,0.00000811,0.00000811,0.00000811,28244854.00,1672514639999,229.06576594,3,0.00,0.00000000,0
1672514640000,0.00000811,0.00000811,0.00000810,0.00000811,1467264688.00,1672514699999,11890.87376008,65,16336411.00,132.48829321,0
1672514700000,0.00000810,0.00000811,0.00000810,0.00000811,383564321.00,1672514759999,3107.42988565,10,55888555.00,453.25618105,0
1672514760000,0.00000811,0.00000811,0.00000810,0.00000810,21121451.00,1672514819999,171.25872326,5,17497016.00,141.90079976,0
1672514820000,0.00000811,0.00000811,0.00000810,0.00000810,7521597.00,1672514879999,60.97819094,3,5325524.00,43.18999964,0
1672514880000,0.00000810,0.00000811,0.00000810,0.00000811,770117959.00,1672514939999,6238.52114410,21,56567620.00,458.76339820,0
1672514940000,0.00000810,0.00000811,0.00000810,0.00000810,223153536.00,1672514999999,1807.59213344,7,4849184.00,39.32688224,0
1672515000000,0.00000810,0.00000811,0.00000810,0.00000811,295440845.00,1672515059999,2396.01167271,9,294082821.00,2385.01167831,0
1672515060000,0.00000811,0.00000811,0.00000811,0.00000811,33145626.00,1672515119999,268.81102686,6,33145626.00,268.81102686,0
1672515120000,0.00000810,0.00000811,0.00000810,0.00000811,356298605.00,1672515179999,2888.87793185,8,285923135.00,2318.83662485,0
1672515180000,0.00000811,0.00000811,0.00000810,0.00000811,184339375.00,1672515239999,1493.86405251,12,71511501.00,579.95827311,0
1672515240000,0.00000811,0.00000812,0.00000811,0.00000812,5846379799.00,1672515299999,47428.24022906,107,5844524066.00,47413.19023443,0
1672515300000,0.00000812,0.00000813,0.00000811,0.00000813,3105600032.00,1672515359999,25217.55893432,67,3030893494.00,24610.96527837,0
1672515360000,0.00000813,0.00000813,0.00000812,0.00000813,49680617.00,1672515419999,403.71296668,7,30635664.00,249.06794832,0
1672515420000,0.00000812,0.00000813,0.00000812,0.00000812,50955969.00,1672515479999,413.86302286,6,10055458.00,81.75087354,0
1672515480000,0.00000812,0.00000813,0.00000811,0.00000812,2527261748.00,1672515539999,20521.56483816,25,38045936.00,309.24872472,0
1672515540000,0.00000812,0.00000813,0.00000811,0.00000813,2021033480.00,1672515599999,16419.20559220,24,1997493239.00,16228.29423769,0
1672515600000,0.00000813,0.00000813,0.00000813,0.00000813,3118483.00,1672515659999,25.35326679,2,3118483.00,25.35326679,0
1672515660000,0.00000813,0.00000813,0.00000813,0.00000813,56438734.00,1672515719999,458.84690742,5,56438734.00,458.84690742,0
1672515720000,0.00000812,0.00000813,0.00000812,0.00000813,33034572.00,1672515779999,268.29804826,6,5732362.00,46.60410306,0
1672515780000,0.00000813,0.00000813,0.00000812,0.00000812,108646296.00,1672515839999,882.24756294,5,3963942.00,32.22684846,0
1672515840000,0.00000813,0.00000813,0.00000812,0.00000813,753962212.00,1672515899999,6122.52309569,13,34993425.00,284.49654525,0
1672515900000,0.00000813,0.00000813,0.00000812,0.00000812,47994976.00,1672515959999,390.17465855,3,45545343.00,370.28363859,0
1672515960000,0.00000812,0.00000812,0.00000812,0.00000812,164993975.00,1672516019999,1339.75107700,7,0.00,0.00000000,0
1672516020000,0.00000812,0.00000812,0.00000812,0.00000812,22241036.00,1672516079999,180.59721232,1,0.00,0.00000000,0
1672516080000,0.00000812,0.00000813,0.00000812,0.00000813,489961335.00,1672516139999,3978.54112502,12,5508482.00,44.78395866,0
1672516140000,0.00000813,0.00000813,0.00000812,0.00000813,77080014.00,1672516199999,626.07211712,9,18240344.00,148.29399672,0
1672516200000,0.00000812,0.00000813,0.00000812,0.00000813,98927576.00,1672516259999,803.30667650,4,1475938.00,11.99937594,0
1672516260000,0.00000813,0.00000813,0.00000812,0.00000813,111804565.00,1672516319999,908.71016488,6,85709708.00,696.81992604,0
1672516320000,0.00000812,0.00000813,0.00000812,0.00000813,30643969.00,1672516379999,249.01393945,8,18491117.00,150.33278121,0
1672516380000,0.00000812,0.00000813,0.00000812,0.00000812,82977006.00,1672516439999,674.54948284,9,77619412.00,631.04581956,0
1672516440000,0.00000812,0.00000813,0.00000812,0.00000813,149348304.00,1672516499999,1213.46991497,11,76168649.00,619.25111637,0
1672516500000,0.00000812,0.00000812,0.00000811,0.00000811,2662289715.00,1672516559999,21615.04575753,35,1239811.00,10.06726532,0
1672516560000,0.00000811,0.00000812,0.00000811,0.00000812,90663304.00,1672516619999,735.46679532,10,18739988.00,152.16870256,0
1672516620000,0.00000811,0.00000811,0.00000811,0.00000811,102999976.00,1672516679999,835.32980536,4,0.00,0.00000000,0
1672516680000,0.00000811,0.00000812,0.00000811,0.00000812,50612536.00,1672516739999,410.48345292,6,1578596.00,12.81819952,0
1672516740000,0.00000811,0.00000812,0.00000811,0.00000812,52554313.00,1672516799999,426.50858187,5,29310344.00,237.99999328,0
1672516800000,0.00000812,0.00000812,0.00000811,0.00000812,440141639.00,1672516859999,3573.45132405,8,390263176.00,3168.93698912,0
1672516860000,0.00000812,0.00000812,0.00000811,0.00000812,518617602.00,1672516919999,4206.29555203,13,30679981.00,249.12144572,0
1672516920000,0.00000812,0.00000812,0.00000811,0.00000812,522081441.00,1672516979999,4239.02187800,9,494139149.00,4012.40988988,0
1672516980000,0.00000811,0.00000812,0.00000811,0.00000812,53752259.00,1672517039999,436.42156367,4,49074318.00,398.48346216,0
1672517040000,0.00000811,0.00000812,0.00000811,0.00000811,73363167.00,1672517099999,595.37294269,8,39765832.00,322.89855584,0
1672517100000,0.00000812,0.00000812,0.00000811,0.00000812,126628157.00,1672517159999,1027.25063484,9,29628157.00,240.58063484,0
1672517160000,0.00000812,0.00000812,0.00000811,0.00000812,487994531.00,1672517219999,3962.49891588,10,486326947.00,3948.97480964,0
1672517220000,0.00000812,0.00000812,0.00000811,0.00000811,148270516.00,1672517279999,1203.07045766,7,59657290.00,484.41719480,0
1672517280000,0.00000812,0.00000812,0.00000811,0.00000812,81023564.00,1672517339999,657.77953091,6,67842687.00,550.88261844,0
1672517340000,0.00000811,0.00000811,0.00000811,0.00000811,36403652.00,1672517399999,295.23361772,3,0.00,0.00000000,0
1672517400000,0.00000811,0.00000812,0.00000811,0.00000811,318066017.00,1672517459999,2579.65595867,11,14056080.00,114.13536960,0
1672517460000,0.00000811,0.00000812,0.00000811,0.00000812,259709870.00,1672517519999,2106.34034338,5,9329768.00,75.75771616,0
1672517520000,0.00000811,0.00000812,0.00000811,0.00000812,33194248.00,1672517579999,269.24419898,4,3884770.00,31.54433240,0
1672517580000,0.00000811,0.00000812,0.00000811,0.00000812,279334508.00,1672517639999,2265.70334608,13,30048620.00,243.99479440,0
1672517640000,0.00000812,0.00000812,0.00000811,0.00000812,43972461.00,1672517699999,357.03471485,8,41805614.00,339.46158568,0
1672517700000,0.00000811,0.00000812,0.00000811,0.00000811,202151890.00,1672517759999,1641.16671435,6,171488645.00,1392.48779740,0
1672517760000,0.00000811,0.00000812,0.00000811,0.00000811,173741523.00,1672517819999,1409.05959248,7,1584095.00,12.86285140,0
1672517820000,0.00000812,0.00000812,0.00000811,0.00000811,177239871.00,1672517879999,1438.97552766,5,156017385.00,1266.86116620,0
1672517880000,0.00000812,0.00000812,0.00000811,0.00000811,21774782.00,1672517939999,176.68780983,5,9432781.00,76.59418172,0
1672517940000,0.00000812,0.00000812,0.00000811,0.00000811,138279427.00,1672517999999,1121.87936691,8,43321394.00,351.76971928,0
1672518000000,0.00000811,0.00000812,0.00000811,0.00000812,1060165969.00,1672518059999,8607.07690851,17,913089992.00,7414.29073504,0
1672518060000,0.00000812,0.00000812,0.00000811,0.00000811,1240216141.00,1672518119999,10070.46876994,25,1231586643.00,10000.48354116,0
1672518120000,0.00000812,0.00000812,0.00000811,0.00000812,1370351653.00,1672518179999,11114.33042389,39,77851806.00,632.15666472,0
1672518180000,0.00000812,0.00000812,0.00000812,0.00000812,353434051.00,1672518239999,2869.88449412,11,353434051.00,2869.88449412,0
1672518240000,0.00000812,0.00000812,0.00000811,0.00000812,1491949312.00,1672518299999,12101.38494517,25,167602485.00,1360.93217820,0
1672518300000,0.00000811,0.00000812,0.00000811,0.00000811,323366322.00,1672518359999,2625.46960111,17,296872969.00,2410.60850828,0
1672518360000,0.00000811,0.00000812,0.00000811,0.00000811,170750063.00,1672518419999,1385.33270642,9,54969549.00,446.35273788,0
1672518420000,0.00000811,0.00000812,0.00000811,0.00000812,43101070.00,1672518479999,349.77825761,4,22857991.00,185.60688692,0
1672518480000,0.00000812,0.00000812,0.00000811,0.00000812,71595458.00,1672518539999,581.19316604,7,55400166.00,449.84934792,0
1672518540000,0.00000812,0.00000812,0.00000811,0.00000812,435241568.00,1672518599999,3532.61153216,8,280241568.00,2275.56153216,0
1672518600000,0.00000811,0.00000812,0.00000811,0.00000811,45049882.00,1672518659999,365.56066762,8,20612460.00,167.37317520,0
1672518660000,0.00000812,0.00000812,0.00000811,0.00000811,1391888396.00,1672518719999,11293.77465773,27,555976617.00,4514.53013004,0
1672518720000,0.00000812,0.00000812,0.00000812,0.00000812,69045562.00,1672518779999,560.64996344,4,69045562.00,560.64996344,0
1672518780000,0.00000811,0.00000812,0.00000811,0.00000812,271631660.00,1672518839999,2205.33943242,17,240666982.00,1954.21589384,0
1672518840000,0.00000811,0.00000812,0.00000811,0.00000812,79923547.00,1672518899999,648.73270797,7,55274180.00,448.82634160,0
1672518900000,0.00000811,0.00000812,0.00000811,0.00000811,181139057.00,1672518959999,1469.12957818,9,9182591.00,74.56263892,0
1672518960000,0.00000812,0.00000812,0.00000811,0.00000811,43693054.00,1672519019999,354.41261321,3,6194527.00,50.29955924,0
1672519020000,0.00000811,0.00000811,0.00000811,0.00000811,57413930.00,1672519079999,465.62697230,3,0.00,0.00000000,0
1672519080000,0.00000811,0.00000812,0.00000811,0.00000812,69559428.00,1672519139999,564.22696108,3,10000000.00,81.20000000,0
1672519140000,0.00000812,0.00000812,0.00000811,0.00000811,5403528.00,1672519199999,43.83698929,3,1437721.00,11.67429452,0
1672519200000,0.00000811,0.00000811,0.00000811,0.00000811,262680391.00,1672519259999,2130.33797101,10,0.00,0.00000000,0
1672519260000,0.00000811,0.00000812,0.00000811,0.00000811,25928452.00,1672519319999,210.44429460,6,16454888.00,133.61369056,0
1672519320000,0.00000812,0.00000812,0.00000811,0.00000811,58853741.00,1672519379999,477.84561769,6,54177818.00,439.92388216,0
1672519380000,0.00000811,0.00000812,0.00000811,0.00000811,124197613.00,1672519439999,1007.25709616,5,1445473.00,11.73724076,0
1672519440000,0.00000811,0.00000812,0.00000811,0.00000811,2462158670.00,1672519499999,19992.57468071,52,2446786701.00,19867.90801212,0
1672519500000,0.00000812,0.00000812,0.00000811,0.00000812,514084552.00,1672519559999,4174.31475066,13,508903394.00,4132.29555928,0
1672519560000,0.00000812,0.00000812,0.00000811,0.00000812,107974512.00,1672519619999,876.72713581,8,105384349.00,855.72091388,0
1672519620000,0.00000812,0.00000812,0.00000811,0.00000812,53717571.00,1672519679999,435.82893825,6,17943744.00,145.70320128,0
1672519680000,0.00000812,0.00000812,0.00000811,0.00000811,52336255.00,1672519739999,424.52187332,7,7484527.00,60.77435924,0
1672519740000,0.00000812,0.00000812,0.00000812,0.00000812,78164356.00,1672519799999,634.69457072,4,78164356.00,634.69457072,0
1672519800000,0.00000812,0.00000812,0.00000811,0.00000812,132627839.00,1672519859999,1076.70537208,15,109359779.00,888.00140548,0
1672519860000,0.00000811,0.00000812,0.00000811,0.00000812,33233036.00,1672519919999,269.53224810,3,1232614.00,10.00882568,0
1672519920000,0.00000812,0.00000812,0.00000812,0.00000812,13423645.00,1672519979999,108.99999740,1,13423645.00,108.99999740,0
1672519980000,0.00000812,0.00000812,0.00000811,0.00000812,150890642.00,1672520039999,1224.84647069,7,112336407.00,912.17162484,0
1672520040000,0.00000812,0.00000812,0.00000812,0.00000812,64052091.00,1672520099999,520.10297892,6,64052091.00,520.10297892,0
1672520100000,0.00000812,0.00000812,0.00000812,0.00000812,129107041.00,1672520159999,1048.34917292,7,129107041.00,1048.34917292,0
1672520160000,0.00000811,0.00000811,0.00000811,0.00000811,218078398.00,1672520219999,1768.61580778,3,0.00,0.00000000,0
1672520220000,0.00000811,0.00000811,0.00000811,0.00000811,9929295.00,1672520279999,80.52658245,2,0.00,0.00000000,0
1672520280000,0.00000812,0.00000812,0.00000812,0.00000812,127777753.00,1672520339999,1037.55535436,5,127777753.00,1037.55535436,0
1672520340000,0.00000812,0.00000812,0.00000811,0.00000811,2693610.00,1672520399999,21.85756320,3,1238610.00,10.05751320,0
1672520400000,0.00000811,0.00000812,0.00000811,0.00000811,49674613.00,1672520459999,402.88760337,5,2649194.00,21.51145528,0
1672520460000,0.00000812,0.00000812,0.00000811,0.00000812,59447524.00,1672520519999,482.63419806,9,51477842.00,418.00007704,0
1672520520000,0.00000811,0.00000811,0.00000811,0.00000811,26027963.00,1672520579999,211.08677993,2,0.00,0.00000000,0
1672520580000,0.00000812,0.00000812,0.00000812,0.00000812,34328311.00,1672520639999,278.74588532,4,34328311.00,278.74588532,0
1672520640000,0.00000812,0.00000812,0.00000811,0.00000811,50594147.00,1672520699999,410.50915321,7,19062104.00,154.78428448,0
1672520700000,0.00000812,0.00000812,0.00000811,0.00000811,16656683.00,1672520759999,135.18562755,4,9992842.00,81.14187704,0
1672520760000,0.00000812,0.00000812,0.00000811,0.00000812,19196695.00,1672520819999,155.84529496,4,16009851.00,129.99999012,0
1672520820000,0.00000812,0.00000812,0.00000811,0.00000811,234246366.00,1672520879999,1901.70958600,9,197155774.00,1600.90488488,0
1672520880000,0.00000812,0.00000812,0.00000811,0.00000811,75327436.00,1672520939999,611.53547576,8,62996980.00,511.53547760,0
1672520940000,0.00000811,0.00000812,0.00000811,0.00000812,90063633.00,1672520999999,731.08694977,7,67088614.00,544.75954568,0
1672521000000,0.00000811,0.00000812,0.00000811,0.00000811,105270635.00,1672521059999,853.75737248,9,1252263.00,10.16837556,0
1672521060000,0.00000811,0.00000812,0.00000811,0.00000812,677815292.00,1672521119999,5497.09844470,8,1642658.00,13.33838296,0
1672521120000,0.00000812,0.00000813,0.00000812,0.00000812,1818096077.00,1672521179999,14763.14014524,50,1611606077.00,13086.44134524,0
1672521180000,0.00000812,0.00000814,0.00000812,0.00000814,1181246566.00,1672521239999,9603.52366371,30,1105338685.00,8986.46564822,0
1672521240000,0.00000814,0.00000814,0.00000814,0.00000814,68174129.00,1672521299999,554.93741006,10,68174129.00,554.93741006,0
1672521300000,0.00000814,0.00000814,0.00000813,0.00000814,100696851.00,1672521359999,819.65761042,5,99221179.00,807.66039706,0
1672521360000,0.00000814,0.00000814,0.00000812,0.00000812,1318985656.00,1672521419999,10724.24142466,24,101392238.00,825.33281732,0
1672521420000,0.00000813,0.00000813,0.00000813,0.00000813,246509010.00,1672521479999,2004.11825130,11,246509010.00,2004.11825130,0
1672521480000,0.00000812,0.00000813,0.00000812,0.00000813,9961999.00,1672521539999,80.94105187,3,4961999.00,40.34105187,0
1672521540000,0.00000813,0.00000813,0.00000813,0.00000813,2495695.00,1672521599999,20.29000035,1,2495695.00,20.29000035,0
1672521600000,0.00000813,0.00000813,0.00000813,0.00000813,11484000.00,1672521659999,93.36492000,1,11484000.00,93.36492000,0
1672521660000,0.00000812,0.00000812,0.00000812,0.00000812,1497577.00,1672521719999,12.16032524,1,0.00,0.00000000,0
1672521720000,0.00000813,0.00000813,0.00000812,0.00000812,143950532.00,1672521779999,1168.89487853,6,1655869.00,13.46221497,0
1672521780000,0.00000812,0.00000813,0.00000812,0.00000813,121017152.00,1672521839999,982.82596881,6,16669457.00,135.52268541,0
1672521840000,0.00000813,0.00000813,0.00000812,0.00000812,66130715.00,1672521899999,537.58818208,5,60677628.00,493.30911564,0
1672521900000,0.00000812,0.00000813,0.00000812,0.00000813,68647849.00,1672521959999,557.52206593,9,10153205.00,82.54555665,0
1672521960000,0.00000813,0.00000813,0.00000812,0.00000812,50203043.00,1672522019999,407.70284005,6,5413089.00,44.00841357,0
1672522020000,0.00000812,0.00000813,0.00000812,0.00000812,958287183.00,1672522079999,7781.37237649,14,8045053.00,65.40628089,0
1672522080000,0.00000813,0.00000813,0.00000812,0.00000812,119961215.00,1672522139999,974.59569310,4,51062730.00,415.13999490,0
1672522140000,0.00000812,0.00000813,0.00000812,0.00000812,57963854.00,1672522199999,471.03328306,7,36678858.00,298.19911554,0
1672522200000,0.00000812,0.00000812,0.00000812,0.00000812,0.00,1672522259999,0.00000000,0,0.00,0.00000000,0
1672522260000,0.00000812,0.00000813,0.00000812,0.00000813,59683873.00,1672522319999,485.17800006,3,54495130.00,443.04540690,0
1672522320000,0.00000813,0.00000813,0.00000813,0.00000813,84631936.00,1672522379999,688.05763968,5,84631936.00,688.05763968,0
1672522380000,0.00000812,0.00000813,0.00000812,0.00000812,355544574.00,1672522439999,2887.85870369,18,83676281.00,680.28816453,0
1672522440000,0.00000812,0.00000813,0.00000812,0.00000812,1785320037.00,1672522499999,14496.97313694,28,17443650.00,141.81687450,0
1672522500000,0.00000812,0.00000812,0.00000812,0.00000812,275913000.00,1672522559999,2240.41356000,6,275913000.00,2240.41356000,0
1672522560000,0.00000812,0.00000812,0.00000811,0.00000812,920974767.00,1672522619999,7473.38728069,13,428192032.00,3476.91929984,0
1672522620000,0.00000812,0.00000812,0.00000812,0.00000812,4757191.00,1672522679999,38.62839092,2,4757191.00,38.62839092,0
1672522680000,0.00000811,0.00000812,0.00000811,0.00000812,1322217493.00,1672522739999,10723.25435426,16,7048603.00,57.23465636,0
1672522740000,0.00000811,0.00000812,0.00000811,0.00000811,1423800758.00,1672522799999,11547.06209009,13,3794271.00,30.80948052,0
1672522800000,0.00000812,0.00000812,0.00000811,0.00000811,1264025506.00,1672522859999,10251.70786626,11,46101260.00,374.34223120,0
1672522860000,0.00000811,0.00000812,0.00000811,0.00000811,69747072.00,1672522919999,565.69318537,7,4443145.00,36.07833740,0
1672522920000,0.00000812,0.00000812,0.00000811,0.00000811,333430495.00,1672522979999,2704.24274856,17,12143411.00,98.60449732,0
1672522980000,0.00000811,0.00000812,0.00000811,0.00000812,53942578.00,1672523039999,437.53967035,4,6536277.00,53.07456924,0
1672523040000,0.00000811,0.00000811,0.00000811,0.00000811,6829400.00,1672523099999,55.38643400,2,0.00,0.00000000,0
1672523100000,0.00000812,0.00000812,0.00000811,0.00000811,156544058.00,1672523159999,1270.93775096,7,136544058.00,1108.73775096,0
1672523160000,0.00000812,0.00000812,0.00000811,0.00000812,33420627.00,1672523219999,271.27853670,4,23725173.00,192.64840476,0
1672523220000,0.00000811,0.00000812,0.00000811,0.00000812,48704514.00,1672523279999,395.40399564,3,41038710.00,333.23432520,0
1672523280000,0.00000812,0.00000812,0.00000811,0.00000812,70512184.00,1672523339999,572.27312164,7,41930940.00,340.47923280,0
1672523340000,0.00000811,0.00000812,0.00000811,0.00000812,38237398.00,1672523399999,310.29224109,7,18694331.00,151.79796772,0
1672523400000,0.00000812,0.00000812,0.00000811,0.00000811,51655451.00,1672523459999,419.38107950,4,45537189.00,369.76197468,0
1672523460000,0.00000811,0.00000812,0.00000811,0.00000811,50301322.00,1672523519999,408.06687412,6,12315270.00,99.99999240,0
1672523520000,0.00000811,0.00000811,0.00000811,0.00000811,1314535276.00,1672523579999,10660.88108836,25,528896285.00,4289.34887135,0
1672523580000,0.00000811,0.00000811,0.00000810,0.00000810,46546910.00,1672523639999,377.11996473,4,8999373.00,72.98491503,0
1672523640000,0.00000810,0.00000810,0.00000810,0.00000810,5084658.00,1672523699999,41.18572980,1,0.00,0.00000000,0
1672523700000,0.00000811,0.00000811,0.00000810,0.00000811,218476711.00,1672523759999,1771.67796831,14,201660921.00,1635.47006931,0
1672523760000,0.00000811,0.00000812,0.00000811,0.00000812,479191404.00,1672523819999,3886.76869132,17,476614339.00,3865.86869417,0
1672523820000,0.00000811,0.00000811,0.00000810,0.00000810,3078769394.00,1672523879999,24968.15805695,26,0.00,0.00000000,0
1672523880000,0.00000811,0.00000811,0.00000810,0.00000810,25977062.00,1672523939999,210.65202867,5,23782647.00,192.87726717,0
1672523940000,0.00000810,0.00000811,0.00000810,0.00000811,76093765.00,1672523999999,616.44788650,10,8839000.00,71.68429000,0
1672524000000,0.00000811,0.00000811,0.00000810,0.00000810,724616593.00,1672524059999,5875.60535911,11,621095581.00,5037.08516191,0
1672524060000,0.00000810,0.00000810,0.00000810,0.00000810,64197216.00,1672524119999,519.99744960,4,0.00,0.00000000,0
1672524120000,0.00000811,0.00000811,0.00000810,0.00000810,16790092.00,1672524179999,136.08371153,3,8396633.00,68.09669363,0
1672524180000,0.00000810,0.00000811,0.00000810,0.00000811,472113407.00,1672524239999,3828.01471670,12,389612000.00,3159.75332000,0
1672524240000,0.00000810,0.00000811,0.00000810,0.00000810,140640499.00,1672524299999,1139.26647371,8,7843181.00,63.60819791,0
1672524300000,0.00000810,0.00000811,0.00000810,0.00000811,373544148.00,1672524359999,3028.98771656,8,328011776.00,2660.17550336,0
1672524360000,0.00000810,0.00000811,0.00000810,0.00000810,84750519.00,1672524419999,686.49153792,6,1233402.00,10.00289022,0
1672524420000,0.00000811,0.00000811,0.00000810,0.00000811,212733875.00,1672524479999,1725.15425186,4,200986436.00,1629.99999596,0
1672524480000,0.00000810,0.00000811,0.00000810,0.00000810,662759131.00,1672524539999,5371.19096151,20,284200041.00,2304.86233251,0
1672524540000,0.00000811,0.00000812,0.00000811,0.00000812,7664827602.00,1672524599999,62163.98692857,52,7635593437.00,61926.89785042,0
1672524600000,0.00000812,0.00000812,0.00000811,0.00000811,138089621.00,1672524659999,1120.09964874,4,19282243.00,156.57181316,0
1672524660000,0.00000812,0.00000812,0.00000812,0.00000812,21301295.00,1672524719999,172.96651540,1,21301295.00,172.96651540,0
1672524720000,0.00000812,0.00000812,0.00000811,0.00000811,389410948.00,1672524779999,3158.84986663,12,72707835.00,590.38762020,0
1672524780000,0.00000812,0.00000812,0.00000812,0.00000812,26589172.00,1672524839999,215.90407664,3,26589172.00,215.90407664,0
1672524840000,0.00000811,0.00000811,0.00000811,0.00000811,36861388.00,1672524899999,298.94585668,2,0.00,0.00000000,0
1672524900000,0.00000811,0.00000812,0.00000811,0.00000811,106420674.00,1672524959999,863.60928934,6,53762320.00,436.55003840,0
1672524960000,0.00000812,0.00000812,0.00000812,0.00000812,70497173.00,1672525019999,572.43704476,4,70497173.00,572.43704476,0
1672525020000,0.00000811,0.00000811,0.00000811,0.00000811,3053300166.00,1672525079999,24762.26434626,43,5685465.00,46.10912115,0
1672525080000,0.00000811,0.00000811,0.00000809,0.00000810,1771599288.00,1672525139999,14348.15251107,41,120170689.00,973.99961094,0
1672525140000,0.00000810,0.00000810,0.00000809,0.00000810,88848936.00,1672525199999,719.60638692,8,81849468.00,662.98069080,0
1672525200000,0.00000810,0.00000810,0.00000809,0.00000809,443629801.00,1672525259999,3591.05675870,8,209166861.00,1694.25157410,0
1672525260000,0.00000810,0.00000810,0.00000809,0.00000809,17979312.00,1672525319999,145.48026312,5,2762904.00,22.37952240,0
1672525320000,0.00000809,0.00000810,0.00000809,0.00000810,14660604.00,1672525379999,118.64100240,2,3671604.00,29.73999240,0
1672525380000,0.00000809,0.00000810,0.00000809,0.00000810,40114045.00,1672525439999,324.59669812,4,7407407.00,59.99999670,0
1672525440000,0.00000810,0.00000810,0.00000810,0.00000810,37675454.00,1672525499999,305.17117740,2,37675454.00,305.17117740,0
1672525500000,0.00000810,0.00000810,0.00000809,0.00000809,57707387.00,1672525559999,467.28112411,9,42836328.00,346.97425680,0
1672525560000,0.00000809,0.00000810,0.00000809,0.00000809,113895798.00,1672525619999,921.74452685,7,32752103.00,265.29203430,0
1672525620000,0.00000810,0.00000810,0.00000809,0.00000810,40960957.00,1672525679999,331.74131263,4,36717050.00,297.40810500,0
1672525680000,0.00000809,0.00000810,0.00000809,0.00000810,128153164.00,1672525739999,1037.13778702,11,37869026.00,306.73911060,0
1672525740000,0.00000809,0.00000810,0.00000809,0.00000810,72508127.00,1672525799999,587.29011795,8,69937052.00,566.49012120,0
1672525800000,0.00000809,0.00000810,0.00000809,0.00000809,128943177.00,1672525859999,1044.10050355,16,95020162.00,769.66331220,0
1672525860000,0.00000810,0.00000810,0.00000809,0.00000809,102159448.00,1672525919999,827.40295846,10,93302414.00,755.74955340,0
1672525920000,0.00000810,0.00000811,0.00000810,0.00000811,3031834132.00,1672525979999,24561.97594708,48,2865524612.00,23214.86883508,0
1672525980000,0.00000810,0.00000811,0.00000810,0.00000811,695585799.00,1672526039999,5634.99362781,11,74865591.00,607.15994301,0
1672526040000,0.00000810,0.00000811,0.00000810,0.00000810,435144068.00,1672526099999,3525.53026402,9,86331322.00,700.14702142,0
1672526100000,0.00000810,0.00000811,0.00000810,0.00000811,95005142.00,1672526159999,770.25582487,9,71417467.00,579.19565737,0
1672526160000,0.00000811,0.00000811,0.00000810,0.00000810,635760763.00,1672526219999,5150.14884053,17,104019657.00,843.04588193,0
1672526220000,0.00000810,0.00000810,0.00000809,0.00000809,96537290.00,1672526279999,781.57876868,6,59209258.00,479.59498980,0
1672526280000,0.00000809,0.00000810,0.00000809,0.00000810,48771823.00,1672526339999,395.03694632,4,47289825.00,383.04758250,0
1672526340000,0.00000809,0.00000810,0.00000809,0.00000810,52411124.00,1672526399999,424.49744749,5,49145433.00,398.07800730,0
1672526400000,0.00000810,0.00000810,0.00000809,0.00000810,44495769.00,1672526459999,360.37906515,6,40829394.00,330.71809140,0
1672526460000,0.00000810,0.00000810,0.00000809,0.00000810,255068906.00,1672526519999,2065.92047210,8,241302256.00,1954.54827360,0
1672526520000,0.00000809,0.00000810,0.00000809,0.00000810,166504027.00,1672526579999,1347.54620259,4,52862416.00,428.18556960,0
1672526580000,0.00000810,0.00000810,0.00000809,0.00000809,38353347.00,1672526639999,310.60444718,7,32586995.00,263.95465950,0
1672526640000,0.00000809,0.00000810,0.00000809,0.00000810,4502868404.00,1672526699999,36442.53567731,62,1433028895.00,11607.53404950,0
1672526700000,0.00000810,0.00000810,0.00000809,0.00000810,110999052.00,1672526759999,899.05528417,7,107295349.00,869.09232690,0
1672526760000,0.00000809,0.00000810,0.00000809,0.00000809,62173603.00,1672526819999,503.37019244,7,38574417.00,312.45277770,0
1672526820000,0.00000810,0.00000810,0.00000810,0.00000810,166488042.00,1672526879999,1348.55314020,5,166488042.00,1348.55314020,0
1672526880000,0.00000810,0.00000810,0.00000810,0.00000810,335796473.00,1672526939999,2719.95143130,24,335796473.00,2719.95143130,0
1672526940000,0.00000810,0.00000810,0.00000809,0.00000810,175286582.00,1672526999999,1419.78824385,8,171979547.00,1393.03433070,0
1672527000000,0.00000809,0.00000810,0.00000808,0.00000808,1998432427.00,1672527059999,16153.43390087,85,419793990.00,3393.24658429,0
1672527060000,0.00000808,0.00000809,0.00000808,0.00000808,1304889966.00,1672527119999,10553.80440211,51,1293493250.00,10461.71893683,0
1672527120000,0.00000809,0.00000809,0.00000808,0.00000808,138434913.00,1672527179999,1119.43404653,7,87994949.00,711.87913741,0
1672527180000,0.00000809,0.00000809,0.00000809,0.00000809,86594745.00,1672527239999,700.55148705,7,86594745.00,700.55148705,0
1672527240000,0.00000809,0.00000809,0.00000808,0.00000809,250498959.00,1672527299999,2025.14662347,14,111503475.00,902.06311275,0
1672527300000,0.00000808,0.00000809,0.00000808,0.00000809,132145032.00,1672527359999,1068.75965791,8,102779935.00,831.48967415,0
1672527360000,0.00000809,0.00000809,0.00000808,0.00000808,795150548.00,1672527419999,6428.06199764,17,324556980.00,2625.66596820,0
1672527420000,0.00000809,0.00000809,0.00000808,0.00000809,70636738.00,1672527479999,571.37583172,6,63098868.00,510.46984212,0
1672527480000,0.00000808,0.00000809,0.00000808,0.00000809,52566700.00,1672527539999,425.09077737,6,35184137.00,284.63966833,0
1672527540000,0.00000809,0.00000809,0.00000808,0.00000809,2119849215.00,1672527599999,17132.42270526,22,404104806.00,3269.20788054,0
1672527600000,0.00000809,0.00000809,0.00000808,0.00000808,114378313.00,1672527659999,924.71452840,5,53775936.00,435.04732224,0
1672527660000,0.00000809,0.00000809,0.00000808,0.00000808,1643559812.00,1672527719999,13280.39192860,43,110364971.00,892.17761332,0
1672527720000,0.00000808,0.00000809,0.00000808,0.00000808,1774396439.00,1672527779999,14338.21230712,30,1753502405.00,14169.38851240,0
1672527780000,0.00000809,0.00000809,0.00000808,0.00000808,96052703.00,1672527839999,776.81755956,12,71171932.00,575.78092988,0
1672527840000,0.00000808,0.00000809,0.00000808,0.00000809,61354244.00,1672527899999,496.24260404,4,50031252.00,404.75282868,0
1672527900000,0.00000809,0.00000809,0.00000808,0.00000809,55830262.00,1672527959999,451.60254469,7,49402773.00,399.66843357,0
1672527960000,0.00000808,0.00000809,0.00000808,0.00000809,79902399.00,1672528019999,646.26463158,7,65324766.00,528.47735694,0
1672528020000,0.00000809,0.00000809,0.00000808,0.00000808,31484001.00,1672528079999,254.51247619,4,12174811.00,98.49422099,0
1672528080000,0.00000808,0.00000809,0.00000808,0.00000808,1886021156.00,1672528139999,15239.67462803,28,364769673.00,2947.96264539,0
1672528140000,0.00000807,0.00000808,0.00000806,0.00000807,1505164404.00,1672528199999,12146.51198113,75,84085237.00,678.67024869,0
1672528200000,0.00000806,0.00000807,0.00000806,0.00000807,5893646.00,1672528259999,47.54187211,3,3908535.00,31.54187745,0
1672528260000,0.00000807,0.00000807,0.00000806,0.00000807,84368108.00,1672528319999,680.83132472,6,82437424.00,665.27001168,0
1672528320000,0.00000807,0.00000807,0.00000806,0.00000806,122874866.00,1672528379999,991.11791693,11,74649697.00,602.42305479,0
1672528380000,0.00000806,0.00000808,0.00000806,0.00000808,1716171678.00,1672528439999,13850.72215521,24,1709385277.00,13796.02376315,0
1672528440000,0.00000808,0.00000808,0.00000807,0.00000808,581506094.00,1672528499999,4698.38262411,25,562844553.00,4547.78398824,0
1672528500000,0.00000808,0.00000809,0.00000807,0.00000808,2575318711.00,1672528559999,20796.65183652,30,1374129136.00,11103.01551062,0
1672528560000,0.00000809,0.00000809,0.00000808,0.00000808,186443644.00,1672528619999,1507.59196117,7,112731765.00,911.99997885,0
1672528620000,0.00000809,0.00000809,0.00000808,0.00000808,1202168188.00,1672528679999,9713.55233357,10,3337453.00,26.99999477,0
1672528680000,0.00000809,0.00000809,0.00000809,0.00000809,158905690.00,1672528739999,1285.54703210,3,158905690.00,1285.54703210,0
1672528740000,0.00000809,0.00000809,0.00000807,0.00000808,824176214.00,1672528799999,6660.79707036,19,349303141.00,2823.86778337,0
1672528800000,0.00000808,0.00000809,0.00000808,0.00000809,1701707147.00,1672528859999,13752.09754515,21,1701707147.00,13752.09754515,0
1672528860000,0.00000809,0.00000809,0.00000809,0.00000809,1483312.00,1672528919999,11.99999408,1,1483312.00,11.99999408,0
1672528920000,0.00000809,0.00000809,0.00000809,0.00000809,11626125.00,1672528979999,94.05535125,1,11626125.00,94.05535125,0
1672528980000,0.00000808,0.00000808,0.00000808,0.00000808,12919709.00,1672529039999,104.39124872,1,0.00,0.00000000,0
1672529040000,0.00000808,0.00000808,0.00000808,0.00000808,1248873.00,1672529099999,10.09089384,1,0.00,0.00000000,0
1672529100000,0.00000809,0.00000809,0.00000809,0.00000809,20294570.00,1672529159999,164.18307130,3,20294570.00,164.18307130,0
1672529160000,0.00000809,0.00000809,0.00000808,0.00000808,28393993.00,1672529219999,229.57052055,5,14705711.00,118.96920199,0
1672529220000,0.00000809,0.00000809,0.00000809,0.00000809,1563226.00,1672529279999,12.64649834,1,1563226.00,12.64649834,0
1672529280000,0.00000809,0.00000809,0.00000809,0.00000809,17207045.00,1672529339999,139.20499405,2,17207045.00,139.20499405,0
1672529340000,0.00000809,0.00000809,0.00000809,0.00000809,4876008.00,1672529399999,39.44690472,2,4876008.00,39.44690472,0
1672529400000,0.00000809,0.00000809,0.00000808,0.00000808,21135548.00,1672529459999,170.97253301,6,19730517.00,159.61988253,0
1672529460000,0.00000809,0.00000809,0.00000808,0.00000808,203250888.00,1672529519999,1642.40345777,6,13628273.00,110.25272857,0
1672529520000,0.00000808,0.00000809,0.00000808,0.00000808,309629142.00,1672529579999,2502.72229454,7,91882718.00,743.33118862,0
1672529580000,0.00000808,0.00000808,0.00000808,0.00000808,8000000.00,1672529639999,64.64000000,1,0.00,0.00000000,0
1672529640000,0.00000808,0.00000809,0.00000808,0.00000809,380852765.00,1672529699999,3080.34351349,9,305317229.00,2470.01638261,0
1672529700000,0.00000809,0.00000810,0.00000809,0.00000809,1223905607.00,1672529759999,9901.57780786,31,1053418474.00,8522.33690189,0
1672529760000,0.00000810,0.00000810,0.00000809,0.00000810,45894630.00,1672529819999,371.61877886,5,33122216.00,268.28994960,0
1672529820000,0.00000810,0.00000810,0.00000809,0.00000809,27141514.00,1672529879999,219.60541216,4,3056390.00,24.75675900,0
1672529880000,0.00000809,0.00000810,0.00000809,0.00000810,592024239.00,1672529939999,4790.88426100,5,140816749.00,1140.61566690,0
1672529940000,0.00000809,0.00000810,0.00000809,0.00000810,337203622.00,1672529999999,2728.02024702,10,4294504.00,34.78548240,0
1672530000000,0.00000810,0.00000810,0.00000809,0.00000809,13085236.00,1672530059999,105.89041160,3,3085236.00,24.99041160,0
1672530060000,0.00000809,0.00000809,0.00000809,0.00000809,6792339.00,1672530119999,54.95002251,2,0.00,0.00000000,0
1672530120000,0.00000810,0.00000810,0.00000810,0.00000810,4621634.00,1672530179999,37.43523540,2,4621634.00,37.43523540,0
1672530180000,0.00000809,0.00000810,0.00000809,0.00000809,128028742.00,1672530239999,1035.83003458,6,7751180.00,62.78455800,0
1672530240000,0.00000809,0.00000810,0.00000809,0.00000810,119190529.00,1672530299999,964.29502188,5,4364227.00,35.35023870,0
1672530300000,0.00000809,0.00000810,0.00000809,0.00000810,71294789.00,1672530359999,577.40447263,3,62962962.00,509.99999220,0
1672530360000,0.00000810,0.00000810,0.00000809,0.00000810,67374333.00,1672530419999,545.60819145,7,54983748.00,445.36835880,0
1672530420000,0.00000810,0.00000810,0.00000809,0.00000809,164123198.00,1672530479999,1329.38546250,4,162879068.00,1319.32045080,0
1672530480000,0.00000810,0.00000810,0.00000809,0.00000809,12330469.00,1672530539999,99.80159421,3,4810000.00,38.96100000,0
1672530540000,0.00000809,0.00000810,0.00000808,0.00000808,2796214994.00,1672530599999,22618.16779481,38,55946281.00,452.82146924,0
1672530600000,0.00000809,0.00000809,0.00000808,0.00000809,239085198.00,1672530659999,1932.87452544,8,106612560.00,862.49561040,0
1672530660000,0.00000809,0.00000809,0.00000808,0.00000808,70417443.00,1672530719999,569.36693195,5,39399251.00,318.73994059,0
1672530720000,0.00000808,0.00000809,0.00000808,0.00000809,17901158.00,1672530779999,144.79023743,4,14888079.00,120.44455911,0
1672530780000,0.00000809,0.00000809,0.00000808,0.00000808,29550261.00,1672530839999,239.01332766,3,24721878.00,199.99999302,0
1672530840000,0.00000808,0.00000809,0.00000808,0.00000809,135443169.00,1672530899999,1094.53523721,4,15443169.00,124.93523721,0
1672530900000,0.00000808,0.00000809,0.00000808,0.00000808,29998937.00,1672530959999,242.40446424,7,1305328.00,10.56010352,0
1672530960000,0.00000808,0.00000808,0.00000808,0.00000808,251662468.00,1672531019999,2033.43274144,7,0.00,0.00000000,0
1672531020000,0.00000808,0.00000808,0.00000808,0.00000808,1035768637.00,1672531079999,8369.01058696,22,115949080.00,936.86856640,0
1672531080000,0.00000808,0.00000808,0.00000808,0.00000808,26379234.00,1672531139999,213.14421072,3,26379234.00,213.14421072,0
1672531140000,0.00000807,0.00000809,0.00000807,0.00000808,3039719252.00,1672531199999,24561.01237108,42,2955311905.00,23879.72019240,0
